290.77807929
49.5523549546
248.97957537
121.167958438
290.083840263
21.0687282423
180.717356072
358.287583403
188.376703481
357.418528769
100.084435677
341.201762292
268.010906562
280.755929309
275.212510849
57.3908680642
357.851426974
245.521013013
279.450265348
359.855807488
160.773790373
159.154013714
351.667480594
100.541309702
149.308043752
135.39045478
103.990690454
40.511673546
121.194326442
24.324137907
163.927914722
324.194424896
88.2774400739
198.558340531
30.8078553565
49.722124501
248.410428595
29.1760436093
352.539610207
346.581156008
63.5053147923
7.35170165125
310.966753967
249.700593376
261.759784362
174.479850362
173.926552942
285.391835574
303.7212992
311.443427643
256.638448765
192.910063011
19.9172382129
6.1650741658
332.021506927
304.734258468
115.0680409
108.680323486
8.45344401543
113.642474716
267.709111493
322.334109446
282.291444006
308.35958592
302.827257314
130.539316913
228.268588004
109.60219245
137.955776754
59.9875099449
236.42842546
204.427499674
308.434510038
68.5848060787
195.876505074
298.565648
244.389763248
150.668114266
29.1574714452
53.2013561484
18.2610349558
306.210198148
90.6270338565
91.3833818879
78.1498532373
341.539952349
4.44001436087
343.369612038
310.283840743
15.8995205544
30.5198802147
249.23425132
300.069653656
312.896087076
30.2308840498
164.96222222
167.021095454
331.652247719
214.202842492
316.816950349
103.843541975
35.9953644282
129.097530686
225.383099688
216.518965109
203.392503795
1.886106211
240.275992476
27.9846830657
308.780873143
278.527241852
211.440360234
275.836803067
160.496317932
203.246889474
275.190381505
328.469914413
104.819200965
229.222764633
286.524404763
104.307287683
333.750655357
351.975324749
122.342720905
231.637400381
165.485882451
229.27884305
329.3531898
64.0471922368
243.015925505
52.2758241579
251.181623191
327.928414845
194.613050132
138.994882614
61.992020488
89.9482298321
31.6641418867
188.507524563
59.4395823798
172.570386895
217.032613861
76.2614516719
343.101638716
7.64803727405
129.517356155
83.3057933062
297.592328853
338.683262902
329.304736876
200.337318813
269.396722054
75.0947738571
358.260063507
154.809423696
275.317646964
35.968687589
168.240177044
235.728968723
0.799206465384
235.307098472
258.174035301
359.617524921
241.846818251
68.4746083404
120.73050811
104.035711883
99.3363305105
72.4145706225
206.925239715
116.56065399
174.542909234
199.416469021
238.240345157
41.2318504297
245.697567054
329.121950085
24.9750199664
288.203769445
48.9072828635
332.834259246
83.6611266388
239.030246063
113.666516952
170.261418726
188.581772923
318.308192649
286.857182187
315.573295248
44.1472442036
173.4413913
223.129003431
74.0493834031
93.9426369645
143.678050342
209.699075641
356.42247563
22.4218864032
83.5126736333
105.600094664
30.0832376324
81.0600343384
270.12029101
325.664657455
325.764642477
165.192068651
303.423811924
317.763872401
38.180775327
273.489123617
181.716948549
233.83796123
348.908764964
12.3967294387
335.044213583
333.006309517
167.639528119
262.377757482
201.234219919
312.369569734
257.62889262
280.684393876
51.5136897375
232.395993835
308.044197522
78.0527975279
28.1924264334
221.08199087
48.1368860847
12.3967294387
335.044213583
333.006309517
167.639528119
262.377708936
201.234219919
312.369569734
257.62889262
280.684393876
51.5136897375
232.395993835
308.044197522
78.0527975279
28.1924264334
221.08199087
48.1368533988
308.017351467
308.017351467
308.017351467
308.017351467
