2.17138996094
41.9061641568
332.091876148
330.077013972
261.340709278
85.6715829168
126.72139016
179.863056385
310.621736962
329.879636496
175.597215119
5.52819356757
119.17633503
25.6982680114
178.837663004
60.2772932831
179.543516611
261.946388013
182.301427575
228.899168517
227.817963888
84.9252794168
234.530338933
146.563972402
359.483650564
10.6815506231
257.782634985
205.052219725
174.126920629
156.397563641
230.565566562
2.81445158954
14.0519415646
228.103655744
285.921615168
99.7150189806
301.176694246
125.818012939
38.6681802394
246.998625937
121.670989214
266.385692697
195.024478208
244.525259959
298.552137879
166.929800113
14.9997413328
49.6752142235
131.23384489
70.2964416399
295.766763302
95.3476760317
313.181569013
9.82584834385
190.338334095
236.974644072
6.43252604602
148.082261771
215.326289535
230.026291118
316.44401701
257.952516652
244.813252188
109.554884232
8.31907720659
260.038028917
160.299792312
88.480414072
238.239846165
97.2436919841
112.380548316
323.54331944
329.42824048
72.1093268321
313.84422479
51.0786055341
122.357572115
190.056864055
235.245674875
14.763139227
193.320526575
99.221458026
41.570050735
83.3636855472
181.766340576
167.902976643
218.603311691
302.733250165
207.644118004
130.375946489
128.948398003
36.0678428171
281.556999783
49.2344760034
341.393552571
129.741108715
33.5345694382
72.678503839
323.15321036
359.322613068
85.3761495274
18.0344136405
58.8569721089
274.277630467
134.660352703
302.923167662
261.952541418
89.3986324911
303.107845487
239.102433305
232.8813037
245.090120864
18.154641904
9.45815932564
349.238489534
51.5508456397
94.5117000394
184.103266127
75.3221521735
258.100263072
310.055952572
302.764864932
40.6486206342
51.5641706606
190.291369054
180.014889418
289.347249559
274.820850164
144.377817454
214.208520408
100.442950017
198.698336512
340.890750335
55.6064659333
5.31563387395
359.530487945
54.5907177651
253.104225997
231.645217843
208.987744594
117.272868616
280.67058648
151.885208338
230.070760736
69.6804175963
333.335209827
105.85955044
136.257857602
119.966123471
200.745690606
181.334806467
349.025981671
226.369092768
302.992965684
184.831393335
196.269645782
29.91095747
249.230244286
233.932269719
288.643275017
58.0631056803
131.373519737
293.107409242
246.994796832
46.6753179886
176.062369319
129.736730741
133.518964553
298.289108121
160.060601695
173.222555965
54.5533988321
181.639138266
253.570590889
304.559881422
237.58418371
347.719985817
334.62622918
291.616028022
89.5121572497
120.2338631
192.42150542
14.4351317698
301.416649443
7.8374751872
148.543707005
27.7495505862
268.376246915
167.300502995
316.042734748
315.763947404
4.95278578836
282.945726648
93.7027963485
238.501922458
263.366273646
335.018521512
301.406291913
92.3991720195
312.061959971
349.076017471
314.684180573
325.17009169
49.1643990027
237.860583883
228.436819172
246.625202162
322.461699901
76.1654861339
176.836431491
290.922009804
248.547933751
203.581193712
77.5513924056
91.8604708697
92.941611808
141.816004393
110.519827374
144.694411996
182.684950116
129.669470559
24.1972551294
252.291271747
115.931032963
204.44386155
343.910429373
5.10112466553
344.902365804
183.836600604
141.816004393
110.519827374
144.694411996
182.684950116
129.669470559
24.1972551294
252.291271747
115.931032963
204.443906139
343.910429373
5.10112466553
344.902365804
183.836600604
153.301160259
153.301160259
153.301160259
153.301160259
