331.92926188
15.50911719
28.5714302685
12.1103422339
310.347340193
141.757417752
180.34672047
153.867306523
51.6544449691
215.813590175
254.448748949
116.960155138
193.096699656
99.8488571747
234.698163945
323.686838636
310.802440333
146.02084682
65.5909010983
45.5601275721
92.9073803922
203.499935144
86.9124769698
72.0841380478
149.895456649
67.4126981512
221.328785431
108.543773743
244.640427307
199.928494529
91.4106466773
100.157757935
228.043760951
282.495914988
132.092645183
143.993724661
316.628377078
8.6604429592
24.5983601835
272.945743168
20.1128849676
203.408826159
108.864320237
107.027029083
257.846169128
213.868381127
339.784652775
6.0774604388
278.816379319
173.864808727
35.3454664721
348.70888939
222.334977607
273.580397776
185.470475942
73.146037172
280.198939325
251.895713236
295.543091757
44.6427847805
271.20848427
97.4565867886
38.7041885389
163.744522931
218.652797818
284.047932406
333.539068561
178.563117061
342.217356704
34.256304886
152.570676922
37.4352252851
294.353096067
309.431438286
83.8875662516
334.146051987
110.465999321
17.0878281849
292.846439549
173.351899656
103.893647712
5.99797074057
65.98746278
327.301415612
64.7253835055
250.593948666
13.7234202516
116.55315741
302.087845539
52.4364876091
341.541549579
167.233714064
288.077956159
260.940526605
314.426157081
131.865978045
42.058508758
45.4995259585
359.983837131
178.726359261
312.427276324
196.125094742
260.934724945
21.055980264
338.618911615
291.972883425
83.1913783526
189.337673151
253.234308512
232.739962168
308.630936603
23.8544654484
118.413884108
27.0776727582
26.9529814357
337.780009552
319.123852497
240.340715789
274.776054481
46.7366885527
103.14814544
285.055420384
261.272225664
35.098125899
98.5457530664
161.855948398
321.740824326
268.877441422
88.1165816353
197.595829922
233.29386179
317.325730246
49.9603679817
121.038362885
58.9475087471
341.773648387
308.823897889
141.226020613
341.809535104
281.781932886
40.3563208955
329.378240248
183.851127972
338.529666099
207.13403359
101.485647654
256.571746979
61.0297744237
216.419438605
241.830230386
252.04933797
174.380717394
250.217791911
282.935478305
115.138298398
139.239597268
95.0723083887
296.667823923
122.419280678
254.158697696
148.042924255
173.086388904
1.05054638456
181.72077155
341.458575162
178.518384969
327.937357524
237.795764037
328.214431805
56.9999566648
80.4297548026
356.385593777
47.8157441001
176.881869133
2.62753320196
183.658943632
165.44797477
14.902000194
267.895500887
299.711140636
196.724818738
212.332773491
146.264887387
344.016685109
243.037052194
313.828667239
74.8525485129
296.913498894
324.013962062
194.092671717
287.51552189
227.446627511
63.8368428732
331.56921339
119.912497424
242.369508487
231.988875181
8.8322416259
219.542308831
80.764881402
264.817095821
324.642528309
75.7128412762
132.431198193
183.627203269
57.5842522937
22.8225455246
289.973519816
287.330578613
38.1443413766
4.46949983051
333.480782567
240.968235225
284.296525256
217.44951764
354.687884784
140.865476903
165.552003131
87.186383646
152.619651175
211.536832684
44.4287376256
176.069192776
310.476048205
14.7597263926
264.068781505
155.628488035
221.20946891
19.1856895697
284.296525256
217.44951764
354.687884784
140.865476903
165.552003131
87.186383646
152.619651175
211.536832684
44.4287026491
176.069192776
310.476048205
14.7597263926
264.068781505
155.628443421
221.20946891
19.1856895697
124.896443253
124.896443253
124.896443253
124.896443253
