225.274761626
58.1694906685
142.466584858
286.942750548
174.578320711
123.087272879
124.50892659
186.186425953
170.114155026
276.286296521
39.003576037
20.2608165438
150.317491335
69.2361703516
283.135470512
140.055855289
335.433750116
213.664060663
327.490914308
189.417597375
350.361850098
32.5682501271
89.3748274787
304.289051634
270.497063538
141.018792209
177.311569352
221.470280456
229.551815714
114.3438216
155.885625411
291.353970124
86.4449984758
56.4612058485
55.5901704608
114.966633745
258.424583303
348.045800695
20.2352363844
311.572220741
200.578727235
260.64976574
95.9285818122
355.133538676
347.831192885
115.846357707
300.834446921
106.253626911
222.701444588
1.3547704397
314.739386185
231.676679316
159.161640222
145.976110018
111.21764903
199.526856661
208.232286353
140.69359435
35.7183480912
272.069198564
347.874431799
221.326841095
291.194135814
172.142771714
179.196740627
1.8882135585
257.562146797
213.213869278
205.930364574
311.412835823
155.835783194
234.513635972
131.090764711
297.287808307
280.246787166
340.322782329
279.681151878
189.981367177
66.7986987445
264.160194857
60.9814007784
181.171350892
261.74476526
329.856158143
316.220375534
111.335455368
228.731107563
171.490496196
211.303520019
7.3502482982
345.10539961
301.163015216
126.318519728
78.0176658144
345.667789956
43.2176132457
233.644837786
283.976129741
70.5622507073
218.31699086
251.794565729
240.784767883
38.6479501772
222.099499372
176.379656023
315.943032699
125.091657786
267.524303386
218.170789556
310.168484958
43.5531629011
226.001146658
247.942404625
163.675140627
273.144130922
232.353097625
218.308641792
1.07543265359
284.185806207
354.626150356
225.935304628
132.721781413
217.124742805
32.4109723196
330.670866332
179.740462616
351.17331145
204.714734373
349.1359187
227.84914525
35.5519830237
182.649450395
57.0405151225
339.076747925
113.619971457
34.3944510116
153.959530082
40.6349383883
178.204845144
0.899769846813
297.161614737
223.291684843
92.8437750802
69.6722889398
151.202833581
306.8290962
197.320179902
346.318566818
284.049298494
2.94063133149
39.1108482384
207.20653922
318.679673955
160.574136168
175.549464743
81.2973498655
48.2988619315
168.815313147
286.739303057
259.208994899
83.8274434731
261.580481
77.2706400704
264.580004599
214.537519309
143.381719815
289.935115992
32.0339453293
173.597845494
270.732100021
249.44220064
87.8157702177
105.641746514
178.247696762
314.704718173
356.467388039
135.216820043
50.9851625911
268.12158729
125.557424688
100.548303515
94.5842696541
16.2326580409
80.7528920273
66.0334455941
173.698552544
321.750923539
355.477932047
71.898288239
27.9911798915
230.444631801
257.815106547
49.8715188674
137.952831511
315.080036739
288.165377359
172.877649826
81.2933467767
310.064399746
353.530717353
332.459700995
101.015082228
110.815338008
195.360926957
202.158274529
136.348592782
58.0183116972
261.440174906
350.601543228
91.8178934625
220.488277506
317.333789126
123.903706064
59.0501408085
3.19892129628
214.208286706
257.793463154
310.889926642
250.607115786
147.939626321
197.522338359
99.3678239585
296.919632178
114.574602633
85.2033409262
190.97795672
340.595273121
211.513552041
316.397076315
3.19892129628
214.208286706
257.793463154
310.889926642
250.607115786
147.939626321
197.522338359
99.3678239585
296.919632178
114.574602633
85.2033409262
190.97795672
340.595319317
211.513552041
316.397076315
269.170668947
269.170668947
269.170717211
269.17071792
