303.876559668
260.670666711
153.882267366
144.154613247
108.742385685
35.4169860901
23.8721145416
231.475367475
194.182272215
267.231595469
108.684075449
148.551516955
186.234708043
11.1516824767
29.7744970262
154.624900838
19.174128673
352.22987848
67.1973737803
17.0057855987
62.3645629304
354.612079104
198.937922107
253.510135028
127.541769387
104.504152252
128.620128344
104.984142357
349.798294264
338.81433759
165.408309387
187.0199154
72.013775815
271.219262806
117.000240027
7.91928414604
97.9376276733
78.5063293343
141.782851905
299.615762753
263.93540041
167.32771347
322.210594022
38.0157449059
287.877477418
50.5358200817
250.413788606
221.717476969
342.221383408
38.1904567665
350.003688712
49.3457348873
135.467983003
291.257776231
356.719742484
40.6634875213
289.617097848
210.349405733
91.6661856894
148.576442035
129.709145986
173.860078769
130.147836286
55.4568182835
351.789895491
357.120769678
320.154620333
55.0307144342
78.2927899755
62.3412227466
265.142982241
84.4583237341
77.150031519
78.7820925613
187.783810628
350.14383548
357.091492692
246.453999927
136.003571351
244.955415717
331.549956013
241.824347228
185.0055918
232.68300047
148.056701738
93.2340954655
4.76722509884
134.32800101
288.501885525
65.4152355558
136.835843416
148.812329342
110.857844999
318.250096409
141.251753322
87.1854517743
190.05697684
169.65957299
161.742098389
34.8599216755
147.799875838
235.434603117
181.320035219
301.183779378
94.0927721363
245.908272553
321.068783931
113.538296131
270.174791914
263.267645809
323.829898669
62.4565678996
148.480996387
18.7497466738
20.6742405992
252.179175156
188.969217802
229.391339641
71.7197022828
124.539399836
213.12411495
53.3941899346
306.806833057
36.850923429
128.590679135
159.499187338
305.800402333
150.334737969
21.773787814
262.885248921
308.878830889
102.738663299
293.092048347
183.135102916
80.9003986419
324.236220748
349.802131761
115.541497727
311.06011733
59.350632007
46.0802722394
17.4521039035
114.660186223
265.730643245
182.837277034
194.225419926
323.453204789
13.0850540051
8.67841963776
112.590123762
100.001954918
177.365308036
232.562761898
63.2196475613
62.9790272891
315.704884986
40.213640629
228.190118282
184.021021419
133.837586545
197.133801688
225.039455598
213.09604862
243.083752098
260.52307147
259.710825701
276.152112011
98.2143574109
158.259217614
114.241072074
83.6919254588
12.2290419443
49.3327532451
359.500316217
205.060108851
162.350885078
215.513098417
96.232043615
128.368841431
155.903657591
224.223878122
231.698712065
44.4835248664
129.395040403
204.360108515
349.904181986
12.4709551246
40.5196023818
35.4828311138
56.7125310623
44.627433543
40.6431674011
222.751395922
274.194238311
349.526717489
348.133499733
227.50984955
211.820781887
134.559919244
274.906872483
325.77613519
266.892856018
306.855953501
139.169840419
9.11001299101
27.9066228267
288.320718472
134.481448884
178.656399735
94.7071186119
46.16668302
278.747294285
68.8081459493
2.75271189903
85.6528681757
26.0745094165
307.332571977
112.04241112
164.691493377
288.017170847
161.795043842
276.809468278
257.898418427
308.927666693
276.04183664
199.739178395
349.319345216
267.932932376
26.3969831105
307.332571977
112.04241112
164.691493377
288.017170847
161.795043842
276.809468278
257.898418427
308.927666693
276.04183664
199.739178395
349.319345216
267.932932376
26.3969831105
173.606818657
173.606818657
173.606818657
173.606818657
