340.865860071
81.7662169207
171.909039812
168.504177662
2.58232941377
237.684400914
240.828774232
317.786678749
113.379670309
89.2005978963
288.581902217
235.039920034
11.7607639586
248.323379348
316.087401356
298.523523684
54.5389113918
89.9414983928
263.309336357
273.224282924
339.649562374
299.722269306
275.205230845
15.5304412199
295.408835749
110.394005521
202.100647364
149.017046948
53.5651815028
349.472470204
3.11572915002
324.639350008
341.229332991
141.831018128
183.681101764
298.38685629
238.320101843
13.8468710859
4.67591323958
127.899625874
337.316466903
212.29191436
23.3907930675
266.834109946
102.000269383
346.996467519
5.05062678657
310.077935141
15.0396154625
50.373573984
72.3812356195
324.596708146
221.511467435
61.7011516442
95.9607004611
294.519018632
2.53947915551
302.822875485
37.0119106261
177.048286493
185.619060864
122.163590137
274.29776525
169.425243824
255.326102227
221.342944336
119.83754058
246.176620968
244.583929178
158.663412297
216.666143434
273.335647096
172.698145612
95.9602466861
57.5853050322
89.6285943204
283.29309595
35.0715693527
247.768606289
115.32809075
266.128447629
313.266599019
184.729679129
315.000831191
281.345057218
324.325868778
6.85975410986
133.535749803
124.140740268
117.869020221
34.6937371237
0.741651196721
275.2603181
75.705280234
252.466586425
308.829971242
69.067377838
354.410738388
171.636361792
310.459892986
144.179268319
248.932005832
42.596274933
221.433083643
289.347875099
266.596644581
296.489491252
9.97390453012
78.2454843827
329.02396203
311.095539759
225.69188793
69.8379804189
120.050298331
99.2996515377
70.5588621378
134.34786469
100.029707399
195.609910523
207.59592439
132.740653747
290.740046826
273.365868185
14.7435759244
83.3728683474
161.959448857
312.910253133
206.697832067
21.9362927291
30.5231594104
0.146494488088
228.121504851
239.529928641
134.775543248
293.719810775
82.1940793283
192.270983106
297.759026486
356.826142839
356.566961701
302.872089887
38.8130417085
325.307509686
31.8405621603
306.30284096
145.32692044
81.8558574507
19.4794696478
254.325290736
353.049707639
171.032313773
21.6957680562
252.123541963
192.176079788
324.768957708
219.984095339
208.325544629
306.330593752
317.703872
155.942146207
142.813127227
208.52078263
133.319901672
83.186635281
188.714193795
181.486709454
48.2327395969
2.30799423087
2.31737051353
32.4663952794
336.320515765
125.953439356
334.282289828
255.397688873
46.4983053917
339.459985676
269.122517954
319.479813202
13.2042739176
311.231592382
359.300473644
276.143688493
115.631952257
59.4311030364
231.981815086
279.135550248
157.154197165
354.247033933
256.097092526
31.3201712518
228.679881324
56.755702943
131.635788627
179.990926753
97.255305915
224.634624199
62.7960073965
338.66750039
228.905185845
104.104229951
16.7914331869
47.7663244235
52.7366951866
177.239587372
81.7496138617
345.322205759
201.263747256
232.372852339
192.555499709
299.101474432
57.4198343291
245.723693278
150.82067619
243.829548858
141.405683745
350.041032164
68.6759046867
74.5386845835
220.914399567
15.0746200464
335.655323096
256.636087863
312.081363991
280.115526179
182.772966035
318.017968896
259.628360089
212.499574317
220.07752599
150.820652311
243.829548858
141.405714298
350.041040635
68.6759046867
74.5386845835
220.914399567
15.0746200464
335.655323096
256.636087863
312.081363991
280.115526179
182.772966035
318.017968896
259.628360089
212.499574317
220.07752599
19.4055093206
19.4055255938
19.4055093206
19.4055093206
