207.198763241
255.435504725
95.9145509197
323.351705568
141.467175198
23.8204089648
129.497313536
48.871647854
94.2217414235
14.7150611235
324.762280692
294.085100311
334.498669397
160.723226605
267.749941048
104.9410367
148.998514013
60.7429640458
213.002162312
329.965187781
79.1820669052
37.2725668423
274.498628033
108.382776375
115.746587893
357.665392827
62.2560935513
146.686440526
53.3912376414
0.411226059928
102.366043262
134.245585968
350.459259388
109.588455863
37.3914167148
123.291409975
259.600399862
41.9072299045
174.963337941
126.347511428
289.019929946
290.754125917
88.7475230376
79.6952148619
67.1284969359
183.773806437
270.639695348
123.640580414
28.2870315334
1.09446430306
75.9669163482
261.567250226
208.380599996
258.547683348
88.4551815398
283.353998256
234.278036459
325.550677934
193.769208372
308.042812856
134.857277485
28.8467323761
235.672509485
309.541471526
3.08467915298
62.7736366346
10.84483136
223.53254298
5.68641554538
175.666473195
105.504357406
344.373808322
280.767881473
312.360259122
334.895674183
304.102404705
205.288621552
162.559663726
273.891495791
28.9680628511
280.821888137
322.037397177
342.087890046
169.184249765
19.4991633368
3.62053524655
324.223052753
94.550466973
162.654578619
243.107090964
321.947533251
187.230188725
229.986044963
218.064809379
319.971688071
159.096040943
238.507550498
185.835277043
121.754418281
56.1851754646
188.09224163
9.73638100399
253.298637653
288.427994563
11.7195988399
206.076234746
355.126903691
319.658692367
95.5500369825
5.37770470866
40.4052063429
47.3827403771
9.62395805332
62.0919885028
68.2207051529
40.2352668254
136.822553527
325.793897533
53.4234352648
5.64713732043
85.1532006392
92.6582265487
187.034941987
167.166011748
37.9975386752
137.162578746
260.34541995
147.634078174
300.820007677
352.497570169
162.355894444
91.1585157291
281.287902366
321.404195919
14.2677836893
82.3151675892
111.718119194
202.146389341
35.3596767219
324.83939902
341.335339353
337.049484864
32.1175032249
52.0142949618
359.687394109
160.188111148
161.258262828
346.843840654
165.830153244
25.5329210179
172.201555035
350.252289737
287.572479805
286.833963817
87.7886687294
60.2513461152
356.310075193
266.436778493
42.5491707888
318.476909876
213.389224358
108.106699053
211.517466617
47.9041230179
95.8266149912
150.642718697
271.059408356
58.3000459645
356.007333069
9.39346954797
23.0662315641
154.6874409
347.793659816
354.61562331
61.4661548001
265.63774085
292.972862004
76.4502550642
229.186190758
165.237811205
37.0172738678
220.906331782
95.097290087
217.583311341
227.723127956
129.094258466
51.3659110211
79.956993216
68.7304725566
226.884319972
324.898157535
116.645098662
56.0910028156
108.883421814
92.761591464
252.37587755
95.1100731007
142.305061927
239.605426668
269.973306773
230.609057873
142.367307596
320.194066755
12.22199811
248.060181823
288.891441042
218.738793271
135.850114424
161.300749543
226.433762807
278.448353246
117.323823765
217.100990553
20.1474594953
117.207919318
91.1248116302
242.518257598
169.311514234
124.534479357
14.9503241584
55.9794280807
188.028433807
136.412648065
52.889989897
296.484072797
216.792031774
295.831603763
332.608150115
200.042898958
169.311523318
124.534479357
14.9503241584
55.9794280807
188.028433807
136.412648065
52.889989897
296.484072797
216.792031774
295.831582422
332.608150115
200.042898958
109.408405483
109.408405483
109.408405483
109.408405483
