313.484718494
347.487352768
131.679562328
347.429000807
37.4651690295
91.1068822671
239.577895532
297.172011232
218.100828996
276.302629275
357.283329148
174.792749327
69.4453348766
43.968211235
307.074265204
199.598953417
306.558354476
346.241940117
335.11625755
253.608134443
314.104282037
346.463952277
279.304715234
221.149468329
238.7202904
82.8365560996
220.582313256
348.102340834
271.534823239
120.451958771
297.751806647
205.926574476
199.569108891
308.550778312
284.036825539
92.4766287149
155.191217603
173.312401589
78.1206336471
117.619975942
93.6482199091
165.724049449
185.508855287
86.5391396
60.9617392722
135.846841199
200.563603501
132.788683114
219.0263576
11.2564156753
176.786582362
13.2001576299
271.960326023
103.191805846
335.842183583
311.059509116
155.032599921
224.879234797
268.931132049
293.362933022
246.65217465
270.975268121
281.622428249
347.723643504
308.093250264
230.776013629
263.103066426
317.923943849
346.231317174
305.862908047
223.122159721
99.9111049525
184.014810852
256.480130305
201.010955727
104.107386815
326.178091376
29.3980433524
66.9519827916
350.278926049
353.412712593
165.429110501
230.376795737
176.403253907
97.7235557583
203.239547445
314.768586288
89.1200197872
210.656652785
147.060370404
284.854063468
146.714818639
27.6053257155
185.49647892
17.5580197085
57.9556764438
345.032190362
64.8069810737
117.537960973
170.292513856
261.573196066
114.000989969
80.5034568044
341.468651795
213.783886571
85.9568582241
132.067672894
56.1056263624
83.772283551
302.422894382
273.850443823
333.96633173
163.282684961
20.3581078281
144.890825661
234.283160729
260.126829062
228.04747453
320.228908656
72.1966859529
254.848354805
210.387164388
191.240705971
78.6283813082
156.542978273
28.8930195996
270.498306425
319.692068232
156.044714419
109.821672299
203.889876907
184.660191497
18.2582267207
164.271572821
29.3702959159
315.886686629
285.707806458
193.472243211
204.570432622
105.086620068
204.736893468
265.35968807
143.79896634
254.825554356
132.385031545
307.194038274
140.536854794
222.673134702
264.746966889
171.034898871
233.770370932
332.948218746
134.734849158
261.818597582
316.133818244
281.763324224
350.968403168
107.951513857
55.6847430403
203.012360995
347.168765035
44.0389858473
290.225159976
133.117602826
5.21103644932
250.548375167
327.584116108
165.8092342
222.464339983
325.270864893
201.950486724
10.2439506204
160.827188041
72.5386690645
276.773956787
336.769357298
49.6191486901
10.7709338096
215.784853074
324.892300268
304.039294641
62.1138803282
8.21198333243
53.3367230609
195.018184534
4.46092708784
279.426329792
127.901878956
250.55289054
185.820312264
222.790120982
317.751562782
49.2236757424
67.3384318407
168.689275076
248.393935835
189.331219473
109.438589473
36.3317063767
30.663208789
343.641142953
109.725808734
225.558326407
12.966839527
211.824138083
328.293317369
30.2108404598
284.092823174
281.407592348
320.682497039
230.051527394
76.8575209899
254.945434558
224.285126947
290.737644963
339.253853796
311.883020303
57.0189895607
207.514667825
85.320393661
301.493963016
58.5268100978
196.901452793
263.874412122
11.0220186399
138.631686709
43.3133572212
220.391622377
276.652240732
339.253853796
311.883020303
57.0189895607
207.514667825
85.320393661
301.493963016
58.5268100978
196.901452793
263.874412122
11.0219705649
138.631686709
43.3133572212
220.391622377
276.652240732
78.1358532369
78.1358532369
78.1358532369
78.1358532369
