153.300689367
85.813374202
176.720383795
215.699257293
135.41002313
199.459525385
274.686283655
78.4166183495
309.297813211
64.1470596201
348.912751382
27.9494618167
7.91853960649
356.886085696
224.855320686
319.273788286
239.53474811
173.69000265
325.204683375
41.6322743644
79.6973088656
265.931571947
221.677695407
33.9383595737
293.285443618
122.05500547
274.311517703
115.877003387
134.579742724
187.554749237
267.580825917
84.4269289124
132.978937197
125.134196024
270.528778529
325.842971647
255.575414097
131.17182161
267.888700726
84.5843835089
197.112722096
130.389384437
122.377160998
8.89856087417
210.008149295
180.518002389
170.986452359
94.8535299722
67.553151526
55.9064659623
290.586050485
225.299541803
17.0293719364
105.253184569
296.356312985
13.1336629876
6.63064771915
202.293458087
310.987855362
281.592929548
75.5261536406
331.77366311
243.998542731
278.194218347
338.08752615
223.017907194
36.4551059287
146.901118883
307.889348435
179.378158344
209.759206197
101.983412577
138.178146284
33.9715597288
90.3790954415
241.111172718
63.6730082138
311.877748817
217.462852809
173.482753678
135.045096435
303.915769023
152.974898203
18.9903919362
44.7763051674
288.021941238
69.860826363
193.49992246
262.680663856
146.871160736
305.753797922
136.236851748
346.751858171
220.47332489
94.3465918276
214.430988436
57.5568741988
198.289687533
259.297609439
227.483624994
217.363702067
25.5975911642
342.559095432
222.639184171
71.1955078364
155.593262755
125.690316851
275.603628211
76.4773580512
168.305064889
194.974593016
328.046040569
188.935214979
340.275233203
122.763071289
273.476231078
44.5941504054
344.58426315
319.21209453
296.154630667
300.294484814
10.2959940474
152.488497384
4.88927261012
58.8176001865
149.498720362
241.727513714
354.279073757
227.927238529
75.9340412035
175.0349711
36.1767775465
285.945656599
8.82272367794
285.112273567
124.466198339
222.987152312
327.289099126
179.168195088
345.931190247
103.610715777
258.003681584
227.872725074
105.757544714
120.892833439
133.756349942
28.0896812353
40.0250023838
37.8883099523
214.030447831
60.5825641144
138.449950884
0.147523156724
176.618234117
31.7449173577
195.672060267
353.416983986
270.138413064
57.6899586588
37.5123606474
31.1556401015
310.245556648
292.348135528
126.908781592
1.29029771307
229.869850727
148.681317153
264.091556942
2.60417126215
173.16078724
97.9614639239
181.861139439
256.754008517
293.015021906
85.6277665007
1.01135813965
287.340620858
81.1320949652
82.3861936315
261.757827053
132.645508594
260.839729815
256.481887273
62.731871201
154.63235213
59.8662200791
167.373087182
351.809982595
248.55747928
345.716874496
150.593865363
274.997004109
342.782207597
135.850326463
14.4140698521
72.0479207739
27.071189098
73.106573921
176.1444509
16.7549531613
206.789746411
268.181617
143.326603982
62.9681189322
169.937905449
236.387212741
245.024656773
129.699773846
91.4114056121
13.0614232173
78.8665103675
307.505513129
116.49545184
234.891199867
304.6208475
137.732501627
292.626569339
211.002485048
105.171855353
15.0049036786
320.103574033
141.167581039
58.0155601028
343.864694224
204.348446621
172.590039637
196.44523652
140.078218591
173.67748678
234.891199867
304.6208475
137.732501627
292.626569339
211.002485048
105.171855353
15.0049036786
320.103574033
141.167581039
58.0155601028
343.864694224
204.348446621
172.590039637
196.44523652
140.078218591
173.67748678
245.164516527
245.164516527
245.164516527
245.164516527
