265.358888837
217.807498373
358.128105138
358.793230109
30.4177239278
272.037734271
111.372136845
104.135437632
273.607313977
27.2565695276
286.226308724
352.219599101
93.6516539131
76.6104127941
102.606433278
271.213677148
308.803176158
70.0953172002
342.132670811
70.5409588937
275.153534722
207.159081962
4.88820181436
34.4758576767
325.887125024
278.29136745
253.143332711
159.876876546
235.746221577
138.7521823
78.2979075064
308.154522452
159.152319142
262.714150324
249.579883598
161.561783139
279.997179841
134.167325707
247.119736758
217.078056228
334.498724147
217.487890634
125.582019735
123.225408974
41.9659299237
122.82142904
75.0457786482
84.0857489566
53.9781525175
69.3892009347
3.46041818089
214.686645019
298.509003114
191.88071716
67.3602008474
351.420163354
21.3339862204
161.539433487
116.449315531
148.225251464
234.497312374
77.3310230975
217.210833304
77.6509740013
172.565294224
221.468988189
192.099924193
216.477082406
320.610920482
322.679863806
209.517535052
316.728715611
29.2650370308
141.981952591
287.608148932
230.519542114
26.5773611161
14.4269647798
32.5826994306
257.397482006
177.807485816
129.235580358
173.127972547
295.366278609
118.267922602
170.903426183
341.378672128
143.743335472
146.899719578
259.438394183
138.608621395
353.907911843
217.318670359
10.5247572721
88.9404392918
149.150416812
246.178220996
214.816300992
336.310987471
317.256948109
236.381018397
274.641736562
202.68972087
32.6016659466
307.547490711
4.8547156267
206.332257024
22.8953204785
236.676540947
144.892240166
7.59250358248
162.879115652
139.040771281
336.285654518
317.68683499
91.5474643123
127.218210723
182.152812646
102.468672042
175.507422269
311.378741273
102.202084737
267.747932559
276.655752337
158.928531993
187.223153052
26.9180604746
101.474906369
326.930496221
8.50386033957
133.46920158
182.204866446
147.940571197
6.17465039712
246.94155945
72.1459196539
46.1504449677
209.647000494
236.324927687
233.037681292
36.777264768
78.8190592643
85.9855842994
71.84231273
271.694556397
109.116944242
252.558391222
281.480650405
166.164316184
52.6336315595
17.5997346024
352.588213356
82.961899006
305.036279704
147.540052708
58.5393275183
263.752385256
231.614024384
307.408584716
47.7097867159
299.545322534
68.1288814239
246.189361848
102.432167588
47.4255679919
104.808461401
213.510117897
19.4746907404
1.0051856652
81.5214949651
245.46224973
144.360575704
105.548509026
178.630238115
15.3581822838
275.529594755
276.245446511
223.688872357
299.559796331
117.794562263
7.34995057681
342.188157036
162.674673343
338.092696686
183.082420847
352.449008422
4.29285778313
358.643735993
233.017292833
53.3025703242
156.914517879
14.316743547
19.4247757392
262.369009802
247.369510508
29.0792508657
63.9903501383
128.705450653
141.522004417
202.66297346
128.343564583
146.8967649
345.582711325
179.608659538
163.527666472
319.983014353
137.270307818
154.102109438
128.626032533
152.557059171
237.847245169
20.9305970392
38.9029060755
103.156997837
122.538474446
33.2444148244
282.191863378
274.570613052
226.350688717
307.878791779
195.073069338
114.626963489
27.0494758699
99.7554162103
358.729249633
259.235718442
35.0374342776
122.672095296
126.542955353
38.9029368341
103.156997837
122.538474446
33.2444416749
282.191863378
274.570613052
226.350688717
307.878791779
195.073069338
114.627004309
27.0494758699
99.7554162103
358.729200667
259.235718442
35.0374342776
122.672095296
126.542955353
64.3274991884
64.3275204072
64.3275204072
64.3274991884
