301.855595143976
302.416484433814
296.353940677503
318.684789272144
281.910037897965
335.967978173375
306.967984563753
339.922494789482
274.922317374143
339.85510565834
294.428508053094
324.392474045317
346.478834162274
321.642431847601
320.491712103102
318.053011618055
329.376231014584
316.086218430857
304.535960040208
318.246957944449
292.926484050135
338.841497904995
330.265760992534
304.208188775982
334.449148563825
307.710935898694
306.305397145923
337.962825306821
358.354071825154
349.752754471058
276.90346559473
298.613965903445
345.805095350683
315.222346759135
290.235204182553
285.404122448444
280.607478269412
345.425545174423
295.091181897593
354.835974558228
322.620288034211
312.079808431417
327.106379941726
348.31649698652
314.459843808053
276.263366877485
314.12961592857
333.251674939031
356.792484897063
277.906020910389
327.424870740631
339.052621725179
351.177873768127
298.726362367591
303.526466466971
316.409437135354
279.325093543539
319.053985290745
341.432966009453
357.31112118457
302.060508366095
280.488297643839
327.442224800365
317.803879758056
349.741064703308
319.543658091706
286.866579740925
306.403970390795
323.421529114073
298.372362387377
340.751152793552
285.181936961691
348.981842643275
316.53638619207
310.682328910093
285.763359176012
333.324422692899
335.889528554259
325.07941016512
345.698397563792
327.691863882817
309.508087459946
355.030775520853
331.130847652216
331.166981888934
295.681416542373
308.230915179394
347.056966700081
340.530790402174
343.992589696102
297.275667175051
324.345151070159
292.05763468608
308.682133662178
293.542304013229
278.223743697842
336.050048449306
275.047784224478
354.018807347258
294.558690787081
309.938793966053
344.697992890157
346.663286800366
284.921196864318
294.496789874199
278.486441349174
318.18857402316
311.092606834852
355.464948733
297.794516899435
310.932168754137
319.710058061199
324.619007028971
310.493303153055
319.760167196918
315.099316267323
299.484036013237
356.17772589685
280.619581690591
307.015114092101
290.60641967873
301.964739593814
343.578002806019
322.96053057958
288.620208816806
312.166186922736
346.439447996963
355.745735869709
319.312224549207
309.217459669025
322.916742915303
334.348022312437
350.401145437058
341.723884943505
274.509759642523
312.680690171625
330.875426547098
273.088277871653
350.737453141989
283.030086708961
349.56073592045
319.308721753011
300.331843199967
352.752853435466
314.849742632255
306.142179107293
337.73483729681
319.164979465697
285.728021149595
308.931487376233
334.905925023532
302.504738257546
315.094493185398
298.33244584709
292.949048349691
333.552399967716
333.891192887285
329.236491852889
320.412078391473
287.83990075184
290.840990872682
337.733975845505
333.103357919242
339.747748797588
328.631332633288
314.691666030363
322.538818262645
276.521936738308
303.235085978635
303.818809100098
326.353702407231
306.243636398691
308.46146883184
332.76798143687
321.579746682327
290.979230890212
315.219479055608
350.185787640628
329.509562845906
312.824068370686
325.208848775848
349.988379526514
312.853254336503
304.355981754721
352.915815101229
342.892701090476
282.95797560654
297.48003315231
338.241889911753
329.34802636394
294.409699141415
290.375377435164
335.036626623599
317.793648486601
329.937290843534
298.244887905944
286.696020456407
314.10319917818
305.333846330779
279.030349579594
309.523383910239
318.744089584427
356.451121425893
288.41365442414
288.754412358718
310.369550150662
327.746771110523
321.245138618941
298.241390290973
317.310169301586
284.562381716533
338.334211247664
320.366092623556
284.42424981826
323.906123310229
315.345756237752
317.180148431501
320.243244093935
326.878566447261
349.608575310853
332.02536426087
340.110643524337
1.04059133753902
0.103712477026487
359.611133734366
0.986339184330783
2.1422182495161
1.57308459385783
4.75754552861935
270.774694152159
271.220409613894
271.045155681457
273.95176273097
271.064147407984
272.83904102351
286.958906287117
312.773767865196
303.460304543346
306.416655445903
292.737020078385
301.029635935816
275.027012509699
0
314.998621155654
270
0
