324.14752229796
286.723945687036
343.516114857862
335.08446564912
295.634864537875
346.111139619696
310.536892063502
321.677732732189
280.665175639847
330.336351938069
321.626306353594
353.100387039739
308.21887252405
290.023750241113
341.580098686517
290.89144572012
313.441156474187
297.152391453397
332.656547627886
315.675922670616
314.37962584475
310.225978747916
315.874184598098
335.640399142124
297.419373921609
315.894851274353
352.599357329462
313.301895591893
277.298211634523
357.259344819273
338.52238146435
314.111437764645
295.153811937331
343.11328157789
316.83577529026
318.370206624174
311.886077636429
311.735292051745
354.881282259308
309.718000066673
340.538908079773
326.177828897274
338.706184465523
312.532745211351
351.683924381779
329.112329443087
336.481331497531
340.355550085613
323.126581965964
309.437850570897
302.174150607034
285.036251296109
317.706634740724
305.672282908147
320.103712153585
354.752327409231
279.724504096867
285.066657849703
327.168838555089
284.273460257869
321.395061821947
293.278996521384
322.743865561925
292.915613988771
350.812798950336
275.213065420207
288.433063432458
298.597945230018
350.476517705801
316.665835345895
329.197833997084
351.161395630929
285.025388863017
309.595462589766
279.044092730903
325.56136756271
329.757187475597
357.830453461371
318.641295786229
300.741654611955
295.053097906008
289.823912099265
275.813574472183
298.106442519435
347.227563831412
293.339937993781
330.723135756499
277.065215789818
352.175589633282
291.346760600716
303.551762817641
329.153759741327
301.161135828605
324.727527750455
327.975742709495
331.604620763692
322.623376130673
306.325823381403
298.18562734883
283.893782734016
317.949318295631
347.871177634366
286.146655914529
349.353023028618
275.365773113203
275.97690014072
286.242067404518
329.343653043698
307.817662431059
333.168261495432
277.129361843232
303.384800629168
346.58556310597
311.357111206371
328.335799041466
288.163925058548
312.324924538185
342.783680061178
339.59767297922
349.677675938102
345.253565961915
302.16990046313
305.550925470448
282.015457985457
318.470595353229
303.776747044432
311.375322872516
304.050669814674
309.241150824706
313.23164298702
309.794816604904
333.005166867232
343.24286700591
288.246244591343
318.399328147897
326.868591311046
352.98015528202
326.950228695819
354.902411201155
297.536560219185
287.083964854323
304.009537887385
316.793378930197
314.696045073575
314.507752865869
356.68166430829
289.267353206091
317.939289518468
283.295642779002
335.263973266753
321.358461401468
306.933064620321
318.26692919297
295.387722492435
351.288269811482
307.932866325638
331.473916477557
324.648467598119
323.480747243937
343.807208588471
280.466946572371
318.240901531634
333.566282528163
320.436002670742
296.536356632321
306.592257556785
277.711736706105
332.090366937372
299.467300466286
280.724997564742
345.505112273025
301.425612342124
297.672093114027
336.701467605617
342.019424180713
337.245070789325
315.009652101176
346.054529753739
338.197538696157
319.369691253109
292.945946083253
297.49334821846
301.658201893918
308.503583591201
326.483588613637
322.397884401878
312.507989638064
304.433683809264
325.205243802052
304.32383694575
320.633611799606
299.368103186253
350.239462128276
292.997641383029
339.467410291748
276.199512238332
314.461328056395
346.933400830213
352.737541649868
325.734375614275
345.387115793563
332.938770888834
298.80350841157
302.650449760933
321.947414100028
312.649542087449
315.941355099297
335.419182962114
299.970786814104
333.634026890818
282.934061011929
286.827320333352
331.552697616388
317.611912335394
320.413546356742
343.26541710062
350.832629307696
331.300748931814
336.429525909262
326.544077376122
355.049197900169
359.748446625895
358.89287552117
359.707241397928
0.36269851635033
1.01862119016424
1.68610179418437
358.989777959031
17.0000335514785
271.64335872236
270.350589039673
274.037580599569
275.87962083621
271.510159910839
271.469790551843
271.778080210223
276.676750176461
306.381664865817
278.562346884554
311.273353651192
301.367152745499
292.014215419052
286.497599393871
296.280847482564
273.69271879376
0
315.000830066598
270
0
