332.011550199071
318.940026345649
349.720505805592
343.16208570456
290.795741052343
336.079045674836
295.796110050272
342.501112989125
306.219889450332
340.404065032165
299.926348989579
320.096329848007
317.507576207013
287.070269787285
352.754836702567
310.422613948591
337.551200054851
346.427079538647
342.10575472389
304.354331771213
302.001649773786
327.964264240339
298.772810458872
314.006086581721
304.362793437384
338.606156418619
312.004374638186
294.474057611465
303.054862597618
285.579831038664
334.96307079971
307.070729087813
327.579412207945
303.355393872217
303.531574688616
329.636884446025
323.136250123209
293.77663448288
353.063931989525
300.797175211255
320.002058388174
313.764344645792
322.685132874389
332.213579753193
271.411053687945
333.174625279829
297.877250923165
278.374777059146
306.343244875489
354.65198170923
285.375720589258
346.214652638756
350.793637483262
277.824091209401
307.440433917754
327.423745373529
349.930992695685
341.336958293108
304.83429585239
333.502719017671
296.436962731475
312.031822042857
287.784143886556
308.223140826887
327.700937026606
321.470599220738
274.442168166278
284.964572038014
309.017525134762
344.261239347298
320.570141634492
280.919455266848
276.755173718319
321.684959025217
303.186864160252
336.873961187004
301.030428960844
299.112589019773
315.660771723197
290.982116472963
280.458222330212
355.154361453569
282.937861861621
350.83932905092
316.051193500582
314.999699547157
277.827115719966
314.283840242857
294.406409854842
326.3676496057
331.813871716339
319.463131487797
281.460620050101
333.665876791647
315.993695663178
311.233898331866
287.871025148554
324.008606264077
347.733966128229
299.116589514398
301.469441860471
290.65533642779
275.630466999785
307.554079436129
329.812146672172
299.271983763378
341.18063825193
351.702161531125
313.22631762039
295.875056482871
312.785333456951
318.467959796498
298.527253748995
274.363237313561
289.972195459685
307.113330177708
328.676689396847
290.41677547876
313.564093976705
319.763484155447
314.234296232774
315.391673037831
297.058435432829
311.916486749883
317.382449896628
339.925365010562
318.671486445415
308.366156883497
324.652406213233
283.110364049642
318.157687075245
297.438388931594
278.911189454418
302.341373649738
313.962978083042
344.456585790889
319.298989405599
350.847718256817
283.664705079421
290.593081965983
287.155039024381
283.714004247956
356.764108210885
350.221573053249
354.890692365081
314.7884067323
341.761795898783
335.061809321023
339.172193925745
344.903331934694
346.375557918833
297.166498292433
308.154777552957
348.715186673621
280.1470929379
311.410121687085
313.180687955001
273.732135690691
311.81685199043
304.577064334778
330.445992975163
273.886904968265
330.284899900901
331.699194775124
284.262722215091
278.82515648648
322.061756963992
315.981549859525
326.863366413808
313.694443889041
291.196663366366
328.782576699289
311.468443054974
335.828711080518
299.548218372731
325.336203400241
286.048596115863
304.586956367173
308.98236839561
338.116392875638
302.480801535874
326.158921504269
344.008142709863
335.636956390159
280.628598900383
314.555638205842
307.744519292051
291.468946722521
309.736844233099
295.335718529976
346.514340176092
286.276805941068
334.819936050174
333.046128576531
325.675886970599
311.194771938079
325.234738704476
295.029177300923
290.963218704932
304.657168167069
294.090108550755
335.613576454896
321.714052112845
322.339261790576
285.342470539929
273.865537273359
322.12273860983
275.21676317769
323.383603259262
350.247925106519
278.198204658751
286.367431382097
273.788304324694
323.677779793128
318.638311082392
344.051754854556
348.255530749447
355.938690066697
337.767019375829
329.671742204938
320.564964203098
354.959457200941
359.288665492761
358.604645482522
357.533965699886
358.813236480077
358.568895590387
358.394182260174
354.619753364431
269.810097188152
269.763183976495
268.949246240716
268.325141515486
259.723146606268
269.203705532631
269.438062500931
269.50174478255
282.898998640333
307.563993315066
311.850658497778
287.847035493733
291.495111310382
303.192052534494
299.533812861642
276.960815285813
0
315.000507073835
270
0
