313.042428625236
322.588673309478
283.793566946031
275.082540905591
318.055074590781
335.638250947926
309.221840684697
335.854793585291
296.272212229468
318.437760543879
314.764774380114
287.183984901943
329.399484744978
337.624145087631
292.388468644499
346.212272618158
308.180814954202
322.092511808724
331.628451092951
340.259957530105
290.474926033614
353.275916856114
275.55887898905
356.732173028555
324.963333115416
297.054279253102
351.759678611809
322.89245658406
354.003157408063
304.400469537717
339.190524883398
285.213920224068
314.378447309947
346.760505363358
355.291144621414
279.119446820059
323.109631382202
311.001626996374
279.819768026825
300.335904272807
308.805790734845
278.13782357828
348.844798325669
309.568927456175
333.827086114427
314.554793484382
293.372563674553
277.970921778335
280.693508850473
327.983543176323
337.09364140602
303.890517929898
311.571583351621
280.663490836881
347.883650943045
289.408270567885
337.731206723006
334.60550718708
307.82978968645
284.585662574164
319.52338356791
295.397044032055
342.073097392562
302.845462535302
330.271453278188
299.05000900671
323.89024722837
355.006059598331
297.342710450258
282.751846721737
292.473762864141
313.590978237029
343.854598118639
325.492188247824
304.096233021964
288.436102538742
325.564746119639
295.907394238749
341.541411680216
317.322381187914
332.406744627128
312.646574937531
303.412620756999
328.385224490973
284.458053681918
343.035834246481
348.330231830728
331.705858658873
319.506111149527
280.107189100132
331.611928663787
320.060519397577
341.59416458933
297.394244749648
324.965489287291
305.104852480192
290.736138859601
347.699514523469
314.755412652526
328.299412598463
338.654390242492
315.17780370081
338.959271172492
334.757630722449
319.355072894251
337.684060006221
340.459137498395
296.368099768993
315.331396862836
339.213639755066
311.459338009081
357.454936277322
305.79322727964
350.944336172454
323.488241953011
322.99379163481
357.083912030241
319.466020393563
302.59966873307
296.178408773257
326.795301999783
332.217913038907
354.98989410516
355.918485805148
275.096274531095
316.161980160132
298.335591503866
276.885683661301
303.083992831711
285.234991061439
325.565116778973
311.735904017928
275.120948476805
358.113558108576
290.519962731077
298.939267546052
331.966547825981
320.26015575926
333.504800237075
284.026110623212
318.163979830843
327.991735178341
304.085889096773
300.316582558525
300.771296335558
328.412422468741
326.20505422138
315.962040819242
327.194633369535
286.746685465365
284.195379027474
319.307458996369
287.845348227079
303.759027035839
306.06795865547
322.806160963174
310.985894887908
273.544569642173
289.485419542701
321.76189224019
310.273936443819
291.640164464685
310.772337230874
312.957800718318
291.856634706019
280.675315390754
335.562372581817
349.617198878942
332.871013926181
287.193242727155
290.696330384719
298.121973906953
330.086735916098
353.869344619171
325.761386362623
279.509505889757
316.222940406628
343.205644451401
310.61891009998
298.573991991473
347.999510139803
337.470269090864
304.47398207771
312.412745009284
308.146541923954
323.753707982373
304.573575489391
327.20424578429
296.138584051163
310.285904812452
317.582119205165
306.866003678296
279.652082405956
351.6326854355
354.064835466042
307.170174174071
273.856682026519
318.080747253228
341.561736852834
349.061045803232
346.186934535617
276.388299795322
350.285291883504
346.857705069958
322.113984975166
298.032761944982
317.939856176158
335.303650244985
307.125228336281
317.38705384552
313.390632744503
302.483153226678
289.367744981673
295.851480664504
328.467238497698
326.127610147185
355.33341917077
332.619344786784
346.285299563325
320.396973612255
337.488517309164
318.080275091322
0.823396966093045
3.15549453852792
0.904434556875537
1.67498609473777
1.73320897588835
0.869334946127531
2.71864346008874
270.830857417356
275.945104506575
271.308675504212
273.081098306098
270.688425858311
272.423099653028
271.052010907093
310.095238625839
276.925756426544
298.547906250341
292.161169674163
305.808349855812
313.597308097691
286.017227034996
0
315.000263566075
270
0
