340.891068638042
300.472736243379
293.458366462663
313.316154432735
339.840893920094
292.046189758515
296.930862751661
277.116705419246
318.634295226493
298.865134695692
319.14301103452
349.906596463316
290.743110705535
330.55588503764
301.980280991585
353.109915601188
293.408978222745
324.911688606138
313.537310020057
301.554706849256
303.1781090382
356.243514442392
313.069556993534
346.991175771717
321.008234837419
305.923403632996
277.200245544556
315.009870346733
334.094930668047
318.945817694929
330.143771216861
318.10941019796
301.707445424991
321.879222741121
294.239983683522
282.939284977916
319.443810693312
320.683912406285
290.147702316166
279.278849872468
350.990563320732
354.339552966194
278.490364852651
304.805795077309
303.897529072978
306.858697502424
331.138079523528
291.491694136804
312.39942598378
306.260035173288
316.243362544964
319.917701102911
311.220466118861
322.799668130617
340.91210320126
330.251414322806
288.160454497045
354.019067837038
331.902090646149
328.464289276208
342.503609676726
341.694466740464
353.978684738829
320.639038518316
316.980510947017
336.327525137632
312.10835175298
317.478843206882
299.074222182682
355.638681390703
316.484438313145
326.306918401834
280.420014237756
287.052208132522
336.889203729335
321.797358596084
280.114625926205
309.549531105673
282.124133897306
302.685894207286
308.350258325347
349.067088547657
274.792211954609
309.65536376163
345.660358774223
340.93200958722
296.283662140565
325.009889982784
277.178726356357
333.73133194937
311.320122862075
327.636143804287
302.617938402762
353.238807763029
340.553486093626
329.956545232059
301.856052596059
291.323826841467
312.123902921255
293.516093106567
307.68542676231
296.410117968538
323.622013623084
350.355466281472
309.063559290304
282.54718958056
315.941357179702
347.160917405873
313.370902765242
339.486757500061
274.965909202833
338.213765713128
309.153051333522
345.854849015495
316.657459070994
296.010672609204
297.426231630918
310.533206844847
338.763212285272
346.04327441067
282.146485633716
347.206075682288
328.890223953998
306.101570082481
338.973644009615
332.777617500025
342.663138190174
320.319250891344
313.618927082736
300.956154739842
316.153793969815
321.425344275122
308.698045870751
356.874956374631
327.446017393135
322.900966307018
311.245332725303
288.62346431724
322.954004622742
300.258624349863
285.434790675112
287.394418027022
325.002193940444
350.441293309331
329.871883472519
308.822785956617
289.620927410049
297.847018086966
301.183097051665
322.834889378467
291.196407903919
321.974123726593
326.545119991229
276.212342558134
331.008155073232
290.262074517644
294.771418007881
315.369839050892
328.296219417143
344.973634063174
295.23482787129
350.728335680524
355.403639278117
305.276123799194
335.329386628204
301.718141738719
346.623305867471
319.222974913515
349.949055188358
334.535569497369
325.7616162081
305.215837906004
345.458118481576
292.473699937326
312.556883039132
311.916106558666
342.368353249569
314.696551612799
333.969433379185
328.534534071772
352.182871333191
356.523636940263
301.727779045698
279.683366629637
297.224146590729
306.646489734773
349.050689478519
311.387092468884
310.044457569766
280.294437898702
322.038400236301
281.520459345622
318.767260347063
336.705908475429
322.872785208266
334.784128525548
333.048662945641
317.091348578244
320.111086518773
286.327425481789
326.658024583411
315.702893282324
276.964858646744
273.483361660515
285.436816989721
316.735311297573
306.68543284739
296.925428020317
337.194728521584
336.155358786006
285.832821316023
328.586592294218
342.916151788491
335.88329280338
333.409805073696
316.538420342013
322.779909499543
330.676072431914
352.513956053339
339.778423058606
319.711123477634
345.55943585341
359.8421908393
1.33355445708185
358.947784855027
359.972658108744
359.281238913486
359.482315605912
356.001346888382
271.724071557593
272.394200380898
279.081988574496
272.537132583008
272.202957060164
277.167447386288
304.843762339484
288.577905699707
283.942626301768
298.630327019746
308.020777345114
312.429779731004
276.53875790381
0
314.999447960941
270
0
