276.617269299037
352.607923540051
292.838992891166
327.981166981777
313.702194240057
314.463390181209
333.681295421788
324.722038484512
329.883018517365
295.006054193144
306.96494180556
324.568476247863
307.867058252774
315.174919617803
351.447623687199
344.549894335664
304.661302700464
302.152844543297
293.740620596104
316.709422250952
306.096132124739
333.322683461003
273.862868636498
316.38236611127
285.270876788548
327.693700278699
352.639760197787
318.201587020274
318.878178788151
287.783385838733
346.471222643735
330.542601652676
315.922424764155
329.190439382391
301.480030570367
325.851828779986
320.206962787304
342.185500516261
336.818100134411
287.927824642881
327.224102217242
282.102729039534
306.518494344563
320.888143049041
309.909684617572
324.732431406566
321.763625156309
333.119691270961
331.863508658178
333.243170601944
334.414241392719
328.285936507461
308.725722161849
356.093222073908
323.30710755975
280.977163921891
352.699997162535
316.888694411128
309.756376886432
340.690774287574
306.816834369925
321.205138230276
319.981437031781
281.013015389733
354.812249767428
282.373366456802
303.248355271402
351.362340018385
304.124255848424
314.472843945593
339.036080655895
315.524876349985
273.750093101831
288.124683951303
282.90278923502
325.06714354801
311.845093763943
307.146313952119
311.191531960109
303.697913432512
330.764415686215
296.724624628199
312.782051049927
344.318863553289
301.764348025089
277.9010621752
303.246509593724
330.285502821574
296.207807444655
313.850272378007
332.996136702207
295.908091818485
354.796609114694
339.314131305938
315.615499178196
301.616936746435
299.284382599264
332.883851964016
292.664527895395
345.877758207417
295.688992816778
306.513771596489
326.774812232508
310.678249384946
325.069930231486
281.146347868494
337.334830111713
351.761198098631
344.04415177882
287.060175956395
293.684773386288
291.020979509094
316.029419228685
285.708942447836
335.088732665263
344.748091019172
313.085022050583
315.391819469829
339.155445492812
333.896288524511
317.376862358534
280.269746697244
276.100800808588
304.335629638639
354.249188715413
276.279865164902
324.883141980085
350.140432787323
310.213021010327
318.78862004653
319.13997770938
328.830836544499
335.604485672555
316.534324775407
320.348440395489
314.239346652358
283.53215105975
319.258201699891
314.039033468868
339.051980446003
300.564592072322
288.446603678629
293.822873195933
357.411237732697
322.659540389203
343.587973134721
318.248521778758
311.182335340107
306.391772337714
276.498096208904
296.358069913946
349.97388074505
338.335953757482
277.89298811819
298.112019058949
293.74954841154
303.193527159879
288.008102302657
299.706012360384
340.690670458092
296.051909842667
337.518498861381
301.243071069331
320.895814581603
321.406787980305
331.536623104576
294.189667749545
339.073157688527
300.753852202102
275.26997021919
311.169106944472
307.673477097107
321.747006804265
344.107214729155
345.664399336885
285.645221152348
297.608749041835
281.376440788703
324.189480245208
343.530087892215
348.470785393503
290.547544645264
355.340054049122
293.796021441071
314.541540390353
333.365486367716
308.305290679683
350.253512602911
343.953963736287
316.379042017674
309.151977228692
310.013302003397
337.648912411294
324.070899514913
319.160874097924
323.770777648843
332.783388255297
277.071310728974
289.736386656299
298.872034523713
345.983468739224
323.075965028411
351.816889121976
310.958902204008
281.234600522482
289.913827954762
284.875778437453
306.699278577883
295.212505384046
341.668245768766
305.017480991816
290.100595583867
326.307605005686
355.596271818741
318.856729845045
343.611894045672
321.674292914909
330.248152621966
335.004394448085
348.195929420166
338.914016905027
357.239876235631
359.081273058666
358.641129119663
359.486280448253
359.179820870341
352.571445271195
359.171183952274
359.07604312846
271.679468913138
283.56188700537
270.863776831161
273.130551509033
271.258044114673
271.216081738501
272.729774886526
276.710524452248
271.688039407177
282.81671813017
312.456744897755
296.480184834971
307.712567919333
303.507169083685
273.596073596734
289.753760786547
300.13264283592
0
314.998977121985
270
0
