300.662770878093
328.358621255325
339.036370198904
322.421244489531
308.762878907066
338.292611274318
294.462857425963
319.195797269805
340.562591303249
316.123559407574
327.690680799396
303.652385863738
306.899270443829
338.105615901855
274.693976455068
278.047285193609
330.494423759596
329.375430779197
276.031584538204
280.677096155758
304.469495608871
335.889828130264
310.962205479069
316.090425530846
311.945274281976
320.569765635674
325.769587663159
355.499196396066
303.08650871605
339.828251838734
332.191831384728
321.239137971482
350.880652151782
314.917291569549
350.456075009207
313.294411879795
311.11467232284
283.116748014741
351.530042784256
282.107752098386
335.49024657212
297.08792621973
328.122531514717
309.888072281719
311.870922431747
307.312852808006
328.81237705286
322.632243736108
313.666005304311
340.188753107737
335.32057125676
275.62829009114
307.267959620673
326.033432489577
318.240561576732
284.508100086105
340.83271788312
340.403210278589
286.940992029599
297.219091244389
348.0737554156
323.270450651204
319.083173426997
288.340525508929
295.280147867091
354.608165694522
308.476443587446
308.17349658516
351.621233866015
318.028203561497
312.111543782202
314.288696280428
300.437035555436
343.402401325631
306.080248501871
274.62466421067
330.306514927554
317.39231125517
313.103361785181
319.541651745817
350.505375983953
283.796251326564
323.053035396337
286.658462942518
321.751006723666
314.528607612173
325.554153015456
334.953748196471
295.651992612195
324.634072204085
318.169991461491
325.594001788337
325.491765634652
354.424112110739
331.105947098738
299.805811919098
303.499157388302
351.421209204127
321.561704053355
354.679465203773
284.702244855431
287.071719454894
342.230796283037
308.51357339181
330.035699714481
318.525179344198
299.91044176343
275.106581195381
344.394364453772
309.57572931846
317.430653449713
311.357100545279
292.567220777003
301.992096791913
320.553883170569
279.600804172919
282.976528481479
325.209525104685
285.765810142215
313.587165910748
307.674001208855
302.553966261394
339.490357128078
302.716380217077
304.126115426903
276.875025299982
302.53658808885
347.560638332684
328.349199728276
308.7702087348
337.087472624902
335.654137587091
342.753811223594
347.472616444213
293.213361972733
298.036858759949
328.147372968268
302.716614120382
297.634036367589
299.122070686889
289.752390889245
343.667454921106
278.50488462818
343.389933906692
335.870760880517
334.847098475396
281.454946877536
292.004123075288
310.811005882054
291.352514026096
345.856150562388
320.775604949974
337.799255885367
307.926642989632
312.774556760396
353.626016153991
313.069078214062
315.778340967824
301.591026693258
279.887222639415
293.148843118613
294.574222999454
320.45901698763
294.317940325934
299.349224454022
306.13224067829
343.989618693425
290.556061946283
333.798641778553
273.501303616104
318.063650927569
288.291900690963
294.460227754996
356.638556885555
313.269359884939
297.936775083408
349.348724209219
350.199979009087
303.80268861299
288.505015252864
330.831107288598
344.275402720411
326.117275826194
354.732756315834
333.031961452514
281.03581345992
341.596959952879
325.352138878907
321.035172124066
293.690287307695
334.675565959387
315.203017725148
339.408174128808
277.129424891987
346.586790866964
312.199780178054
280.652023473834
287.154362889339
313.536434155396
285.922199775552
350.700127974773
329.062815293797
324.873950410914
331.869061518947
293.84221427989
318.098973921166
309.462164737324
291.319235770136
314.141514846493
287.213509857024
343.288397884296
324.383950545677
307.452660449827
303.799573676733
279.872824548923
293.228293821042
319.541078835186
353.596197361348
329.151683222006
334.833410428519
347.46484191146
317.245598522594
319.760328773518
356.903119161985
358.864431832681
350.408237434757
358.766604044541
357.462998909726
358.293309596152
277.908703297556
270.94717859923
272.318598283461
273.540904062142
270.631280758404
271.237770921504
283.4653637562
312.456158885006
275.895432389983
308.431625040667
295.526173869037
290.861917399433
0
314.99969418531
270
0
