350.651590874902
294.191090886103
327.63944913673
282.417035717326
293.612257419511
341.479413906678
300.010752884232
313.778185545594
300.202102943003
345.22210081477
334.750094580507
293.070926567589
320.631909069572
278.599315109748
299.636673693867
296.766250327561
307.914293231703
323.433867458207
304.817118012913
320.515613975813
329.57290290336
290.447511945995
315.424974878027
318.82567799528
335.853442006473
282.134510922806
276.913062772816
291.742487430561
305.234761456164
342.172453033311
330.965056689086
294.214349629563
324.351135585419
314.259650449387
273.504768090705
348.643400193584
307.198756497945
346.204160432634
310.832512508324
347.430264062459
289.981051036632
309.832051332656
347.163984305799
339.184969548059
293.22932956119
309.948756797691
288.085484171543
271.741281844423
311.342282673266
342.822768062884
307.912433639772
353.285053817107
325.376581144859
314.159646607634
304.726279706222
332.528933687974
323.316019696597
274.265670709387
292.270388592954
302.0462877253
350.628014539713
310.759584798962
298.829557348453
310.287793010583
281.842169482651
290.951066363317
272.991006863124
300.994142012009
341.51904040476
339.185075728748
281.644529511195
286.873702003565
322.087181962606
307.111255868364
324.895036313526
298.775785145446
310.96833678039
344.431787954709
330.350488892532
346.365413097791
280.923030979168
289.457743000574
317.653384092087
295.750052590916
301.687675329148
306.133353168494
305.728922115413
355.355382785674
296.996551226333
348.162570720076
317.87350613083
315.205973001212
317.352693818875
324.156248156543
298.662502065972
314.188251849114
294.795811689202
325.938528349342
331.624617728108
298.434062351014
330.175356585071
325.801851734998
300.938107297012
330.250971745321
307.117066547633
302.013887853416
303.371565756144
288.367303547997
331.454444005799
276.183726883701
305.493665347823
318.021752116136
335.915725142456
337.614957124857
288.312742477949
299.704555664006
320.299519028962
352.543841843847
315.155174931002
326.201386755065
328.029854082325
346.229697900618
317.331345965927
340.154800339165
357.172784063637
303.828347915061
351.723126148944
278.857269859199
338.147150513949
322.707111191241
305.544850944172
340.244163582908
297.233854840348
287.344158664076
338.389564377115
282.699415693054
313.151018226545
355.714907130753
334.981786159781
304.94282355336
310.348344931257
284.459112809058
276.884383385138
319.370507521356
324.917916748357
289.570510654163
335.783853161352
327.929396840005
284.770702169851
276.15446986969
275.687956151401
353.580410223997
295.003563019749
336.357737448617
284.165459878682
352.683566348686
313.437739275847
316.93443084452
316.605951422074
345.882592329604
305.358708979347
311.27883923442
316.563963800617
330.524423350452
330.927459347233
322.250362181977
316.500695519679
283.397430052987
287.403202191957
326.89955649158
343.986687949683
285.570041202864
314.960255661488
319.0989417615
326.880445713622
312.535203744603
309.274366000867
355.025088591488
279.967716877873
273.219934714305
314.08945137588
272.007751022243
311.486016097737
311.861397408853
330.028832616058
321.479234845644
313.054412239802
280.282406878141
330.816226176313
344.531052446385
318.80309946358
320.852562318382
285.151135210151
293.16496747305
349.590590131991
340.10834391824
334.048776762455
271.617385217684
298.158187796816
286.726805535819
314.866406015518
305.665486195006
327.840882328233
310.71473252729
353.554930827823
307.964788981003
277.727698660203
335.275381816402
322.668031636021
315.543954679558
276.227303997759
291.032440782366
279.402966902919
302.002637833036
319.625180889525
334.890882806674
323.680529254042
327.751266128413
344.186308305014
351.844427079507
339.879739517074
357.712194915403
352.636158422719
355.242142107595
359.812618580749
359.106924455494
358.342701350242
341.402156943157
359.82096171861
269.061646940787
269.190735781792
269.228388218734
268.518555197909
268.361468593459
262.539159438858
267.915659737834
284.965387955588
278.322757714572
290.226281171596
297.18206871401
310.521472233008
305.603552272333
273.4773789039
301.996163295347
0
315.001262603579
270
0
