323.388293298172
308.152878816617
303.756881124544
291.232705021761
279.282826947666
289.202181136481
280.113370602964
273.673404666686
332.808695877996
349.129317326921
281.611791284055
290.394367401852
334.000956961525
314.80422621837
287.879262276413
321.033326056884
287.044511575035
304.057552306305
307.468819778709
312.741025296352
352.096863475203
280.696155552764
354.611154881695
330.68524469464
318.05874671225
340.27202291635
304.659314083759
283.789681960869
337.540391619641
285.75771074897
337.399545736829
305.483266098545
281.403656249053
311.450098208001
316.040838105112
348.373346721189
274.653679492202
354.812810625409
332.462923438726
301.700812872102
290.623704307478
291.27983027363
326.628376901254
340.614815156116
307.438884198803
317.540566809189
350.449953287484
346.238823521165
301.222410297543
323.570420872312
276.84709782599
326.108329329341
301.441300603583
293.620726807471
318.597197246337
349.616324561001
305.168472244053
289.383204123482
321.314976328937
286.915819984281
277.228664448813
342.750384016407
301.491036108977
338.136652269579
307.482000887233
290.928288171924
304.490911901398
346.585533551798
316.944256818487
357.744087548476
294.840852036183
328.218585064368
351.94236319531
274.635266848781
309.388462236901
333.516530620623
318.643690406233
329.58001727645
343.50079691334
298.895984351148
316.79339018321
344.433201213759
318.971648447048
348.371344390346
311.727164851718
343.572330026941
321.786015887775
315.003428917852
333.17547294936
313.189247373867
299.471381350995
355.047315312333
322.335721956896
335.716274730273
337.330918713982
287.057382395231
342.706335639824
290.873177028538
280.040830503521
335.129375381262
298.164370887664
285.749844618685
322.114711320009
325.800281642515
303.250539133617
331.842461721515
328.217221159476
339.370273092225
320.954940396421
297.438668315129
336.471095111845
291.531568004458
298.537213178674
316.200320588796
313.41696723696
336.663545404395
291.334948398201
308.030929134308
282.671549912868
324.308643033113
297.431730424899
328.763185926067
283.828337424552
352.087320953413
313.662656532065
301.92426263207
347.28231783868
329.227005613269
353.419976155
313.947694953821
319.259118368519
328.511497894148
320.16260038586
299.703794872384
304.096476444896
310.153037002952
311.412500282775
342.479484364792
287.255342259173
316.343357939754
272.947677755668
312.49285084268
311.1687001584
274.993297018263
316.876356847059
320.860998140691
308.917429690624
324.375996590754
273.871659946737
315.27153717416
324.777134043315
285.790496602024
356.802352231155
351.909100459193
310.695070475856
297.842910124856
315.121561911845
332.370855062852
340.604013674804
301.448879657366
313.869252377962
285.566215431074
295.315761288936
285.609197520094
354.912191505548
315.287521162337
296.389641816349
319.99153816476
329.381429030823
303.246785458231
316.944956794744
319.271463697632
297.844451785429
330.942608412012
340.253709582608
306.437583393519
294.520009271034
294.8894707579
303.675011067904
331.381928191006
355.316356540955
303.602292584916
343.015249723991
275.91764999663
285.647727473598
310.319785128332
290.598140464579
305.794243953619
311.010695668837
337.308497846246
342.629363531421
351.472677308756
325.733381520988
307.240327773512
306.426928217762
350.7856246944
346.06904627021
355.478997117546
342.893253716272
330.97516125175
309.578878816409
326.300627169757
323.27004057646
326.442941067196
279.83755469136
275.092408849048
319.433066442474
312.468528327787
278.025625709907
329.455562102699
296.827974139587
319.149894690333
334.428472414417
341.432389327316
326.913598748848
350.90409813151
322.465718500377
332.634878188211
354.698697101161
337.735736637162
319.610182792635
1.83501489011428
359.699892284463
0.977461975402912
5.05945929481176
0.418929527200416
0.704139907642632
1.88048722393932
359.903681606279
268.003438902952
269.437018768374
264.651256901044
270.428483845945
268.866801846145
263.282557238143
270.406909531659
270.908361477642
290.328756885393
304.654573653539
284.0172394197
276.211455942371
311.200809980644
300.361116546245
294.505995246224
308.123616407257
0
315.001092818672
270
0
