-100.0,-100.0,0.644391481708
-100.0,-95.0,0.646235119096
-100.0,-90.0,0.644698097983
-100.0,-85.0,0.645171510668
-100.0,-80.0,0.64498700112
-100.0,-75.0,0.644164677264
-100.0,-70.0,0.64434328575
-100.0,-65.0,0.643754386495
-100.0,-60.0,0.641771542019
-100.0,-55.0,0.642927037774
-100.0,-50.0,0.646138539719
-100.0,-45.0,0.647621185161
-100.0,-40.0,0.6472483188
-100.0,-35.0,0.647601126996
-100.0,-30.0,0.649026016493
-100.0,-25.0,0.646722999207
-100.0,-20.0,0.646349595727
-100.0,-15.0,0.649354596032
-100.0,-10.0,0.650241622704
-100.0,-5.0,0.652139457923
-100.0,0.0,0.651858811138
-100.0,5.0,0.6522478622
-100.0,10.0,0.653096542522
-100.0,15.0,0.654219903662
-100.0,20.0,0.652956488902
-100.0,25.0,0.654019005751
-100.0,30.0,0.650809630544
-100.0,35.0,0.651595151018
-100.0,40.0,0.653230972311
-100.0,45.0,0.650766452548
-100.0,50.0,0.649215714749
-100.0,55.0,0.649761460686
-100.0,60.0,0.647991363278
-100.0,65.0,0.647659981558
-100.0,70.0,0.647492140816
-100.0,75.0,0.645666421367
-100.0,80.0,0.6467764305
-100.0,85.0,0.646415712046
-100.0,90.0,0.644924577863
-100.0,95.0,0.644018297061
-100.0,100.0,0.644391481708
-95.0,-100.0,0.644385366339
-95.0,-95.0,0.645455112434
-95.0,-90.0,0.64459670047
-95.0,-85.0,0.645184620295
-95.0,-80.0,0.645533886514
-95.0,-75.0,0.644128167393
-95.0,-70.0,0.640847894568
-95.0,-65.0,0.641458172932
-95.0,-60.0,0.643505844494
-95.0,-55.0,0.642920509259
-95.0,-50.0,0.642513926796
-95.0,-45.0,0.6440092423
-95.0,-40.0,0.646191149726
-95.0,-35.0,0.649942120765
-95.0,-30.0,0.649788115369
-95.0,-25.0,0.64564027833
-95.0,-20.0,0.647109604616
-95.0,-15.0,0.647371269443
-95.0,-10.0,0.649523170361
-95.0,-5.0,0.651790334938
-95.0,0.0,0.652943706295
-95.0,5.0,0.653386045018
-95.0,10.0,0.652265730148
-95.0,15.0,0.653833181781
-95.0,20.0,0.654246100908
-95.0,25.0,0.652047509139
-95.0,30.0,0.653148422359
-95.0,35.0,0.652588845037
-95.0,40.0,0.652074069829
-95.0,45.0,0.647754376448
-95.0,50.0,0.646351489047
-95.0,55.0,0.647312935348
-95.0,60.0,0.646699867314
-95.0,65.0,0.645700852567
-95.0,70.0,0.647089259411
-95.0,75.0,0.647212611929
-95.0,80.0,0.646270134856
-95.0,85.0,0.646004844108
-95.0,90.0,0.644603402695
-95.0,95.0,0.644133924204
-95.0,100.0,0.644385366339
-90.0,-100.0,0.645785928952
-90.0,-95.0,0.645616475338
-90.0,-90.0,0.647658279182
-90.0,-85.0,0.647177479678
-90.0,-80.0,0.648211189501
-90.0,-75.0,0.645989901693
-90.0,-70.0,0.643769166684
-90.0,-65.0,0.642543841574
-90.0,-60.0,0.643892642077
-90.0,-55.0,0.643204303884
-90.0,-50.0,0.644755694385
-90.0,-45.0,0.644912311288
-90.0,-40.0,0.646918288219
-90.0,-35.0,0.649198540241
-90.0,-30.0,0.648734577808
-90.0,-25.0,0.648224803729
-90.0,-20.0,0.648635524724
-90.0,-15.0,0.648579665965
-90.0,-10.0,0.651896279028
-90.0,-5.0,0.652842348257
-90.0,0.0,0.652666067961
-90.0,5.0,0.654172763302
-90.0,10.0,0.654680793975
-90.0,15.0,0.655462643245
-90.0,20.0,0.653375635474
-90.0,25.0,0.650961826902
-90.0,30.0,0.654603033124
-90.0,35.0,0.652039615802
-90.0,40.0,0.65152041406
-90.0,45.0,0.651691581541
-90.0,50.0,0.64912121407
-90.0,55.0,0.649311918417
-90.0,60.0,0.647451441608
-90.0,65.0,0.645011508549
-90.0,70.0,0.6462443498
-90.0,75.0,0.648116549855
-90.0,80.0,0.649037053839
-90.0,85.0,0.647979501543
-90.0,90.0,0.64752363066
-90.0,95.0,0.647429822833
-90.0,100.0,0.645785928952
-85.0,-100.0,0.647740247629
-85.0,-95.0,0.647313346814
-85.0,-90.0,0.6474337112
-85.0,-85.0,0.647517649057
-85.0,-80.0,0.646418333612
-85.0,-75.0,0.646453982851
-85.0,-70.0,0.646649832228
-85.0,-65.0,0.643718852483
-85.0,-60.0,0.644496434334
-85.0,-55.0,0.645415325486
-85.0,-50.0,0.647930243453
-85.0,-45.0,0.644912899151
-85.0,-40.0,0.643455265324
-85.0,-35.0,0.646033962945
-85.0,-30.0,0.646188511033
-85.0,-25.0,0.649879863027
-85.0,-20.0,0.65383453855
-85.0,-15.0,0.652103124356
-85.0,-10.0,0.653962892716
-85.0,-5.0,0.652165698269
-85.0,0.0,0.650895927938
-85.0,5.0,0.652821990112
-85.0,10.0,0.654429889361
-85.0,15.0,0.65454064069
-85.0,20.0,0.653736086631
-85.0,25.0,0.653249395454
-85.0,30.0,0.655621929119
-85.0,35.0,0.651559053349
-85.0,40.0,0.649868602898
-85.0,45.0,0.650698573511
-85.0,50.0,0.650316163611
-85.0,55.0,0.647539189166
-85.0,60.0,0.649368038659
-85.0,65.0,0.649618139025
-85.0,70.0,0.646736001438
-85.0,75.0,0.647053696667
-85.0,80.0,0.646180566144
-85.0,85.0,0.6484981835
-85.0,90.0,0.647285418384
-85.0,95.0,0.648050633154
-85.0,100.0,0.647740247629
-80.0,-100.0,0.645354540076
-80.0,-95.0,0.643725374733
-80.0,-90.0,0.646821206341
-80.0,-85.0,0.64637280375
-80.0,-80.0,0.648232908446
-80.0,-75.0,0.648145372491
-80.0,-70.0,0.644688971205
-80.0,-65.0,0.644795367653
-80.0,-60.0,0.645313854276
-80.0,-55.0,0.6426077447
-80.0,-50.0,0.643607193011
-80.0,-45.0,0.64454750138
-80.0,-40.0,0.646108146678
-80.0,-35.0,0.647704244036
-80.0,-30.0,0.648214925308
-80.0,-25.0,0.652369888972
-80.0,-20.0,0.652192257208
-80.0,-15.0,0.650516009641
-80.0,-10.0,0.651614591503
-80.0,-5.0,0.652632961847
-80.0,0.0,0.65460837413
-80.0,5.0,0.657569647335
-80.0,10.0,0.655612080473
-80.0,15.0,0.653130300112
-80.0,20.0,0.652014882933
-80.0,25.0,0.654072996161
-80.0,30.0,0.655466151757
-80.0,35.0,0.651017058438
-80.0,40.0,0.650006884858
-80.0,45.0,0.648811183543
-80.0,50.0,0.65017921143
-80.0,55.0,0.649588645944
-80.0,60.0,0.649401326005
-80.0,65.0,0.650240955211
-80.0,70.0,0.647631088178
-80.0,75.0,0.648005924583
-80.0,80.0,0.648199149501
-80.0,85.0,0.647502567014
-80.0,90.0,0.64934523526
-80.0,95.0,0.648869684989
-80.0,100.0,0.645354540076
-75.0,-100.0,0.645641242475
-75.0,-95.0,0.646268037244
-75.0,-90.0,0.644445604985
-75.0,-85.0,0.643284756544
-75.0,-80.0,0.647471459428
-75.0,-75.0,0.647625132752
-75.0,-70.0,0.64485292392
-75.0,-65.0,0.646051106764
-75.0,-60.0,0.647090337183
-75.0,-55.0,0.643321633162
-75.0,-50.0,0.641928701996
-75.0,-45.0,0.64470662801
-75.0,-40.0,0.64629413769
-75.0,-35.0,0.647668224185
-75.0,-30.0,0.648693974651
-75.0,-25.0,0.648780075094
-75.0,-20.0,0.649601942114
-75.0,-15.0,0.650059839682
-75.0,-10.0,0.653031741634
-75.0,-5.0,0.65234476646
-75.0,0.0,0.653371457328
-75.0,5.0,0.655233493428
-75.0,10.0,0.657166623841
-75.0,15.0,0.656237829166
-75.0,20.0,0.652506579411
-75.0,25.0,0.653139581129
-75.0,30.0,0.653820292719
-75.0,35.0,0.653508598844
-75.0,40.0,0.652107538953
-75.0,45.0,0.650045751804
-75.0,50.0,0.650547037906
-75.0,55.0,0.649250657961
-75.0,60.0,0.649369282861
-75.0,65.0,0.64925050076
-75.0,70.0,0.648767136671
-75.0,75.0,0.649789510149
-75.0,80.0,0.650567613889
-75.0,85.0,0.649768905155
-75.0,90.0,0.650377030699
-75.0,95.0,0.649492123648
-75.0,100.0,0.645641242475
-70.0,-100.0,0.649730044391
-70.0,-95.0,0.648724098496
-70.0,-90.0,0.644741889123
-70.0,-85.0,0.643367726523
-70.0,-80.0,0.644998596867
-70.0,-75.0,0.643640050383
-70.0,-70.0,0.643584088916
-70.0,-65.0,0.64759475928
-70.0,-60.0,0.647785974351
-70.0,-55.0,0.647718982031
-70.0,-50.0,0.645786166
-70.0,-45.0,0.646857330134
-70.0,-40.0,0.64769567958
-70.0,-35.0,0.645100289559
-70.0,-30.0,0.647018335716
-70.0,-25.0,0.649191103006
-70.0,-20.0,0.650327305699
-70.0,-15.0,0.651782841809
-70.0,-10.0,0.651699581873
-70.0,-5.0,0.652686617176
-70.0,0.0,0.652704058117
-70.0,5.0,0.654156658936
-70.0,10.0,0.657636500706
-70.0,15.0,0.655839337994
-70.0,20.0,0.653130528765
-70.0,25.0,0.652566977561
-70.0,30.0,0.653705817172
-70.0,35.0,0.654997257003
-70.0,40.0,0.655200875291
-70.0,45.0,0.651610266084
-70.0,50.0,0.650892559152
-70.0,55.0,0.646886335821
-70.0,60.0,0.647767478404
-70.0,65.0,0.649776448441
-70.0,70.0,0.650893520623
-70.0,75.0,0.651949844766
-70.0,80.0,0.650260485688
-70.0,85.0,0.648242451027
-70.0,90.0,0.65007914349
-70.0,95.0,0.649128407315
-70.0,100.0,0.649730044391
-65.0,-100.0,0.650590751241
-65.0,-95.0,0.648316830131
-65.0,-90.0,0.645579672879
-65.0,-85.0,0.645214699467
-65.0,-80.0,0.646359015161
-65.0,-75.0,0.642615740691
-65.0,-70.0,0.643273072618
-65.0,-65.0,0.645318379942
-65.0,-60.0,0.644515724473
-65.0,-55.0,0.648539172262
-65.0,-50.0,0.649105478826
-65.0,-45.0,0.648702366515
-65.0,-40.0,0.649329433873
-65.0,-35.0,0.646965208041
-65.0,-30.0,0.646831747565
-65.0,-25.0,0.649856708542
-65.0,-20.0,0.649036708137
-65.0,-15.0,0.648760393635
-65.0,-10.0,0.650116192625
-65.0,-5.0,0.65420199084
-65.0,0.0,0.656887505022
-65.0,5.0,0.660121021125
-65.0,10.0,0.65915889157
-65.0,15.0,0.655493143735
-65.0,20.0,0.652173469981
-65.0,25.0,0.654109915619
-65.0,30.0,0.652911329724
-65.0,35.0,0.654977698877
-65.0,40.0,0.654548937176
-65.0,45.0,0.653772817037
-65.0,50.0,0.654543862341
-65.0,55.0,0.650372853304
-65.0,60.0,0.650244219004
-65.0,65.0,0.650952028919
-65.0,70.0,0.650294785231
-65.0,75.0,0.651416901818
-65.0,80.0,0.65092866318
-65.0,85.0,0.648320826608
-65.0,90.0,0.647902768662
-65.0,95.0,0.650015641854
-65.0,100.0,0.650590751241
-60.0,-100.0,0.64977307017
-60.0,-95.0,0.64840865531
-60.0,-90.0,0.647574340723
-60.0,-85.0,0.645227222927
-60.0,-80.0,0.646994848314
-60.0,-75.0,0.647761637746
-60.0,-70.0,0.647434557326
-60.0,-65.0,0.647511470102
-60.0,-60.0,0.646525498848
-60.0,-55.0,0.649164235324
-60.0,-50.0,0.648262859741
-60.0,-45.0,0.646422498239
-60.0,-40.0,0.64871075685
-60.0,-35.0,0.649475810134
-60.0,-30.0,0.64651599075
-60.0,-25.0,0.644831257271
-60.0,-20.0,0.647966520829
-60.0,-15.0,0.649042063396
-60.0,-10.0,0.651091030247
-60.0,-5.0,0.655727318892
-60.0,0.0,0.657434277159
-60.0,5.0,0.658270521177
-60.0,10.0,0.658189594602
-60.0,15.0,0.65325098759
-60.0,20.0,0.653823709658
-60.0,25.0,0.655767821109
-60.0,30.0,0.654953633282
-60.0,35.0,0.655487874532
-60.0,40.0,0.654425365205
-60.0,45.0,0.652770328658
-60.0,50.0,0.652043571853
-60.0,55.0,0.653224039369
-60.0,60.0,0.653934635205
-60.0,65.0,0.654725475191
-60.0,70.0,0.652397818314
-60.0,75.0,0.651537220887
-60.0,80.0,0.652261291035
-60.0,85.0,0.649175841196
-60.0,90.0,0.647009442118
-60.0,95.0,0.649488848781
-60.0,100.0,0.64977307017
-55.0,-100.0,0.648113276824
-55.0,-95.0,0.647552561868
-55.0,-90.0,0.6485247396
-55.0,-85.0,0.645701567677
-55.0,-80.0,0.646893904428
-55.0,-75.0,0.648752727346
-55.0,-70.0,0.649372763162
-55.0,-65.0,0.64977876508
-55.0,-60.0,0.649957192043
-55.0,-55.0,0.648423313442
-55.0,-50.0,0.648436423667
-55.0,-45.0,0.648066350022
-55.0,-40.0,0.646929721851
-55.0,-35.0,0.647009327131
-55.0,-30.0,0.646894748895
-55.0,-25.0,0.645446436007
-55.0,-20.0,0.649566541562
-55.0,-15.0,0.651133923231
-55.0,-10.0,0.654022304615
-55.0,-5.0,0.655260794919
-55.0,0.0,0.657210380164
-55.0,5.0,0.657465284722
-55.0,10.0,0.656677048206
-55.0,15.0,0.655724134144
-55.0,20.0,0.656232299292
-55.0,25.0,0.656212399921
-55.0,30.0,0.654872616404
-55.0,35.0,0.654207742869
-55.0,40.0,0.655258142307
-55.0,45.0,0.651544147673
-55.0,50.0,0.649915266519
-55.0,55.0,0.652998489728
-55.0,60.0,0.654975391911
-55.0,65.0,0.655712949063
-55.0,70.0,0.653660883052
-55.0,75.0,0.651229312985
-55.0,80.0,0.651207982267
-55.0,85.0,0.649594607967
-55.0,90.0,0.649055504529
-55.0,95.0,0.648736598242
-55.0,100.0,0.648113276824
-50.0,-100.0,0.647963897469
-50.0,-95.0,0.648174839946
-50.0,-90.0,0.649292054414
-50.0,-85.0,0.64861146108
-50.0,-80.0,0.647230654292
-50.0,-75.0,0.64813452435
-50.0,-70.0,0.649623836324
-50.0,-65.0,0.650628709713
-50.0,-60.0,0.649250561804
-50.0,-55.0,0.645793322001
-50.0,-50.0,0.649922005723
-50.0,-45.0,0.651247476538
-50.0,-40.0,0.647388560206
-50.0,-35.0,0.646838863615
-50.0,-30.0,0.64841238519
-50.0,-25.0,0.648719617758
-50.0,-20.0,0.649898108121
-50.0,-15.0,0.648774179903
-50.0,-10.0,0.651095520382
-50.0,-5.0,0.655325470915
-50.0,0.0,0.661505673652
-50.0,5.0,0.662416054355
-50.0,10.0,0.65821633974
-50.0,15.0,0.657386924919
-50.0,20.0,0.657094385459
-50.0,25.0,0.654089743307
-50.0,30.0,0.65361332122
-50.0,35.0,0.653953888711
-50.0,40.0,0.654622835484
-50.0,45.0,0.655255499335
-50.0,50.0,0.65493145316
-50.0,55.0,0.65386559484
-50.0,60.0,0.65434704133
-50.0,65.0,0.653602279863
-50.0,70.0,0.652130917833
-50.0,75.0,0.651445925517
-50.0,80.0,0.651636608782
-50.0,85.0,0.650566652535
-50.0,90.0,0.650864828458
-50.0,95.0,0.648993639083
-50.0,100.0,0.647963897469
-45.0,-100.0,0.648271637973
-45.0,-95.0,0.649296805124
-45.0,-90.0,0.651063970965
-45.0,-85.0,0.651496865281
-45.0,-80.0,0.648564253477
-45.0,-75.0,0.648653429498
-45.0,-70.0,0.648332508489
-45.0,-65.0,0.650608619071
-45.0,-60.0,0.651766553858
-45.0,-55.0,0.648647854952
-45.0,-50.0,0.649561989438
-45.0,-45.0,0.648378642874
-45.0,-40.0,0.64917458833
-45.0,-35.0,0.649420304051
-45.0,-30.0,0.647506660057
-45.0,-25.0,0.649513565685
-45.0,-20.0,0.649986172481
-45.0,-15.0,0.648413585957
-45.0,-10.0,0.651479803739
-45.0,-5.0,0.657356891107
-45.0,0.0,0.662592430209
-45.0,5.0,0.66081677162
-45.0,10.0,0.655890124549
-45.0,15.0,0.658209804598
-45.0,20.0,0.658375457347
-45.0,25.0,0.653585280175
-45.0,30.0,0.654486148447
-45.0,35.0,0.654474069611
-45.0,40.0,0.652078294964
-45.0,45.0,0.654075996983
-45.0,50.0,0.654258144146
-45.0,55.0,0.653871570197
-45.0,60.0,0.654475432855
-45.0,65.0,0.651483206585
-45.0,70.0,0.652047915775
-45.0,75.0,0.654479455592
-45.0,80.0,0.651571593826
-45.0,85.0,0.650847448846
-45.0,90.0,0.648501056854
-45.0,95.0,0.647864966563
-45.0,100.0,0.648271637973
-40.0,-100.0,0.647702801487
-40.0,-95.0,0.648197896817
-40.0,-90.0,0.650498767018
-40.0,-85.0,0.649721992432
-40.0,-80.0,0.649064647706
-40.0,-75.0,0.649322905746
-40.0,-70.0,0.648937957623
-40.0,-65.0,0.650239287918
-40.0,-60.0,0.649815015139
-40.0,-55.0,0.647349169891
-40.0,-50.0,0.647955101949
-40.0,-45.0,0.647769729324
-40.0,-40.0,0.650549505567
-40.0,-35.0,0.64892525148
-40.0,-30.0,0.645474817874
-40.0,-25.0,0.647843762835
-40.0,-20.0,0.64851991983
-40.0,-15.0,0.648701268801
-40.0,-10.0,0.653743512636
-40.0,-5.0,0.658668385773
-40.0,0.0,0.660989501373
-40.0,5.0,0.659611465019
-40.0,10.0,0.655364417216
-40.0,15.0,0.657974807828
-40.0,20.0,0.659242297708
-40.0,25.0,0.655118418411
-40.0,30.0,0.654445398657
-40.0,35.0,0.652497625663
-40.0,40.0,0.651486617534
-40.0,45.0,0.653405666791
-40.0,50.0,0.654419984353
-40.0,55.0,0.652621236416
-40.0,60.0,0.652944600086
-40.0,65.0,0.651826151328
-40.0,70.0,0.653205081583
-40.0,75.0,0.655020556904
-40.0,80.0,0.651125725016
-40.0,85.0,0.650902349123
-40.0,90.0,0.649932961784
-40.0,95.0,0.648806823055
-40.0,100.0,0.647702801487
-35.0,-100.0,0.649109997488
-35.0,-95.0,0.647223084277
-35.0,-90.0,0.648353624925
-35.0,-85.0,0.648794971362
-35.0,-80.0,0.651075205989
-35.0,-75.0,0.651047377031
-35.0,-70.0,0.648713447854
-35.0,-65.0,0.648535511413
-35.0,-60.0,0.648467005735
-35.0,-55.0,0.649591453036
-35.0,-50.0,0.64729506956
-35.0,-45.0,0.64654918561
-35.0,-40.0,0.648297271262
-35.0,-35.0,0.647909239578
-35.0,-30.0,0.645990239738
-35.0,-25.0,0.647107774857
-35.0,-20.0,0.650191070707
-35.0,-15.0,0.652015976576
-35.0,-10.0,0.655313076466
-35.0,-5.0,0.656893650246
-35.0,0.0,0.658777865699
-35.0,5.0,0.660044567089
-35.0,10.0,0.65760769347
-35.0,15.0,0.656989425644
-35.0,20.0,0.657824602553
-35.0,25.0,0.65765436611
-35.0,30.0,0.656413355862
-35.0,35.0,0.654267419807
-35.0,40.0,0.653123666527
-35.0,45.0,0.653980632604
-35.0,50.0,0.653861887574
-35.0,55.0,0.650899718361
-35.0,60.0,0.651700619363
-35.0,65.0,0.653800462989
-35.0,70.0,0.655444438124
-35.0,75.0,0.65337842433
-35.0,80.0,0.65102136476
-35.0,85.0,0.652871584785
-35.0,90.0,0.654056437618
-35.0,95.0,0.651533934991
-35.0,100.0,0.649109997488
-30.0,-100.0,0.652877567205
-30.0,-95.0,0.64868652797
-30.0,-90.0,0.646625125563
-30.0,-85.0,0.649797204354
-30.0,-80.0,0.651923893308
-30.0,-75.0,0.651388850966
-30.0,-70.0,0.649633282523
-30.0,-65.0,0.649205810402
-30.0,-60.0,0.651512298855
-30.0,-55.0,0.651551919555
-30.0,-50.0,0.64846961499
-30.0,-45.0,0.646916765494
-30.0,-40.0,0.647522964596
-30.0,-35.0,0.648277691639
-30.0,-30.0,0.651629407933
-30.0,-25.0,0.652482733834
-30.0,-20.0,0.651369136913
-30.0,-15.0,0.6542461718
-30.0,-10.0,0.655176972912
-30.0,-5.0,0.657307866506
-30.0,0.0,0.658095585036
-30.0,5.0,0.659822821453
-30.0,10.0,0.658061241444
-30.0,15.0,0.656653695279
-30.0,20.0,0.655449525262
-30.0,25.0,0.658586660195
-30.0,30.0,0.658513396982
-30.0,35.0,0.657969887382
-30.0,40.0,0.654826089432
-30.0,45.0,0.653350389097
-30.0,50.0,0.652940906062
-30.0,55.0,0.651992748697
-30.0,60.0,0.652119977463
-30.0,65.0,0.652326180141
-30.0,70.0,0.653442206263
-30.0,75.0,0.65330928657
-30.0,80.0,0.654741733623
-30.0,85.0,0.654059716451
-30.0,90.0,0.653291813582
-30.0,95.0,0.652516757367
-30.0,100.0,0.652877567205
-25.0,-100.0,0.654920094132
-25.0,-95.0,0.652441424858
-25.0,-90.0,0.6507305088
-25.0,-85.0,0.649366789452
-25.0,-80.0,0.649438856151
-25.0,-75.0,0.651430515717
-25.0,-70.0,0.649982534368
-25.0,-65.0,0.650874814435
-25.0,-60.0,0.649443601295
-25.0,-55.0,0.648911829807
-25.0,-50.0,0.648499031978
-25.0,-45.0,0.64953715114
-25.0,-40.0,0.649548668832
-25.0,-35.0,0.651129547848
-25.0,-30.0,0.654020939103
-25.0,-25.0,0.65334805229
-25.0,-20.0,0.652550601186
-25.0,-15.0,0.652536422169
-25.0,-10.0,0.654562359437
-25.0,-5.0,0.658189313589
-25.0,0.0,0.657739065408
-25.0,5.0,0.658842274233
-25.0,10.0,0.659250691714
-25.0,15.0,0.660454584172
-25.0,20.0,0.658553091644
-25.0,25.0,0.656154112631
-25.0,30.0,0.655754254313
-25.0,35.0,0.657040916532
-25.0,40.0,0.655586337414
-25.0,45.0,0.65498068402
-25.0,50.0,0.656004645365
-25.0,55.0,0.652688254189
-25.0,60.0,0.652898525644
-25.0,65.0,0.651336206093
-25.0,70.0,0.649547211594
-25.0,75.0,0.6528442803
-25.0,80.0,0.65439918476
-25.0,85.0,0.650640668808
-25.0,90.0,0.650393390902
-25.0,95.0,0.653039710523
-25.0,100.0,0.654920094132
-20.0,-100.0,0.654143866014
-20.0,-95.0,0.653326656696
-20.0,-90.0,0.652866448839
-20.0,-85.0,0.650446740545
-20.0,-80.0,0.652276762303
-20.0,-75.0,0.651170962313
-20.0,-70.0,0.651052120702
-20.0,-65.0,0.651884807868
-20.0,-60.0,0.649440959706
-20.0,-55.0,0.648619953077
-20.0,-50.0,0.650220879179
-20.0,-45.0,0.652211367466
-20.0,-40.0,0.653885275953
-20.0,-35.0,0.653042035985
-20.0,-30.0,0.654304879247
-20.0,-25.0,0.656974954101
-20.0,-20.0,0.658717936606
-20.0,-15.0,0.656597174208
-20.0,-10.0,0.656356988922
-20.0,-5.0,0.659950297672
-20.0,0.0,0.659652338827
-20.0,5.0,0.658397870652
-20.0,10.0,0.659354557419
-20.0,15.0,0.660239358443
-20.0,20.0,0.66101294118
-20.0,25.0,0.657746813164
-20.0,30.0,0.656748142752
-20.0,35.0,0.658440028852
-20.0,40.0,0.656331177331
-20.0,45.0,0.656098467872
-20.0,50.0,0.656826172223
-20.0,55.0,0.656063550633
-20.0,60.0,0.655191904013
-20.0,65.0,0.654255362941
-20.0,70.0,0.650572292997
-20.0,75.0,0.651150376479
-20.0,80.0,0.652881451368
-20.0,85.0,0.65175196013
-20.0,90.0,0.651652564236
-20.0,95.0,0.655689789122
-20.0,100.0,0.654143866014
-15.0,-100.0,0.653558171784
-15.0,-95.0,0.652867585637
-15.0,-90.0,0.653122589349
-15.0,-85.0,0.652726772483
-15.0,-80.0,0.652984079793
-15.0,-75.0,0.653193601811
-15.0,-70.0,0.651245319724
-15.0,-65.0,0.651010035361
-15.0,-60.0,0.651469560127
-15.0,-55.0,0.648917168962
-15.0,-50.0,0.649592653203
-15.0,-45.0,0.651109007093
-15.0,-40.0,0.653672175498
-15.0,-35.0,0.651798993696
-15.0,-30.0,0.654500592558
-15.0,-25.0,0.656853802055
-15.0,-20.0,0.659801692657
-15.0,-15.0,0.658425454498
-15.0,-10.0,0.65750062312
-15.0,-5.0,0.660440204222
-15.0,0.0,0.658056863952
-15.0,5.0,0.657142827993
-15.0,10.0,0.658629411134
-15.0,15.0,0.657816109787
-15.0,20.0,0.658220831967
-15.0,25.0,0.658831697778
-15.0,30.0,0.659840404451
-15.0,35.0,0.661529706129
-15.0,40.0,0.657726933877
-15.0,45.0,0.654646764885
-15.0,50.0,0.657289829978
-15.0,55.0,0.65936995942
-15.0,60.0,0.655807041387
-15.0,65.0,0.65447192333
-15.0,70.0,0.653015530539
-15.0,75.0,0.652867339278
-15.0,80.0,0.653628928158
-15.0,85.0,0.653998747152
-15.0,90.0,0.653045308018
-15.0,95.0,0.654166636514
-15.0,100.0,0.653558171784
-10.0,-100.0,0.656327167221
-10.0,-95.0,0.656276336539
-10.0,-90.0,0.654813117318
-10.0,-85.0,0.655059770741
-10.0,-80.0,0.655002054431
-10.0,-75.0,0.655637052748
-10.0,-70.0,0.653557786988
-10.0,-65.0,0.651889230369
-10.0,-60.0,0.652455405306
-10.0,-55.0,0.651702689154
-10.0,-50.0,0.651393547465
-10.0,-45.0,0.65548455083
-10.0,-40.0,0.655137923857
-10.0,-35.0,0.655948328121
-10.0,-30.0,0.656422771151
-10.0,-25.0,0.655718823095
-10.0,-20.0,0.657893565893
-10.0,-15.0,0.658700536375
-10.0,-10.0,0.659867086074
-10.0,-5.0,0.659995156443
-10.0,0.0,0.660387135725
-10.0,5.0,0.660502817058
-10.0,10.0,0.659404128399
-10.0,15.0,0.658471658861
-10.0,20.0,0.658566882003
-10.0,25.0,0.657193834366
-10.0,30.0,0.659217307974
-10.0,35.0,0.660500736074
-10.0,40.0,0.6589835497
-10.0,45.0,0.657780088314
-10.0,50.0,0.658446393064
-10.0,55.0,0.659388761244
-10.0,60.0,0.65778424407
-10.0,65.0,0.657386714147
-10.0,70.0,0.656493256084
-10.0,75.0,0.657339355494
-10.0,80.0,0.65615451347
-10.0,85.0,0.655300815308
-10.0,90.0,0.6563010583
-10.0,95.0,0.655345645812
-10.0,100.0,0.656327167221
-5.0,-100.0,0.655943789667
-5.0,-95.0,0.656408627226
-5.0,-90.0,0.657223471944
-5.0,-85.0,0.656670119292
-5.0,-80.0,0.655424643805
-5.0,-75.0,0.656310209544
-5.0,-70.0,0.65592777601
-5.0,-65.0,0.653145528632
-5.0,-60.0,0.654492352945
-5.0,-55.0,0.6560900933
-5.0,-50.0,0.658377143007
-5.0,-45.0,0.657423452563
-5.0,-40.0,0.658134123772
-5.0,-35.0,0.659864696576
-5.0,-30.0,0.658988115409
-5.0,-25.0,0.659024472871
-5.0,-20.0,0.661216454757
-5.0,-15.0,0.658642557027
-5.0,-10.0,0.658495019759
-5.0,-5.0,0.661689478089
-5.0,0.0,0.665004604543
-5.0,5.0,0.66656824292
-5.0,10.0,0.662429572547
-5.0,15.0,0.659704398628
-5.0,20.0,0.659782582905
-5.0,25.0,0.6575881961
-5.0,30.0,0.658074791375
-5.0,35.0,0.661499908011
-5.0,40.0,0.65969417056
-5.0,45.0,0.659677024402
-5.0,50.0,0.65986212048
-5.0,55.0,0.660554939884
-5.0,60.0,0.660480866748
-5.0,65.0,0.660089981625
-5.0,70.0,0.661840247135
-5.0,75.0,0.658226548719
-5.0,80.0,0.656224713658
-5.0,85.0,0.65651856984
-5.0,90.0,0.655426343656
-5.0,95.0,0.658341824277
-5.0,100.0,0.655943789667
0.0,-100.0,0.657009773778
0.0,-95.0,0.654816624448
0.0,-90.0,0.656095256235
0.0,-85.0,0.655847947501
0.0,-80.0,0.65377029385
0.0,-75.0,0.654517496848
0.0,-70.0,0.655273909354
0.0,-65.0,0.652762489364
0.0,-60.0,0.654343033259
0.0,-55.0,0.656282794629
0.0,-50.0,0.659473132219
0.0,-45.0,0.659372249308
0.0,-40.0,0.65862938292
0.0,-35.0,0.658182440329
0.0,-30.0,0.658622398421
0.0,-25.0,0.658968975904
0.0,-20.0,0.659926233943
0.0,-15.0,0.660222643211
0.0,-10.0,0.660033141698
0.0,-5.0,0.662078522611
0.0,0.0,0.664313672843
0.0,5.0,0.665634548813
0.0,10.0,0.661725557797
0.0,15.0,0.658458352363
0.0,20.0,0.657329325158
0.0,25.0,0.657818358602
0.0,30.0,0.660060860397
0.0,35.0,0.660548257236
0.0,40.0,0.659064972714
0.0,45.0,0.659246736055
0.0,50.0,0.660246393456
0.0,55.0,0.66042131721
0.0,60.0,0.660696703945
0.0,65.0,0.65926836527
0.0,70.0,0.659601618046
0.0,75.0,0.65747972967
0.0,80.0,0.658868124511
0.0,85.0,0.655472789228
0.0,90.0,0.653635635838
0.0,95.0,0.657899527296
0.0,100.0,0.657009773778
5.0,-100.0,0.657734235511
5.0,-95.0,0.658955238211
5.0,-90.0,0.654413398193
5.0,-85.0,0.653790855113
5.0,-80.0,0.654799548834
5.0,-75.0,0.654732740004
5.0,-70.0,0.655584754598
5.0,-65.0,0.656367299367
5.0,-60.0,0.655802848252
5.0,-55.0,0.655035705731
5.0,-50.0,0.657080649369
5.0,-45.0,0.65723748524
5.0,-40.0,0.657223656738
5.0,-35.0,0.659764003031
5.0,-30.0,0.661202057565
5.0,-25.0,0.659072304899
5.0,-20.0,0.660237436443
5.0,-15.0,0.658209973767
5.0,-10.0,0.657146937641
5.0,-5.0,0.659396658392
5.0,0.0,0.659512001459
5.0,5.0,0.662372199086
5.0,10.0,0.660354063509
5.0,15.0,0.658950505706
5.0,20.0,0.658928382379
5.0,25.0,0.656861508794
5.0,30.0,0.657705083891
5.0,35.0,0.658896492382
5.0,40.0,0.658752194213
5.0,45.0,0.660070348649
5.0,50.0,0.661298651834
5.0,55.0,0.659971932666
5.0,60.0,0.65954818302
5.0,65.0,0.658255052775
5.0,70.0,0.656663993795
5.0,75.0,0.656417206156
5.0,80.0,0.66002060642
5.0,85.0,0.658262497363
5.0,90.0,0.65407266321
5.0,95.0,0.654911535519
5.0,100.0,0.657734235511
10.0,-100.0,0.655341829531
10.0,-95.0,0.656109986138
10.0,-90.0,0.655831240599
10.0,-85.0,0.653867472996
10.0,-80.0,0.652423507253
10.0,-75.0,0.653563985389
10.0,-70.0,0.652524725844
10.0,-65.0,0.655291658474
10.0,-60.0,0.657660913723
10.0,-55.0,0.655619757198
10.0,-50.0,0.654841920208
10.0,-45.0,0.656249521896
10.0,-40.0,0.657826568403
10.0,-35.0,0.659234365302
10.0,-30.0,0.659726733855
10.0,-25.0,0.658307132205
10.0,-20.0,0.659990455931
10.0,-15.0,0.657586645534
10.0,-10.0,0.655133253602
10.0,-5.0,0.660451426521
10.0,0.0,0.659798083283
10.0,5.0,0.6578620674
10.0,10.0,0.657039258687
10.0,15.0,0.657614832345
10.0,20.0,0.65863089735
10.0,25.0,0.657936551923
10.0,30.0,0.65834900198
10.0,35.0,0.659550491852
10.0,40.0,0.6593956146
10.0,45.0,0.657721072552
10.0,50.0,0.657224620358
10.0,55.0,0.658591440289
10.0,60.0,0.657400877644
10.0,65.0,0.657316127577
10.0,70.0,0.657677951846
10.0,75.0,0.657033883631
10.0,80.0,0.656875973995
10.0,85.0,0.656034022473
10.0,90.0,0.654260740741
10.0,95.0,0.653482072671
10.0,100.0,0.655341829531
15.0,-100.0,0.655426181367
15.0,-95.0,0.653135924004
15.0,-90.0,0.652927129409
15.0,-85.0,0.651430486346
15.0,-80.0,0.649991146951
15.0,-75.0,0.652556315123
15.0,-70.0,0.652090225137
15.0,-65.0,0.654163458201
15.0,-60.0,0.654207749479
15.0,-55.0,0.653727874993
15.0,-50.0,0.655114107752
15.0,-45.0,0.655844261763
15.0,-40.0,0.656400126837
15.0,-35.0,0.657056943418
15.0,-30.0,0.657722182928
15.0,-25.0,0.657068442488
15.0,-20.0,0.657769833655
15.0,-15.0,0.658612326878
15.0,-10.0,0.656673501502
15.0,-5.0,0.660348640036
15.0,0.0,0.661967032515
15.0,5.0,0.65955721871
15.0,10.0,0.656822781459
15.0,15.0,0.655787297453
15.0,20.0,0.658173171366
15.0,25.0,0.657780578679
15.0,30.0,0.659304184049
15.0,35.0,0.659899161353
15.0,40.0,0.661299464213
15.0,45.0,0.660910272346
15.0,50.0,0.657485963019
15.0,55.0,0.655677756601
15.0,60.0,0.654161211168
15.0,65.0,0.654876419358
15.0,70.0,0.654532119441
15.0,75.0,0.656143601257
15.0,80.0,0.652876900334
15.0,85.0,0.654015338431
15.0,90.0,0.654356959701
15.0,95.0,0.654421850434
15.0,100.0,0.655426181367
20.0,-100.0,0.654834327653
20.0,-95.0,0.654930225003
20.0,-90.0,0.652546006626
20.0,-85.0,0.650898707699
20.0,-80.0,0.648283813597
20.0,-75.0,0.652529436573
20.0,-70.0,0.652610215598
20.0,-65.0,0.653052317732
20.0,-60.0,0.652110316239
20.0,-55.0,0.652199858806
20.0,-50.0,0.65585255149
20.0,-45.0,0.654390033413
20.0,-40.0,0.652818779434
20.0,-35.0,0.656717891658
20.0,-30.0,0.657845620964
20.0,-25.0,0.657155329197
20.0,-20.0,0.657723049255
20.0,-15.0,0.656513324058
20.0,-10.0,0.657034043833
20.0,-5.0,0.657928046581
20.0,0.0,0.659864238992
20.0,5.0,0.660820914547
20.0,10.0,0.656800291892
20.0,15.0,0.654874564188
20.0,20.0,0.656947016994
20.0,25.0,0.657717618983
20.0,30.0,0.658858869541
20.0,35.0,0.657880348174
20.0,40.0,0.658102681133
20.0,45.0,0.658077249523
20.0,50.0,0.657430555603
20.0,55.0,0.655449096067
20.0,60.0,0.65159292195
20.0,65.0,0.651285569539
20.0,70.0,0.652161159485
20.0,75.0,0.651967586404
20.0,80.0,0.652005396489
20.0,85.0,0.650877225163
20.0,90.0,0.652192738246
20.0,95.0,0.653010901076
20.0,100.0,0.654834327653
25.0,-100.0,0.650161054055
25.0,-95.0,0.650047950343
25.0,-90.0,0.650539181939
25.0,-85.0,0.652240497536
25.0,-80.0,0.652498351285
25.0,-75.0,0.651328217811
25.0,-70.0,0.651074715969
25.0,-65.0,0.651306178427
25.0,-60.0,0.651744323427
25.0,-55.0,0.651669011201
25.0,-50.0,0.651235364215
25.0,-45.0,0.650751803927
25.0,-40.0,0.652488140848
25.0,-35.0,0.65415665722
25.0,-30.0,0.655771746229
25.0,-25.0,0.65564043527
25.0,-20.0,0.655202009048
25.0,-15.0,0.654618448722
25.0,-10.0,0.65620944064
25.0,-5.0,0.658686957808
25.0,0.0,0.658652660473
25.0,5.0,0.657671601435
25.0,10.0,0.655541455825
25.0,15.0,0.656281713482
25.0,20.0,0.659702511974
25.0,25.0,0.657521896229
25.0,30.0,0.658885912944
25.0,35.0,0.657810175583
25.0,40.0,0.655549227663
25.0,45.0,0.655402502182
25.0,50.0,0.653263486045
25.0,55.0,0.652198475891
25.0,60.0,0.648714402851
25.0,65.0,0.649263782437
25.0,70.0,0.649717346582
25.0,75.0,0.6515275751
25.0,80.0,0.652373937405
25.0,85.0,0.650457475816
25.0,90.0,0.651720003376
25.0,95.0,0.650375929022
25.0,100.0,0.650161054055
30.0,-100.0,0.649160211955
30.0,-95.0,0.649015377683
30.0,-90.0,0.651681262463
30.0,-85.0,0.654170925191
30.0,-80.0,0.653089102917
30.0,-75.0,0.650799260351
30.0,-70.0,0.650326855032
30.0,-65.0,0.65263184752
30.0,-60.0,0.652872397776
30.0,-55.0,0.650614554173
30.0,-50.0,0.649833683604
30.0,-45.0,0.651333150782
30.0,-40.0,0.652664765306
30.0,-35.0,0.65286665109
30.0,-30.0,0.65488634437
30.0,-25.0,0.653199319902
30.0,-20.0,0.65535834979
30.0,-15.0,0.653776774029
30.0,-10.0,0.656350187669
30.0,-5.0,0.659562715912
30.0,0.0,0.65934850478
30.0,5.0,0.659867860574
30.0,10.0,0.658302674931
30.0,15.0,0.659040896162
30.0,20.0,0.660154746048
30.0,25.0,0.656935700615
30.0,30.0,0.656646535424
30.0,35.0,0.657376542605
30.0,40.0,0.656564131873
30.0,45.0,0.653976569853
30.0,50.0,0.651941583419
30.0,55.0,0.65073091464
30.0,60.0,0.648058727776
30.0,65.0,0.647807391967
30.0,70.0,0.649629968413
30.0,75.0,0.653203409959
30.0,80.0,0.654008039849
30.0,85.0,0.652311098246
30.0,90.0,0.651718760486
30.0,95.0,0.652114797515
30.0,100.0,0.649160211955
35.0,-100.0,0.649297072248
35.0,-95.0,0.651063313287
35.0,-90.0,0.650878033874
35.0,-85.0,0.64961884435
35.0,-80.0,0.650228982711
35.0,-75.0,0.651133841756
35.0,-70.0,0.652001923254
35.0,-65.0,0.650133716154
35.0,-60.0,0.652971533153
35.0,-55.0,0.650056486158
35.0,-50.0,0.650056894485
35.0,-45.0,0.652320943541
35.0,-40.0,0.648686781323
35.0,-35.0,0.64851072029
35.0,-30.0,0.653402752498
35.0,-25.0,0.651379949828
35.0,-20.0,0.653490162588
35.0,-15.0,0.653529396227
35.0,-10.0,0.65369747836
35.0,-5.0,0.657021776466
35.0,0.0,0.657553857168
35.0,5.0,0.659429516784
35.0,10.0,0.66070547497
35.0,15.0,0.65723451065
35.0,20.0,0.659395849588
35.0,25.0,0.658423367146
35.0,30.0,0.655195096021
35.0,35.0,0.653591720648
35.0,40.0,0.651938212967
35.0,45.0,0.650458921003
35.0,50.0,0.650315100773
35.0,55.0,0.652332163289
35.0,60.0,0.649408238533
35.0,65.0,0.64738828082
35.0,70.0,0.647873658088
35.0,75.0,0.650600327259
35.0,80.0,0.653058424578
35.0,85.0,0.651740808994
35.0,90.0,0.650034709623
35.0,95.0,0.650958624404
35.0,100.0,0.649297072248
40.0,-100.0,0.648119860271
40.0,-95.0,0.651615151858
40.0,-90.0,0.651683453088
40.0,-85.0,0.648935651064
40.0,-80.0,0.650322713405
40.0,-75.0,0.653806400924
40.0,-70.0,0.653247561077
40.0,-65.0,0.649577192841
40.0,-60.0,0.651950822577
40.0,-55.0,0.651421061435
40.0,-50.0,0.649565674681
40.0,-45.0,0.649007553738
40.0,-40.0,0.647340365766
40.0,-35.0,0.647261176451
40.0,-30.0,0.652490653802
40.0,-25.0,0.65174589089
40.0,-20.0,0.649714525725
40.0,-15.0,0.652178535625
40.0,-10.0,0.654016408894
40.0,-5.0,0.656469205619
40.0,0.0,0.658534251318
40.0,5.0,0.660803839363
40.0,10.0,0.660970189452
40.0,15.0,0.657112174571
40.0,20.0,0.65627828394
40.0,25.0,0.655377923042
40.0,30.0,0.655825845559
40.0,35.0,0.652904639861
40.0,40.0,0.648418358077
40.0,45.0,0.646850078108
40.0,50.0,0.648262745255
40.0,55.0,0.647882676695
40.0,60.0,0.651284056445
40.0,65.0,0.648679696766
40.0,70.0,0.645990341599
40.0,75.0,0.648039180412
40.0,80.0,0.653706889286
40.0,85.0,0.652264147091
40.0,90.0,0.648579835071
40.0,95.0,0.647263671141
40.0,100.0,0.648119860271
45.0,-100.0,0.64708674042
45.0,-95.0,0.649148675587
45.0,-90.0,0.649973576007
45.0,-85.0,0.650469497011
45.0,-80.0,0.651089718098
45.0,-75.0,0.64978507661
45.0,-70.0,0.651162293573
45.0,-65.0,0.649469613735
45.0,-60.0,0.648998608322
45.0,-55.0,0.650836112425
45.0,-50.0,0.650562146079
45.0,-45.0,0.649688762359
45.0,-40.0,0.648369355806
45.0,-35.0,0.647105646172
45.0,-30.0,0.650020140173
45.0,-25.0,0.649921325985
45.0,-20.0,0.648770852554
45.0,-15.0,0.651282718824
45.0,-10.0,0.654079844244
45.0,-5.0,0.657964828073
45.0,0.0,0.659759690668
45.0,5.0,0.661896476805
45.0,10.0,0.660464400909
45.0,15.0,0.658617300157
45.0,20.0,0.655639189568
45.0,25.0,0.651196942742
45.0,30.0,0.650116971621
45.0,35.0,0.651848251814
45.0,40.0,0.650289964264
45.0,45.0,0.64748446467
45.0,50.0,0.646422695489
45.0,55.0,0.648386681849
45.0,60.0,0.648962865222
45.0,65.0,0.648710283719
45.0,70.0,0.647701332594
45.0,75.0,0.648541379566
45.0,80.0,0.651043105346
45.0,85.0,0.649444692241
45.0,90.0,0.648161305752
45.0,95.0,0.647165022594
45.0,100.0,0.64708674042
50.0,-100.0,0.649046579675
50.0,-95.0,0.648985902343
50.0,-90.0,0.649101969478
50.0,-85.0,0.650566218694
50.0,-80.0,0.650119175456
50.0,-75.0,0.646925729521
50.0,-70.0,0.650406987922
50.0,-65.0,0.651568402804
50.0,-60.0,0.649761857921
50.0,-55.0,0.650156915178
50.0,-50.0,0.65136682115
50.0,-45.0,0.648789135099
50.0,-40.0,0.647591978266
50.0,-35.0,0.648474464591
50.0,-30.0,0.647001868522
50.0,-25.0,0.647688614069
50.0,-20.0,0.650926471901
50.0,-15.0,0.652325966382
50.0,-10.0,0.652687502021
50.0,-5.0,0.656269218668
50.0,0.0,0.657564183276
50.0,5.0,0.657902448059
50.0,10.0,0.659427363538
50.0,15.0,0.660068905036
50.0,20.0,0.656088719584
50.0,25.0,0.649213330315
50.0,30.0,0.647789622318
50.0,35.0,0.651317159478
50.0,40.0,0.650082409344
50.0,45.0,0.646383241745
50.0,50.0,0.647417457932
50.0,55.0,0.648264688848
50.0,60.0,0.646885603554
50.0,65.0,0.650039925224
50.0,70.0,0.650580322017
50.0,75.0,0.648418457352
50.0,80.0,0.648208051564
50.0,85.0,0.647054724342
50.0,90.0,0.648486302663
50.0,95.0,0.648640119138
50.0,100.0,0.649046579675
55.0,-100.0,0.647389598575
55.0,-95.0,0.647224609954
55.0,-90.0,0.647386011556
55.0,-85.0,0.649736011224
55.0,-80.0,0.649252575509
55.0,-75.0,0.648444562358
55.0,-70.0,0.64825033024
55.0,-65.0,0.649268016818
55.0,-60.0,0.647660994032
55.0,-55.0,0.649158401079
55.0,-50.0,0.650049122886
55.0,-45.0,0.649351294597
55.0,-40.0,0.648563169251
55.0,-35.0,0.649241109134
55.0,-30.0,0.650289803664
55.0,-25.0,0.646783496866
55.0,-20.0,0.651069616693
55.0,-15.0,0.652361646234
55.0,-10.0,0.652019758789
55.0,-5.0,0.6549668796
55.0,0.0,0.658269198579
55.0,5.0,0.65912524213
55.0,10.0,0.659706508263
55.0,15.0,0.656630013387
55.0,20.0,0.654826061964
55.0,25.0,0.652141807426
55.0,30.0,0.65070014873
55.0,35.0,0.650483993439
55.0,40.0,0.648371515127
55.0,45.0,0.645081781477
55.0,50.0,0.645590691575
55.0,55.0,0.648094177734
55.0,60.0,0.646047860727
55.0,65.0,0.647938634118
55.0,70.0,0.647167310518
55.0,75.0,0.646214757546
55.0,80.0,0.649308064902
55.0,85.0,0.647925434087
55.0,90.0,0.645556614387
55.0,95.0,0.644639663364
55.0,100.0,0.647389598575
60.0,-100.0,0.647593687425
60.0,-95.0,0.647108312285
60.0,-90.0,0.647808400537
60.0,-85.0,0.64668183758
60.0,-80.0,0.646614457965
60.0,-75.0,0.648908950976
60.0,-70.0,0.647207578144
60.0,-65.0,0.648554167333
60.0,-60.0,0.650052110597
60.0,-55.0,0.650294526431
60.0,-50.0,0.647457304995
60.0,-45.0,0.649078857088
60.0,-40.0,0.647262662301
60.0,-35.0,0.648134109176
60.0,-30.0,0.649675148577
60.0,-25.0,0.648752542147
60.0,-20.0,0.650576838889
60.0,-15.0,0.651495394848
60.0,-10.0,0.651663249633
60.0,-5.0,0.653335197827
60.0,0.0,0.655653523605
60.0,5.0,0.659944052792
60.0,10.0,0.657845786203
60.0,15.0,0.654165241275
60.0,20.0,0.652026270224
60.0,25.0,0.653438150372
60.0,30.0,0.652812094915
60.0,35.0,0.648847533872
60.0,40.0,0.64909284785
60.0,45.0,0.647472440279
60.0,50.0,0.645906163157
60.0,55.0,0.648600590995
60.0,60.0,0.647669546979
60.0,65.0,0.6488344843
60.0,70.0,0.64937868839
60.0,75.0,0.649563373883
60.0,80.0,0.649570574123
60.0,85.0,0.648033200444
60.0,90.0,0.645554252181
60.0,95.0,0.645894225845
60.0,100.0,0.647593687425
65.0,-100.0,0.647458333331
65.0,-95.0,0.647637163196
65.0,-90.0,0.648291168333
65.0,-85.0,0.645617317242
65.0,-80.0,0.647559149161
65.0,-75.0,0.650867152768
65.0,-70.0,0.646555578197
65.0,-65.0,0.647329091932
65.0,-60.0,0.650612198376
65.0,-55.0,0.649283900572
65.0,-50.0,0.648782197682
65.0,-45.0,0.648504249343
65.0,-40.0,0.65037711641
65.0,-35.0,0.650403805495
65.0,-30.0,0.649947317021
65.0,-25.0,0.64888224449
65.0,-20.0,0.649066031507
65.0,-15.0,0.648357288165
65.0,-10.0,0.651395217984
65.0,-5.0,0.654240045435
65.0,0.0,0.655129003787
65.0,5.0,0.658541797621
65.0,10.0,0.657562568289
65.0,15.0,0.653923033186
65.0,20.0,0.650771758407
65.0,25.0,0.649074414153
65.0,30.0,0.651995249587
65.0,35.0,0.650790676609
65.0,40.0,0.650137628016
65.0,45.0,0.650509182743
65.0,50.0,0.649048274214
65.0,55.0,0.648157626989
65.0,60.0,0.648233596378
65.0,65.0,0.649969528866
65.0,70.0,0.651983902696
65.0,75.0,0.65168305432
65.0,80.0,0.648207408012
65.0,85.0,0.64606204104
65.0,90.0,0.647177603248
65.0,95.0,0.648790318028
65.0,100.0,0.647458333331
70.0,-100.0,0.646291659712
70.0,-95.0,0.648173136811
70.0,-90.0,0.648314378626
70.0,-85.0,0.647158109709
70.0,-80.0,0.647039406785
70.0,-75.0,0.647058671384
70.0,-70.0,0.64551118089
70.0,-65.0,0.644205574999
70.0,-60.0,0.647206528968
70.0,-55.0,0.648643950383
70.0,-50.0,0.64984406464
70.0,-45.0,0.64924027602
70.0,-40.0,0.649081841332
70.0,-35.0,0.653534328299
70.0,-30.0,0.653822153838
70.0,-25.0,0.649803164224
70.0,-20.0,0.650174922799
70.0,-15.0,0.649845115791
70.0,-10.0,0.651474773189
70.0,-5.0,0.653819392161
70.0,0.0,0.656305405542
70.0,5.0,0.658618097084
70.0,10.0,0.657026193648
70.0,15.0,0.654167432247
70.0,20.0,0.651804007722
70.0,25.0,0.650221338689
70.0,30.0,0.654021227853
70.0,35.0,0.652223530077
70.0,40.0,0.651201561455
70.0,45.0,0.652109805271
70.0,50.0,0.650546183251
70.0,55.0,0.650092750366
70.0,60.0,0.650257764981
70.0,65.0,0.648720218967
70.0,70.0,0.647976387707
70.0,75.0,0.650145751593
70.0,80.0,0.649261200462
70.0,85.0,0.648655677852
70.0,90.0,0.647549118738
70.0,95.0,0.645604984125
70.0,100.0,0.646291659712
75.0,-100.0,0.645351482977
75.0,-95.0,0.646056752654
75.0,-90.0,0.64657429306
75.0,-85.0,0.64489042789
75.0,-80.0,0.644378687015
75.0,-75.0,0.643645550516
75.0,-70.0,0.646972413803
75.0,-65.0,0.646252938934
75.0,-60.0,0.647399607303
75.0,-55.0,0.648141647563
75.0,-50.0,0.649633257522
75.0,-45.0,0.648595266648
75.0,-40.0,0.650142835012
75.0,-35.0,0.651003994486
75.0,-30.0,0.651862446359
75.0,-25.0,0.652191368584
75.0,-20.0,0.653073084937
75.0,-15.0,0.653793060384
75.0,-10.0,0.653213930834
75.0,-5.0,0.652248133262
75.0,0.0,0.653134360518
75.0,5.0,0.655978458146
75.0,10.0,0.652356790655
75.0,15.0,0.651736215441
75.0,20.0,0.653326530548
75.0,25.0,0.65437809762
75.0,30.0,0.655917414029
75.0,35.0,0.652942355139
75.0,40.0,0.651877877618
75.0,45.0,0.653128811891
75.0,50.0,0.650312704083
75.0,55.0,0.649430362355
75.0,60.0,0.649083307706
75.0,65.0,0.647836963831
75.0,70.0,0.647984710073
75.0,75.0,0.648550243001
75.0,80.0,0.651440983049
75.0,85.0,0.649605654447
75.0,90.0,0.647651733271
75.0,95.0,0.646120835571
75.0,100.0,0.645351482977
80.0,-100.0,0.644759616475
80.0,-95.0,0.645647145452
80.0,-90.0,0.644740184582
80.0,-85.0,0.644788522368
80.0,-80.0,0.646074342923
80.0,-75.0,0.643674757313
80.0,-70.0,0.645710240632
80.0,-65.0,0.64594902865
80.0,-60.0,0.646656643655
80.0,-55.0,0.647500283072
80.0,-50.0,0.647633230906
80.0,-45.0,0.650509312606
80.0,-40.0,0.652554923938
80.0,-35.0,0.651026557506
80.0,-30.0,0.652483695225
80.0,-25.0,0.654205835223
80.0,-20.0,0.652531710805
80.0,-15.0,0.651323866945
80.0,-10.0,0.652643643787
80.0,-5.0,0.653048545309
80.0,0.0,0.654048430536
80.0,5.0,0.655766850093
80.0,10.0,0.655471036183
80.0,15.0,0.653194248737
80.0,20.0,0.653493087295
80.0,25.0,0.652521282705
80.0,30.0,0.650964532009
80.0,35.0,0.651966903228
80.0,40.0,0.65120497824
80.0,45.0,0.651204091269
80.0,50.0,0.651218984757
80.0,55.0,0.649067435897
80.0,60.0,0.649628469104
80.0,65.0,0.648810725566
80.0,70.0,0.649449639235
80.0,75.0,0.650226481703
80.0,80.0,0.650468200375
80.0,85.0,0.646891995191
80.0,90.0,0.64382951713
80.0,95.0,0.645984177354
80.0,100.0,0.644759616475
85.0,-100.0,0.645367636349
85.0,-95.0,0.648782128409
85.0,-90.0,0.6489189382
85.0,-85.0,0.646820283597
85.0,-80.0,0.64554499262
85.0,-75.0,0.643738147574
85.0,-70.0,0.645032587082
85.0,-65.0,0.646727712432
85.0,-60.0,0.650062134286
85.0,-55.0,0.649093024759
85.0,-50.0,0.648123796819
85.0,-45.0,0.649869880132
85.0,-40.0,0.650446329623
85.0,-35.0,0.649811350501
85.0,-30.0,0.652484855362
85.0,-25.0,0.652509297102
85.0,-20.0,0.65035248812
85.0,-15.0,0.649727432127
85.0,-10.0,0.651447708585
85.0,-5.0,0.655320934589
85.0,0.0,0.655522503949
85.0,5.0,0.655395241311
85.0,10.0,0.654423229743
85.0,15.0,0.655489220162
85.0,20.0,0.652012213215
85.0,25.0,0.651586083901
85.0,30.0,0.650735708946
85.0,35.0,0.652113907004
85.0,40.0,0.652369377817
85.0,45.0,0.649350378489
85.0,50.0,0.650686401784
85.0,55.0,0.653403865405
85.0,60.0,0.652918676126
85.0,65.0,0.653431235252
85.0,70.0,0.650610325768
85.0,75.0,0.649474980377
85.0,80.0,0.649207758143
85.0,85.0,0.64580546985
85.0,90.0,0.645068674098
85.0,95.0,0.646825424774
85.0,100.0,0.645367636349
90.0,-100.0,0.643942496861
90.0,-95.0,0.647961640632
90.0,-90.0,0.649270644797
90.0,-85.0,0.644737379164
90.0,-80.0,0.645601854903
90.0,-75.0,0.644642474473
90.0,-70.0,0.645583744282
90.0,-65.0,0.649846300086
90.0,-60.0,0.649813921095
90.0,-55.0,0.649345579571
90.0,-50.0,0.646838268882
90.0,-45.0,0.647721973791
90.0,-40.0,0.646935590667
90.0,-35.0,0.649155861993
90.0,-30.0,0.651723954609
90.0,-25.0,0.65172759259
90.0,-20.0,0.652126795179
90.0,-15.0,0.652838267116
90.0,-10.0,0.652321437557
90.0,-5.0,0.654602254442
90.0,0.0,0.653326179357
90.0,5.0,0.65319239015
90.0,10.0,0.653811399541
90.0,15.0,0.651555604803
90.0,20.0,0.650097914049
90.0,25.0,0.652034398193
90.0,30.0,0.651516260922
90.0,35.0,0.650665303872
90.0,40.0,0.652173881056
90.0,45.0,0.650430765586
90.0,50.0,0.652579276023
90.0,55.0,0.652457604944
90.0,60.0,0.652091266051
90.0,65.0,0.652773159036
90.0,70.0,0.649027040438
90.0,75.0,0.648260423033
90.0,80.0,0.648259054259
90.0,85.0,0.646460057834
90.0,90.0,0.646883911424
90.0,95.0,0.646715275353
90.0,100.0,0.643942496861
95.0,-100.0,0.643915643992
95.0,-95.0,0.645917063192
95.0,-90.0,0.647331877979
95.0,-85.0,0.646605572806
95.0,-80.0,0.646517646917
95.0,-75.0,0.643860160426
95.0,-70.0,0.64550284769
95.0,-65.0,0.646951412581
95.0,-60.0,0.643624981759
95.0,-55.0,0.643846404668
95.0,-50.0,0.646870792693
95.0,-45.0,0.648390623055
95.0,-40.0,0.64848864755
95.0,-35.0,0.649695589929
95.0,-30.0,0.650233444926
95.0,-25.0,0.649918212159
95.0,-20.0,0.650881223174
95.0,-15.0,0.650118322653
95.0,-10.0,0.652598404738
95.0,-5.0,0.654189453281
95.0,0.0,0.652792983436
95.0,5.0,0.655719033727
95.0,10.0,0.656718952656
95.0,15.0,0.650688359517
95.0,20.0,0.650320192265
95.0,25.0,0.65266715634
95.0,30.0,0.650548781723
95.0,35.0,0.650099351519
95.0,40.0,0.651176047942
95.0,45.0,0.65365382047
95.0,50.0,0.653559343856
95.0,55.0,0.650474593737
95.0,60.0,0.648219850833
95.0,65.0,0.6496482561
95.0,70.0,0.647279572508
95.0,75.0,0.646104605273
95.0,80.0,0.648602075794
95.0,85.0,0.646726469403
95.0,90.0,0.646601339254
95.0,95.0,0.644129990244
95.0,100.0,0.643915643992
100.0,-100.0,0.644391481708
100.0,-95.0,0.646235119096
100.0,-90.0,0.644698097983
100.0,-85.0,0.645171510668
100.0,-80.0,0.64498700112
100.0,-75.0,0.644164677264
100.0,-70.0,0.64434328575
100.0,-65.0,0.643754386495
100.0,-60.0,0.641771542019
100.0,-55.0,0.642927037774
100.0,-50.0,0.646138539719
100.0,-45.0,0.647621185161
100.0,-40.0,0.6472483188
100.0,-35.0,0.647601126996
100.0,-30.0,0.649026016493
100.0,-25.0,0.646722999207
100.0,-20.0,0.646349595727
100.0,-15.0,0.649354596032
100.0,-10.0,0.650241622704
100.0,-5.0,0.652139457923
100.0,0.0,0.651858811138
100.0,5.0,0.6522478622
100.0,10.0,0.653096542522
100.0,15.0,0.654219903662
100.0,20.0,0.652956488902
100.0,25.0,0.654019005751
100.0,30.0,0.650809630544
100.0,35.0,0.651595151018
100.0,40.0,0.653230972311
100.0,45.0,0.650766452548
100.0,50.0,0.649215714749
100.0,55.0,0.649761460686
100.0,60.0,0.647991363278
100.0,65.0,0.647659981558
100.0,70.0,0.647492140816
100.0,75.0,0.645666421367
100.0,80.0,0.6467764305
100.0,85.0,0.646415712046
100.0,90.0,0.644924577863
100.0,95.0,0.644018297061
100.0,100.0,0.644391481708
