-100.0,-100.0,0.649521175247
-100.0,-95.0,0.647693982349
-100.0,-90.0,0.649449894799
-100.0,-85.0,0.650284196956
-100.0,-80.0,0.6503865665
-100.0,-75.0,0.649972778407
-100.0,-70.0,0.649955917174
-100.0,-65.0,0.649992214472
-100.0,-60.0,0.651091080274
-100.0,-55.0,0.650774157867
-100.0,-50.0,0.649006442532
-100.0,-45.0,0.650070713753
-100.0,-40.0,0.651649694492
-100.0,-35.0,0.65271536309
-100.0,-30.0,0.6533892521
-100.0,-25.0,0.653820988065
-100.0,-20.0,0.653078412075
-100.0,-15.0,0.653309907956
-100.0,-10.0,0.653338162038
-100.0,-5.0,0.650232013142
-100.0,0.0,0.651029472422
-100.0,5.0,0.651742845076
-100.0,10.0,0.651330704026
-100.0,15.0,0.651560963696
-100.0,20.0,0.6515065256
-100.0,25.0,0.652149857609
-100.0,30.0,0.654306329961
-100.0,35.0,0.655391757604
-100.0,40.0,0.654133125751
-100.0,45.0,0.653498832313
-100.0,50.0,0.653354027216
-100.0,55.0,0.653522353486
-100.0,60.0,0.653190833722
-100.0,65.0,0.651800025383
-100.0,70.0,0.650596333574
-100.0,75.0,0.650717634209
-100.0,80.0,0.649300371699
-100.0,85.0,0.650957984143
-100.0,90.0,0.651496818759
-100.0,95.0,0.649899573311
-100.0,100.0,0.649521175247
-95.0,-100.0,0.651460002568
-95.0,-95.0,0.650451410807
-95.0,-90.0,0.64943212384
-95.0,-85.0,0.649453359511
-95.0,-80.0,0.648953889378
-95.0,-75.0,0.649257029533
-95.0,-70.0,0.650979357925
-95.0,-65.0,0.652315134398
-95.0,-60.0,0.650575899192
-95.0,-55.0,0.652123531787
-95.0,-50.0,0.651375786316
-95.0,-45.0,0.650013863233
-95.0,-40.0,0.651614621629
-95.0,-35.0,0.651488999384
-95.0,-30.0,0.653851531514
-95.0,-25.0,0.652157462693
-95.0,-20.0,0.651739918485
-95.0,-15.0,0.652676681365
-95.0,-10.0,0.653162751966
-95.0,-5.0,0.65199971709
-95.0,0.0,0.650940635193
-95.0,5.0,0.651345975206
-95.0,10.0,0.652532095442
-95.0,15.0,0.651038579196
-95.0,20.0,0.65048154624
-95.0,25.0,0.651813647344
-95.0,30.0,0.654468249854
-95.0,35.0,0.655806712776
-95.0,40.0,0.654511063606
-95.0,45.0,0.655255222696
-95.0,50.0,0.655175569471
-95.0,55.0,0.653075286376
-95.0,60.0,0.65371508821
-95.0,65.0,0.654279060473
-95.0,70.0,0.653202959631
-95.0,75.0,0.650606431198
-95.0,80.0,0.650555135139
-95.0,85.0,0.650840216621
-95.0,90.0,0.649985152272
-95.0,95.0,0.651493877243
-95.0,100.0,0.651460002568
-90.0,-100.0,0.651332572288
-90.0,-95.0,0.650124957823
-90.0,-90.0,0.649517122639
-90.0,-85.0,0.650593995703
-90.0,-80.0,0.649900181346
-90.0,-75.0,0.649141157168
-90.0,-70.0,0.650899650315
-90.0,-65.0,0.65098907652
-90.0,-60.0,0.65342797243
-90.0,-55.0,0.653803243871
-90.0,-50.0,0.651660303919
-90.0,-45.0,0.650499697831
-90.0,-40.0,0.651323326155
-90.0,-35.0,0.650549367961
-90.0,-30.0,0.653209234829
-90.0,-25.0,0.65318850107
-90.0,-20.0,0.652534770245
-90.0,-15.0,0.654193416661
-90.0,-10.0,0.653777205949
-90.0,-5.0,0.652020408089
-90.0,0.0,0.651229305105
-90.0,5.0,0.650372402714
-90.0,10.0,0.651234133333
-90.0,15.0,0.649235052075
-90.0,20.0,0.651044131155
-90.0,25.0,0.653209916307
-90.0,30.0,0.654548883439
-90.0,35.0,0.655892374433
-90.0,40.0,0.655352211283
-90.0,45.0,0.654512306144
-90.0,50.0,0.655576648961
-90.0,55.0,0.65526631559
-90.0,60.0,0.654552254208
-90.0,65.0,0.654605450477
-90.0,70.0,0.65315109666
-90.0,75.0,0.651232350878
-90.0,80.0,0.651862717561
-90.0,85.0,0.651313015786
-90.0,90.0,0.650867519533
-90.0,95.0,0.651954319128
-90.0,100.0,0.651332572288
-85.0,-100.0,0.651433567263
-85.0,-95.0,0.651422500072
-85.0,-90.0,0.650666418273
-85.0,-85.0,0.651944797813
-85.0,-80.0,0.65093202319
-85.0,-75.0,0.647953423197
-85.0,-70.0,0.648299907106
-85.0,-65.0,0.649567905258
-85.0,-60.0,0.652900745037
-85.0,-55.0,0.65275952327
-85.0,-50.0,0.65022140912
-85.0,-45.0,0.651507622338
-85.0,-40.0,0.653700294039
-85.0,-35.0,0.652963475657
-85.0,-30.0,0.653709801594
-85.0,-25.0,0.652598602007
-85.0,-20.0,0.651104087782
-85.0,-15.0,0.652838783554
-85.0,-10.0,0.650607368144
-85.0,-5.0,0.652284639955
-85.0,0.0,0.654403318436
-85.0,5.0,0.651523330824
-85.0,10.0,0.650826576304
-85.0,15.0,0.65042676238
-85.0,20.0,0.65201966698
-85.0,25.0,0.653326044464
-85.0,30.0,0.654851633878
-85.0,35.0,0.655967096506
-85.0,40.0,0.654549217269
-85.0,45.0,0.65444969162
-85.0,50.0,0.656771893098
-85.0,55.0,0.657083459116
-85.0,60.0,0.654907854163
-85.0,65.0,0.653349529631
-85.0,70.0,0.652153871297
-85.0,75.0,0.651139683944
-85.0,80.0,0.650900758399
-85.0,85.0,0.653130174009
-85.0,90.0,0.651240449244
-85.0,95.0,0.651007156993
-85.0,100.0,0.651433567263
-80.0,-100.0,0.652474217406
-80.0,-95.0,0.652268387926
-80.0,-90.0,0.650412449717
-80.0,-85.0,0.651997747473
-80.0,-80.0,0.65046294145
-80.0,-75.0,0.649386570315
-80.0,-70.0,0.651353563769
-80.0,-65.0,0.65119276516
-80.0,-60.0,0.651351901202
-80.0,-55.0,0.651205747776
-80.0,-50.0,0.650512444765
-80.0,-45.0,0.650269782445
-80.0,-40.0,0.651513722455
-80.0,-35.0,0.65070053692
-80.0,-30.0,0.650402319906
-80.0,-25.0,0.652551627481
-80.0,-20.0,0.650886474377
-80.0,-15.0,0.65130997927
-80.0,-10.0,0.650874932377
-80.0,-5.0,0.651987381131
-80.0,0.0,0.651480391481
-80.0,5.0,0.649400430523
-80.0,10.0,0.650253724719
-80.0,15.0,0.651965723017
-80.0,20.0,0.653477364707
-80.0,25.0,0.653979655024
-80.0,30.0,0.655538606182
-80.0,35.0,0.655739176447
-80.0,40.0,0.65375470246
-80.0,45.0,0.653402149875
-80.0,50.0,0.655818820297
-80.0,55.0,0.656028240972
-80.0,60.0,0.653486240625
-80.0,65.0,0.652398415728
-80.0,70.0,0.654315531341
-80.0,75.0,0.651447031621
-80.0,80.0,0.650390239667
-80.0,85.0,0.651042983368
-80.0,90.0,0.650429700829
-80.0,95.0,0.650067073639
-80.0,100.0,0.652474217406
-75.0,-100.0,0.649910547536
-75.0,-95.0,0.648809490734
-75.0,-90.0,0.649222179709
-75.0,-85.0,0.651542972117
-75.0,-80.0,0.649363232834
-75.0,-75.0,0.649333347101
-75.0,-70.0,0.651362388232
-75.0,-65.0,0.650535902761
-75.0,-60.0,0.650337336913
-75.0,-55.0,0.651111043199
-75.0,-50.0,0.650366296914
-75.0,-45.0,0.648745369357
-75.0,-40.0,0.650542191033
-75.0,-35.0,0.650642537324
-75.0,-30.0,0.64996846705
-75.0,-25.0,0.651024264292
-75.0,-20.0,0.650947515901
-75.0,-15.0,0.651604277401
-75.0,-10.0,0.650831516227
-75.0,-5.0,0.650302068578
-75.0,0.0,0.649658417607
-75.0,5.0,0.650453549334
-75.0,10.0,0.650740898952
-75.0,15.0,0.65186821201
-75.0,20.0,0.653192660584
-75.0,25.0,0.654573183546
-75.0,30.0,0.656129283453
-75.0,35.0,0.654361820152
-75.0,40.0,0.652893685937
-75.0,45.0,0.653373922302
-75.0,50.0,0.654415175124
-75.0,55.0,0.65366223709
-75.0,60.0,0.652681787777
-75.0,65.0,0.653261410995
-75.0,70.0,0.653146103558
-75.0,75.0,0.649239339571
-75.0,80.0,0.649737216628
-75.0,85.0,0.649574992608
-75.0,90.0,0.64930829483
-75.0,95.0,0.648686990191
-75.0,100.0,0.649910547536
-70.0,-100.0,0.651015448551
-70.0,-95.0,0.649725367802
-70.0,-90.0,0.651115924752
-70.0,-85.0,0.653162329019
-70.0,-80.0,0.650074424827
-70.0,-75.0,0.649757751292
-70.0,-70.0,0.649971472711
-70.0,-65.0,0.647762210057
-70.0,-60.0,0.650866361553
-70.0,-55.0,0.65056588956
-70.0,-50.0,0.648090360399
-70.0,-45.0,0.650153143658
-70.0,-40.0,0.652133896276
-70.0,-35.0,0.652838945238
-70.0,-30.0,0.651087936927
-70.0,-25.0,0.65056403624
-70.0,-20.0,0.651387993649
-70.0,-15.0,0.65063638683
-70.0,-10.0,0.650193674069
-70.0,-5.0,0.651138750939
-70.0,0.0,0.649926554397
-70.0,5.0,0.652578647912
-70.0,10.0,0.651966730476
-70.0,15.0,0.653174727988
-70.0,20.0,0.652653909965
-70.0,25.0,0.653060754633
-70.0,30.0,0.65403965601
-70.0,35.0,0.653737761232
-70.0,40.0,0.655545390406
-70.0,45.0,0.656085263158
-70.0,50.0,0.654437354542
-70.0,55.0,0.654806501171
-70.0,60.0,0.652564407313
-70.0,65.0,0.650205064537
-70.0,70.0,0.650776021453
-70.0,75.0,0.650597733658
-70.0,80.0,0.651514957364
-70.0,85.0,0.65125809961
-70.0,90.0,0.649117617292
-70.0,95.0,0.648792274798
-70.0,100.0,0.651015448551
-65.0,-100.0,0.651746083162
-65.0,-95.0,0.652171533657
-65.0,-90.0,0.652027731285
-65.0,-85.0,0.651984744932
-65.0,-80.0,0.649464041677
-65.0,-75.0,0.650909436382
-65.0,-70.0,0.650331323407
-65.0,-65.0,0.648691296882
-65.0,-60.0,0.651106280467
-65.0,-55.0,0.650833797676
-65.0,-50.0,0.649869271227
-65.0,-45.0,0.651540666611
-65.0,-40.0,0.651589848198
-65.0,-35.0,0.651715301545
-65.0,-30.0,0.651708160091
-65.0,-25.0,0.651100851304
-65.0,-20.0,0.651965963613
-65.0,-15.0,0.652598074055
-65.0,-10.0,0.652232047704
-65.0,-5.0,0.649928129875
-65.0,0.0,0.646888126468
-65.0,5.0,0.647586063119
-65.0,10.0,0.649615524477
-65.0,15.0,0.652279483512
-65.0,20.0,0.653682672903
-65.0,25.0,0.653557588547
-65.0,30.0,0.654862417477
-65.0,35.0,0.653494883737
-65.0,40.0,0.654358280271
-65.0,45.0,0.655154080881
-65.0,50.0,0.654874219757
-65.0,55.0,0.655067410907
-65.0,60.0,0.652129896667
-65.0,65.0,0.651389752102
-65.0,70.0,0.651777548635
-65.0,75.0,0.652062020819
-65.0,80.0,0.650934483273
-65.0,85.0,0.651445492414
-65.0,90.0,0.649330154754
-65.0,95.0,0.649409377215
-65.0,100.0,0.651746083162
-60.0,-100.0,0.651908705265
-60.0,-95.0,0.650123353747
-60.0,-90.0,0.649959825964
-60.0,-85.0,0.650194814799
-60.0,-80.0,0.650869626125
-60.0,-75.0,0.651937458617
-60.0,-70.0,0.650433041076
-60.0,-65.0,0.650265058942
-60.0,-60.0,0.649025246896
-60.0,-55.0,0.646916059504
-60.0,-50.0,0.649286716149
-60.0,-45.0,0.65107108956
-60.0,-40.0,0.650809005628
-60.0,-35.0,0.651570125307
-60.0,-30.0,0.65159167871
-60.0,-25.0,0.653304479653
-60.0,-20.0,0.652618799719
-60.0,-15.0,0.651683974057
-60.0,-10.0,0.650943926518
-60.0,-5.0,0.649770852708
-60.0,0.0,0.648183947499
-60.0,5.0,0.648614927371
-60.0,10.0,0.649300649129
-60.0,15.0,0.650994294721
-60.0,20.0,0.652616479904
-60.0,25.0,0.654158279787
-60.0,30.0,0.656223048736
-60.0,35.0,0.65391890791
-60.0,40.0,0.653097636007
-60.0,45.0,0.653459690029
-60.0,50.0,0.652451518944
-60.0,55.0,0.652594345757
-60.0,60.0,0.65416449154
-60.0,65.0,0.653163943074
-60.0,70.0,0.652692262568
-60.0,75.0,0.651271788805
-60.0,80.0,0.65076384911
-60.0,85.0,0.651492444427
-60.0,90.0,0.650399264683
-60.0,95.0,0.6503100231
-60.0,100.0,0.651908705265
-55.0,-100.0,0.652337677708
-55.0,-95.0,0.649561800547
-55.0,-90.0,0.648585119769
-55.0,-85.0,0.651050937067
-55.0,-80.0,0.652333821964
-55.0,-75.0,0.651685447425
-55.0,-70.0,0.6521918906
-55.0,-65.0,0.650239169297
-55.0,-60.0,0.647846984269
-55.0,-55.0,0.648206525721
-55.0,-50.0,0.649179837216
-55.0,-45.0,0.649476594245
-55.0,-40.0,0.651655833813
-55.0,-35.0,0.650547556244
-55.0,-30.0,0.651254317552
-55.0,-25.0,0.65295312809
-55.0,-20.0,0.652848086406
-55.0,-15.0,0.650978207702
-55.0,-10.0,0.649378722235
-55.0,-5.0,0.649638917636
-55.0,0.0,0.649468874261
-55.0,5.0,0.648164227309
-55.0,10.0,0.649527870508
-55.0,15.0,0.652806316756
-55.0,20.0,0.653991797947
-55.0,25.0,0.655427910787
-55.0,30.0,0.655891008762
-55.0,35.0,0.655073585808
-55.0,40.0,0.654073999677
-55.0,45.0,0.652617767926
-55.0,50.0,0.652616471012
-55.0,55.0,0.653515213231
-55.0,60.0,0.653153797963
-55.0,65.0,0.651903452365
-55.0,70.0,0.65081404557
-55.0,75.0,0.651681784181
-55.0,80.0,0.654031763642
-55.0,85.0,0.653611201308
-55.0,90.0,0.652765737558
-55.0,95.0,0.651264135754
-55.0,100.0,0.652337677708
-50.0,-100.0,0.653300170822
-50.0,-95.0,0.65299982543
-50.0,-90.0,0.651522904757
-50.0,-85.0,0.650602817885
-50.0,-80.0,0.651259360307
-50.0,-75.0,0.650180583795
-50.0,-70.0,0.653687373431
-50.0,-65.0,0.652202371337
-50.0,-60.0,0.649032251836
-50.0,-55.0,0.65010842761
-50.0,-50.0,0.649528492553
-50.0,-45.0,0.649917970558
-50.0,-40.0,0.652533074847
-50.0,-35.0,0.651504843543
-50.0,-30.0,0.651784137904
-50.0,-25.0,0.653137270885
-50.0,-20.0,0.653335914731
-50.0,-15.0,0.652536399403
-50.0,-10.0,0.649597891058
-50.0,-5.0,0.649021315946
-50.0,0.0,0.648813992379
-50.0,5.0,0.647280422063
-50.0,10.0,0.648150354847
-50.0,15.0,0.651558846155
-50.0,20.0,0.656075550351
-50.0,25.0,0.656078963535
-50.0,30.0,0.655415543477
-50.0,35.0,0.656219035526
-50.0,40.0,0.655311630607
-50.0,45.0,0.653151862824
-50.0,50.0,0.652497767925
-50.0,55.0,0.652787622141
-50.0,60.0,0.650563568379
-50.0,65.0,0.65017008789
-50.0,70.0,0.649843556431
-50.0,75.0,0.651444846456
-50.0,80.0,0.652621476775
-50.0,85.0,0.653826023614
-50.0,90.0,0.653026048975
-50.0,95.0,0.651942684273
-50.0,100.0,0.653300170822
-45.0,-100.0,0.653563145535
-45.0,-95.0,0.654785632265
-45.0,-90.0,0.653420370163
-45.0,-85.0,0.651430876633
-45.0,-80.0,0.650167451224
-45.0,-75.0,0.648323179432
-45.0,-70.0,0.651739133077
-45.0,-65.0,0.65234055221
-45.0,-60.0,0.649481166788
-45.0,-55.0,0.649793180863
-45.0,-50.0,0.650150441495
-45.0,-45.0,0.652500286555
-45.0,-40.0,0.653280643698
-45.0,-35.0,0.65150528873
-45.0,-30.0,0.652235920656
-45.0,-25.0,0.651897109884
-45.0,-20.0,0.653651389271
-45.0,-15.0,0.652548868893
-45.0,-10.0,0.649747584121
-45.0,-5.0,0.648977211776
-45.0,0.0,0.649536871543
-45.0,5.0,0.649888024197
-45.0,10.0,0.651449718342
-45.0,15.0,0.65316655009
-45.0,20.0,0.655686428573
-45.0,25.0,0.656762460271
-45.0,30.0,0.652416934282
-45.0,35.0,0.651646968575
-45.0,40.0,0.657558420685
-45.0,45.0,0.655966814518
-45.0,50.0,0.654111173321
-45.0,55.0,0.653119436064
-45.0,60.0,0.652180593571
-45.0,65.0,0.653188087692
-45.0,70.0,0.653224454428
-45.0,75.0,0.650267176518
-45.0,80.0,0.650511546487
-45.0,85.0,0.652787349634
-45.0,90.0,0.653670506683
-45.0,95.0,0.652791722677
-45.0,100.0,0.653563145535
-40.0,-100.0,0.653878939363
-40.0,-95.0,0.652465396638
-40.0,-90.0,0.650981644942
-40.0,-85.0,0.651542194693
-40.0,-80.0,0.651991197645
-40.0,-75.0,0.650879404099
-40.0,-70.0,0.650891957247
-40.0,-65.0,0.651988416798
-40.0,-60.0,0.650259407311
-40.0,-55.0,0.650157483422
-40.0,-50.0,0.651517113359
-40.0,-45.0,0.654911875784
-40.0,-40.0,0.652552857029
-40.0,-35.0,0.65020038943
-40.0,-30.0,0.65264325164
-40.0,-25.0,0.651194790177
-40.0,-20.0,0.651901278534
-40.0,-15.0,0.651741133751
-40.0,-10.0,0.649376214242
-40.0,-5.0,0.651074127699
-40.0,0.0,0.650866285657
-40.0,5.0,0.650265965502
-40.0,10.0,0.652343730692
-40.0,15.0,0.652905355091
-40.0,20.0,0.653898566628
-40.0,25.0,0.657850866975
-40.0,30.0,0.655019468134
-40.0,35.0,0.653934861076
-40.0,40.0,0.656595844186
-40.0,45.0,0.655417236298
-40.0,50.0,0.656399705561
-40.0,55.0,0.656044127006
-40.0,60.0,0.65512899736
-40.0,65.0,0.654994810222
-40.0,70.0,0.654536127308
-40.0,75.0,0.653055002881
-40.0,80.0,0.651782054292
-40.0,85.0,0.6525757134
-40.0,90.0,0.654186489616
-40.0,95.0,0.656147980991
-40.0,100.0,0.653878939363
-35.0,-100.0,0.656041078367
-35.0,-95.0,0.653484697417
-35.0,-90.0,0.652256634217
-35.0,-85.0,0.652382250346
-35.0,-80.0,0.655787023029
-35.0,-75.0,0.654707477122
-35.0,-70.0,0.651558371246
-35.0,-65.0,0.651985398163
-35.0,-60.0,0.65136110151
-35.0,-55.0,0.651613102334
-35.0,-50.0,0.651337649966
-35.0,-45.0,0.651413087595
-35.0,-40.0,0.650193907188
-35.0,-35.0,0.649329826743
-35.0,-30.0,0.651695008595
-35.0,-25.0,0.649845615562
-35.0,-20.0,0.650863947972
-35.0,-15.0,0.650400202818
-35.0,-10.0,0.648791109212
-35.0,-5.0,0.650649506581
-35.0,0.0,0.648780754794
-35.0,5.0,0.648520601731
-35.0,10.0,0.65002506213
-35.0,15.0,0.652047135794
-35.0,20.0,0.653009073041
-35.0,25.0,0.657315621435
-35.0,30.0,0.656607773588
-35.0,35.0,0.654959009101
-35.0,40.0,0.655822532074
-35.0,45.0,0.65449697296
-35.0,50.0,0.656339308993
-35.0,55.0,0.655689921684
-35.0,60.0,0.655580018598
-35.0,65.0,0.654918527562
-35.0,70.0,0.655719438065
-35.0,75.0,0.655503830585
-35.0,80.0,0.653997672051
-35.0,85.0,0.652366332754
-35.0,90.0,0.653123745214
-35.0,95.0,0.656073689265
-35.0,100.0,0.656041078367
-30.0,-100.0,0.657817262432
-30.0,-95.0,0.655943040132
-30.0,-90.0,0.653477498224
-30.0,-85.0,0.653332001906
-30.0,-80.0,0.65488467935
-30.0,-75.0,0.655544674582
-30.0,-70.0,0.653526069773
-30.0,-65.0,0.65253462104
-30.0,-60.0,0.652622566657
-30.0,-55.0,0.654344204765
-30.0,-50.0,0.652740027707
-30.0,-45.0,0.652749328777
-30.0,-40.0,0.653019818506
-30.0,-35.0,0.650759225323
-30.0,-30.0,0.65028448318
-30.0,-25.0,0.651071932654
-30.0,-20.0,0.652263161168
-30.0,-15.0,0.650548528048
-30.0,-10.0,0.649511489507
-30.0,-5.0,0.65016700135
-30.0,0.0,0.650929268798
-30.0,5.0,0.651694495319
-30.0,10.0,0.653179451289
-30.0,15.0,0.654515841301
-30.0,20.0,0.654595821019
-30.0,25.0,0.655899399367
-30.0,30.0,0.655080013309
-30.0,35.0,0.655622771671
-30.0,40.0,0.656105412357
-30.0,45.0,0.657251458665
-30.0,50.0,0.655800400049
-30.0,55.0,0.65526309264
-30.0,60.0,0.656565953491
-30.0,65.0,0.655410449006
-30.0,70.0,0.658164305173
-30.0,75.0,0.657366101338
-30.0,80.0,0.65402500181
-30.0,85.0,0.65249859983
-30.0,90.0,0.653863394486
-30.0,95.0,0.656346755251
-30.0,100.0,0.657817262432
-25.0,-100.0,0.654859871199
-25.0,-95.0,0.655091569517
-25.0,-90.0,0.653946496728
-25.0,-85.0,0.654884343453
-25.0,-80.0,0.655019828261
-25.0,-75.0,0.654606140992
-25.0,-70.0,0.652984346177
-25.0,-65.0,0.65280714278
-25.0,-60.0,0.653776022328
-25.0,-55.0,0.653501675616
-25.0,-50.0,0.653773269288
-25.0,-45.0,0.652505540938
-25.0,-40.0,0.651535563901
-25.0,-35.0,0.650969677088
-25.0,-30.0,0.65206495497
-25.0,-25.0,0.653254559191
-25.0,-20.0,0.651882582748
-25.0,-15.0,0.650839670008
-25.0,-10.0,0.650652985423
-25.0,-5.0,0.650156778835
-25.0,0.0,0.652365554697
-25.0,5.0,0.655627768441
-25.0,10.0,0.654766253624
-25.0,15.0,0.655290564878
-25.0,20.0,0.65424883692
-25.0,25.0,0.655329128819
-25.0,30.0,0.655909908711
-25.0,35.0,0.655792221028
-25.0,40.0,0.653940347899
-25.0,45.0,0.654491692532
-25.0,50.0,0.653552038768
-25.0,55.0,0.654671339273
-25.0,60.0,0.65732610748
-25.0,65.0,0.655802753582
-25.0,70.0,0.657736944685
-25.0,75.0,0.657220319652
-25.0,80.0,0.654835072215
-25.0,85.0,0.651600815125
-25.0,90.0,0.65377890128
-25.0,95.0,0.655170470076
-25.0,100.0,0.654859871199
-20.0,-100.0,0.653020595624
-20.0,-95.0,0.653195019971
-20.0,-90.0,0.653057222588
-20.0,-85.0,0.654177256641
-20.0,-80.0,0.653772986982
-20.0,-75.0,0.652672029404
-20.0,-70.0,0.651493684732
-20.0,-65.0,0.652691588867
-20.0,-60.0,0.651902526092
-20.0,-55.0,0.652168371704
-20.0,-50.0,0.653452761049
-20.0,-45.0,0.652435252506
-20.0,-40.0,0.650930853774
-20.0,-35.0,0.650170268972
-20.0,-30.0,0.651319751143
-20.0,-25.0,0.650809953285
-20.0,-20.0,0.6499182103
-20.0,-15.0,0.64915166968
-20.0,-10.0,0.650816954458
-20.0,-5.0,0.651413432844
-20.0,0.0,0.652212002519
-20.0,5.0,0.653064622661
-20.0,10.0,0.653994394099
-20.0,15.0,0.655367928077
-20.0,20.0,0.653109790896
-20.0,25.0,0.653386610375
-20.0,30.0,0.652991652481
-20.0,35.0,0.653301081182
-20.0,40.0,0.652200398018
-20.0,45.0,0.651757084162
-20.0,50.0,0.651743958196
-20.0,55.0,0.655254995181
-20.0,60.0,0.655133074753
-20.0,65.0,0.65265287616
-20.0,70.0,0.655583930481
-20.0,75.0,0.657009225164
-20.0,80.0,0.655963109262
-20.0,85.0,0.653876914272
-20.0,90.0,0.651897309641
-20.0,95.0,0.652187710568
-20.0,100.0,0.653020595624
-15.0,-100.0,0.653066163688
-15.0,-95.0,0.652642024929
-15.0,-90.0,0.652295477475
-15.0,-85.0,0.653110943127
-15.0,-80.0,0.651867543798
-15.0,-75.0,0.65215016329
-15.0,-70.0,0.651267120414
-15.0,-65.0,0.651053513347
-15.0,-60.0,0.650030339857
-15.0,-55.0,0.649780046671
-15.0,-50.0,0.649773097965
-15.0,-45.0,0.650967236256
-15.0,-40.0,0.651170624297
-15.0,-35.0,0.648721823006
-15.0,-30.0,0.649392962651
-15.0,-25.0,0.65093338834
-15.0,-20.0,0.649918469818
-15.0,-15.0,0.649131444413
-15.0,-10.0,0.650360190266
-15.0,-5.0,0.650191395507
-15.0,0.0,0.651377220054
-15.0,5.0,0.650904670096
-15.0,10.0,0.651167288829
-15.0,15.0,0.654014681859
-15.0,20.0,0.652735881947
-15.0,25.0,0.652792512824
-15.0,30.0,0.652483998769
-15.0,35.0,0.651826665995
-15.0,40.0,0.652328891688
-15.0,45.0,0.651830697023
-15.0,50.0,0.651376860435
-15.0,55.0,0.653278149961
-15.0,60.0,0.652347326013
-15.0,65.0,0.652164420682
-15.0,70.0,0.653831235974
-15.0,75.0,0.65522614093
-15.0,80.0,0.656102792805
-15.0,85.0,0.654909900182
-15.0,90.0,0.652175672889
-15.0,95.0,0.652161892553
-15.0,100.0,0.653066163688
-10.0,-100.0,0.651100111612
-10.0,-95.0,0.650084827513
-10.0,-90.0,0.6497683303
-10.0,-85.0,0.651468349201
-10.0,-80.0,0.650577061159
-10.0,-75.0,0.650320605839
-10.0,-70.0,0.650171034404
-10.0,-65.0,0.648918082061
-10.0,-60.0,0.650306881814
-10.0,-55.0,0.65053105129
-10.0,-50.0,0.651232055423
-10.0,-45.0,0.650725758444
-10.0,-40.0,0.65041259047
-10.0,-35.0,0.648143689327
-10.0,-30.0,0.648651616358
-10.0,-25.0,0.6513115687
-10.0,-20.0,0.651887815447
-10.0,-15.0,0.649543142243
-10.0,-10.0,0.650156221614
-10.0,-5.0,0.649355987295
-10.0,0.0,0.650754193677
-10.0,5.0,0.651386608043
-10.0,10.0,0.650678908051
-10.0,15.0,0.650619782575
-10.0,20.0,0.651807146328
-10.0,25.0,0.654375766858
-10.0,30.0,0.65585222315
-10.0,35.0,0.653312546404
-10.0,40.0,0.652511630428
-10.0,45.0,0.652366314491
-10.0,50.0,0.650805649756
-10.0,55.0,0.65072474592
-10.0,60.0,0.651734830773
-10.0,65.0,0.652883560315
-10.0,70.0,0.652406732599
-10.0,75.0,0.654144544956
-10.0,80.0,0.653252408377
-10.0,85.0,0.652102483387
-10.0,90.0,0.652595520174
-10.0,95.0,0.651829936219
-10.0,100.0,0.651100111612
-5.0,-100.0,0.65133428386
-5.0,-95.0,0.64884015539
-5.0,-90.0,0.647268115216
-5.0,-85.0,0.648570111349
-5.0,-80.0,0.650588729413
-5.0,-75.0,0.650337327479
-5.0,-70.0,0.648898937252
-5.0,-65.0,0.650218366422
-5.0,-60.0,0.651822367398
-5.0,-55.0,0.651694112682
-5.0,-50.0,0.651737020446
-5.0,-45.0,0.650429196204
-5.0,-40.0,0.649759499831
-5.0,-35.0,0.649011245321
-5.0,-30.0,0.648987158281
-5.0,-25.0,0.65040675385
-5.0,-20.0,0.650365848018
-5.0,-15.0,0.649172306534
-5.0,-10.0,0.648662326699
-5.0,-5.0,0.649409813268
-5.0,0.0,0.650666029588
-5.0,5.0,0.65192506329
-5.0,10.0,0.653226725331
-5.0,15.0,0.650674618448
-5.0,20.0,0.650359819371
-5.0,25.0,0.653440190895
-5.0,30.0,0.654558228045
-5.0,35.0,0.652852201075
-5.0,40.0,0.653284407883
-5.0,45.0,0.652273753747
-5.0,50.0,0.65057942433
-5.0,55.0,0.650654610258
-5.0,60.0,0.649612447651
-5.0,65.0,0.649599698523
-5.0,70.0,0.648854629975
-5.0,75.0,0.650982121674
-5.0,80.0,0.649711005532
-5.0,85.0,0.649528887142
-5.0,90.0,0.651219541263
-5.0,95.0,0.650816589889
-5.0,100.0,0.65133428386
0.0,-100.0,0.649629905145
0.0,-95.0,0.650564685773
0.0,-90.0,0.648328118431
0.0,-85.0,0.649864173162
0.0,-80.0,0.651783335428
0.0,-75.0,0.650508061431
0.0,-70.0,0.649132261658
0.0,-65.0,0.649633698518
0.0,-60.0,0.650711278171
0.0,-55.0,0.649942664346
0.0,-50.0,0.650314447678
0.0,-45.0,0.64968948665
0.0,-40.0,0.651187279998
0.0,-35.0,0.651154219185
0.0,-30.0,0.652023256923
0.0,-25.0,0.652461980857
0.0,-20.0,0.65144716326
0.0,-15.0,0.650785318552
0.0,-10.0,0.648800626475
0.0,-5.0,0.650225403075
0.0,0.0,0.650978282582
0.0,5.0,0.650141900692
0.0,10.0,0.651098399638
0.0,15.0,0.651042754001
0.0,20.0,0.650990206886
0.0,25.0,0.652703548923
0.0,30.0,0.652236913165
0.0,35.0,0.652050563459
0.0,40.0,0.652010985089
0.0,45.0,0.649823480363
0.0,50.0,0.649383052147
0.0,55.0,0.65092562778
0.0,60.0,0.650037909299
0.0,65.0,0.647324094477
0.0,70.0,0.646847755421
0.0,75.0,0.647801750878
0.0,80.0,0.648220040967
0.0,85.0,0.649588238696
0.0,90.0,0.650438804609
0.0,95.0,0.650583361045
0.0,100.0,0.649629905145
5.0,-100.0,0.647593380645
5.0,-95.0,0.650130031898
5.0,-90.0,0.648854170246
5.0,-85.0,0.649998679218
5.0,-80.0,0.650281611173
5.0,-75.0,0.649817628055
5.0,-70.0,0.651371759525
5.0,-65.0,0.649571197697
5.0,-60.0,0.649423312481
5.0,-55.0,0.650524894766
5.0,-50.0,0.65006288843
5.0,-45.0,0.648423612249
5.0,-40.0,0.650247691336
5.0,-35.0,0.651970130941
5.0,-30.0,0.652842722366
5.0,-25.0,0.653482636338
5.0,-20.0,0.653030042268
5.0,-15.0,0.653588879945
5.0,-10.0,0.65056562619
5.0,-5.0,0.648964557062
5.0,0.0,0.651147833434
5.0,5.0,0.651114001571
5.0,10.0,0.648843267234
5.0,15.0,0.65062356726
5.0,20.0,0.653044563239
5.0,25.0,0.654794043791
5.0,30.0,0.653018487918
5.0,35.0,0.651727134957
5.0,40.0,0.650541006269
5.0,45.0,0.648778475942
5.0,50.0,0.648307318198
5.0,55.0,0.649582514534
5.0,60.0,0.649596502587
5.0,65.0,0.647502483689
5.0,70.0,0.647907285954
5.0,75.0,0.649674115441
5.0,80.0,0.649664965565
5.0,85.0,0.649170643946
5.0,90.0,0.650219460715
5.0,95.0,0.64827522217
5.0,100.0,0.647593380645
10.0,-100.0,0.650492241012
10.0,-95.0,0.652071281109
10.0,-90.0,0.651585655772
10.0,-85.0,0.650472669569
10.0,-80.0,0.64963917995
10.0,-75.0,0.650271912702
10.0,-70.0,0.654263199682
10.0,-65.0,0.650702740691
10.0,-60.0,0.649255984798
10.0,-55.0,0.651912397526
10.0,-50.0,0.649811104603
10.0,-45.0,0.648755982305
10.0,-40.0,0.650084678507
10.0,-35.0,0.650859480809
10.0,-30.0,0.65280142332
10.0,-25.0,0.655226374732
10.0,-20.0,0.65298889035
10.0,-15.0,0.653862428461
10.0,-10.0,0.651774791826
10.0,-5.0,0.649996963055
10.0,0.0,0.650644988622
10.0,5.0,0.651390625476
10.0,10.0,0.648932223202
10.0,15.0,0.651028858706
10.0,20.0,0.654058822286
10.0,25.0,0.653334722392
10.0,30.0,0.652466181549
10.0,35.0,0.648885589435
10.0,40.0,0.647967284863
10.0,45.0,0.64795515183
10.0,50.0,0.647409226584
10.0,55.0,0.649455202728
10.0,60.0,0.650421787407
10.0,65.0,0.6495550133
10.0,70.0,0.649586037607
10.0,75.0,0.651118295688
10.0,80.0,0.652175571532
10.0,85.0,0.650110459428
10.0,90.0,0.650044815589
10.0,95.0,0.650848248492
10.0,100.0,0.650492241012
15.0,-100.0,0.652009478153
15.0,-95.0,0.653562136029
15.0,-90.0,0.653265661631
15.0,-85.0,0.652578786921
15.0,-80.0,0.652462643353
15.0,-75.0,0.653323591933
15.0,-70.0,0.653216995458
15.0,-65.0,0.652972483246
15.0,-60.0,0.654000483318
15.0,-55.0,0.654265075376
15.0,-50.0,0.652160212596
15.0,-45.0,0.651326920863
15.0,-40.0,0.652461606503
15.0,-35.0,0.653405669949
15.0,-30.0,0.654096234623
15.0,-25.0,0.655422339725
15.0,-20.0,0.652707787317
15.0,-15.0,0.651909775928
15.0,-10.0,0.651057968438
15.0,-5.0,0.650648579082
15.0,0.0,0.653561994018
15.0,5.0,0.651481303442
15.0,10.0,0.650580654195
15.0,15.0,0.65190637354
15.0,20.0,0.653570957647
15.0,25.0,0.652742169857
15.0,30.0,0.651143767273
15.0,35.0,0.648576909736
15.0,40.0,0.646306936914
15.0,45.0,0.647914312688
15.0,50.0,0.647615752061
15.0,55.0,0.650575858702
15.0,60.0,0.652592123971
15.0,65.0,0.65246974295
15.0,70.0,0.649397755221
15.0,75.0,0.650852263554
15.0,80.0,0.651498338495
15.0,85.0,0.651354305908
15.0,90.0,0.651515556683
15.0,95.0,0.652407581329
15.0,100.0,0.652009478153
20.0,-100.0,0.650618845774
20.0,-95.0,0.653402909988
20.0,-90.0,0.653432295691
20.0,-85.0,0.653708497709
20.0,-80.0,0.65527915831
20.0,-75.0,0.653023589126
20.0,-70.0,0.652688616609
20.0,-65.0,0.654085491019
20.0,-60.0,0.653968466523
20.0,-55.0,0.654978726681
20.0,-50.0,0.654160728204
20.0,-45.0,0.655641404989
20.0,-40.0,0.655518671497
20.0,-35.0,0.6541502863
20.0,-30.0,0.653362411281
20.0,-25.0,0.6554798757
20.0,-20.0,0.653701514005
20.0,-15.0,0.652407503165
20.0,-10.0,0.652594709728
20.0,-5.0,0.654514251305
20.0,0.0,0.654228716122
20.0,5.0,0.652132844025
20.0,10.0,0.651013597604
20.0,15.0,0.651070331743
20.0,20.0,0.6510092363
20.0,25.0,0.650193820493
20.0,30.0,0.651471353529
20.0,35.0,0.650269616678
20.0,40.0,0.649197919959
20.0,45.0,0.648343551371
20.0,50.0,0.649055398919
20.0,55.0,0.651746988448
20.0,60.0,0.650900680812
20.0,65.0,0.651060090168
20.0,70.0,0.65208424975
20.0,75.0,0.652111117455
20.0,80.0,0.651893894761
20.0,85.0,0.65045049507
20.0,90.0,0.651197548772
20.0,95.0,0.651998900955
20.0,100.0,0.650618845774
25.0,-100.0,0.652015670614
25.0,-95.0,0.652734425868
25.0,-90.0,0.652499868815
25.0,-85.0,0.654568295121
25.0,-80.0,0.65373621361
25.0,-75.0,0.653924770926
25.0,-70.0,0.653843471169
25.0,-65.0,0.654089341936
25.0,-60.0,0.655347353579
25.0,-55.0,0.655665602819
25.0,-50.0,0.656119558451
25.0,-45.0,0.656996852675
25.0,-40.0,0.658446817495
25.0,-35.0,0.654708020395
25.0,-30.0,0.655788311281
25.0,-25.0,0.656104361729
25.0,-20.0,0.65363079465
25.0,-15.0,0.652542639012
25.0,-10.0,0.654139750912
25.0,-5.0,0.652759179867
25.0,0.0,0.652803125906
25.0,5.0,0.651700803381
25.0,10.0,0.650850025019
25.0,15.0,0.650208896953
25.0,20.0,0.649545490471
25.0,25.0,0.649659358006
25.0,30.0,0.64945740355
25.0,35.0,0.648880938034
25.0,40.0,0.649868957699
25.0,45.0,0.64943146622
25.0,50.0,0.652592800342
25.0,55.0,0.653784977083
25.0,60.0,0.651709786434
25.0,65.0,0.652167970739
25.0,70.0,0.652525456515
25.0,75.0,0.654197529727
25.0,80.0,0.651785020883
25.0,85.0,0.649591005866
25.0,90.0,0.651257354063
25.0,95.0,0.65206386764
25.0,100.0,0.652015670614
30.0,-100.0,0.653994906895
30.0,-95.0,0.655123258474
30.0,-90.0,0.654240376203
30.0,-85.0,0.653727627845
30.0,-80.0,0.652930658808
30.0,-75.0,0.653795402836
30.0,-70.0,0.654925857244
30.0,-65.0,0.655709817683
30.0,-60.0,0.656214842071
30.0,-55.0,0.657961383398
30.0,-50.0,0.656405463868
30.0,-45.0,0.655546701497
30.0,-40.0,0.656965012375
30.0,-35.0,0.654250009175
30.0,-30.0,0.65553765781
30.0,-25.0,0.655880073909
30.0,-20.0,0.653435479622
30.0,-15.0,0.654255838796
30.0,-10.0,0.654531346099
30.0,-5.0,0.651202927436
30.0,0.0,0.651099748241
30.0,5.0,0.651421578269
30.0,10.0,0.651229980413
30.0,15.0,0.649118673188
30.0,20.0,0.649076654272
30.0,25.0,0.649402983404
30.0,30.0,0.650578954651
30.0,35.0,0.647831670222
30.0,40.0,0.646729105204
30.0,45.0,0.650570261663
30.0,50.0,0.650767272223
30.0,55.0,0.652255840287
30.0,60.0,0.653601963574
30.0,65.0,0.65228727511
30.0,70.0,0.652545384972
30.0,75.0,0.654006105651
30.0,80.0,0.653719106312
30.0,85.0,0.653078145774
30.0,90.0,0.651541782489
30.0,95.0,0.650678065921
30.0,100.0,0.653994906895
35.0,-100.0,0.653450545326
35.0,-95.0,0.655618435342
35.0,-90.0,0.653198678555
35.0,-85.0,0.653116005485
35.0,-80.0,0.653436121451
35.0,-75.0,0.653941867218
35.0,-70.0,0.653230995378
35.0,-65.0,0.653972643331
35.0,-60.0,0.654241468704
35.0,-55.0,0.654073623238
35.0,-50.0,0.656415570549
35.0,-45.0,0.655483546762
35.0,-40.0,0.657043986855
35.0,-35.0,0.655656996181
35.0,-30.0,0.654221901384
35.0,-25.0,0.6568697351
35.0,-20.0,0.655767596047
35.0,-15.0,0.653418069692
35.0,-10.0,0.65505104279
35.0,-5.0,0.654180030004
35.0,0.0,0.653381393863
35.0,5.0,0.651314986281
35.0,10.0,0.648545564896
35.0,15.0,0.649655157612
35.0,20.0,0.64942310271
35.0,25.0,0.649250342285
35.0,30.0,0.650251704024
35.0,35.0,0.65094881702
35.0,40.0,0.650489290423
35.0,45.0,0.650587084355
35.0,50.0,0.651478869377
35.0,55.0,0.652297360477
35.0,60.0,0.651751038373
35.0,65.0,0.651056714481
35.0,70.0,0.650811605658
35.0,75.0,0.652151953823
35.0,80.0,0.654171798542
35.0,85.0,0.65624187755
35.0,90.0,0.652066398705
35.0,95.0,0.64970818405
35.0,100.0,0.653450545326
40.0,-100.0,0.654536744462
40.0,-95.0,0.653857111386
40.0,-90.0,0.653335563832
40.0,-85.0,0.653111051565
40.0,-80.0,0.651655682166
40.0,-75.0,0.652205239001
40.0,-70.0,0.654949545614
40.0,-65.0,0.656155900979
40.0,-60.0,0.653090945047
40.0,-55.0,0.65369449402
40.0,-50.0,0.65681482418
40.0,-45.0,0.655381921416
40.0,-40.0,0.656247130678
40.0,-35.0,0.654983769128
40.0,-30.0,0.655003824264
40.0,-25.0,0.657454005403
40.0,-20.0,0.656556085548
40.0,-15.0,0.653596545824
40.0,-10.0,0.653607006021
40.0,-5.0,0.653473599822
40.0,0.0,0.652552366339
40.0,5.0,0.649965097121
40.0,10.0,0.648771794706
40.0,15.0,0.649417873943
40.0,20.0,0.649712773563
40.0,25.0,0.648795921902
40.0,30.0,0.649703629142
40.0,35.0,0.65336705976
40.0,40.0,0.652976438251
40.0,45.0,0.651545339777
40.0,50.0,0.652032677861
40.0,55.0,0.65494768033
40.0,60.0,0.653933584052
40.0,65.0,0.651936130658
40.0,70.0,0.652031890869
40.0,75.0,0.652109224096
40.0,80.0,0.652924854216
40.0,85.0,0.654963667997
40.0,90.0,0.652722672033
40.0,95.0,0.6523740516
40.0,100.0,0.654536744462
45.0,-100.0,0.653628602299
45.0,-95.0,0.652243168671
45.0,-90.0,0.652683023862
45.0,-85.0,0.651115020654
45.0,-80.0,0.649566031041
45.0,-75.0,0.652853022206
45.0,-70.0,0.655069694244
45.0,-65.0,0.655567911573
45.0,-60.0,0.654182901185
45.0,-55.0,0.654152524828
45.0,-50.0,0.655637219569
45.0,-45.0,0.653574836008
45.0,-40.0,0.654724308403
45.0,-35.0,0.654263559219
45.0,-30.0,0.656515761903
45.0,-25.0,0.657612419042
45.0,-20.0,0.656602019257
45.0,-15.0,0.655052478611
45.0,-10.0,0.655726880474
45.0,-5.0,0.652517998026
45.0,0.0,0.650287504967
45.0,5.0,0.650906650367
45.0,10.0,0.64960019901
45.0,15.0,0.650448729964
45.0,20.0,0.650062686697
45.0,25.0,0.650486162403
45.0,30.0,0.651442799913
45.0,35.0,0.650920333242
45.0,40.0,0.652048322727
45.0,45.0,0.65140614384
45.0,50.0,0.651427284392
45.0,55.0,0.65430656291
45.0,60.0,0.653892263991
45.0,65.0,0.651153445589
45.0,70.0,0.650377910427
45.0,75.0,0.65092806512
45.0,80.0,0.653656458807
45.0,85.0,0.653284531098
45.0,90.0,0.651199131189
45.0,95.0,0.651340984573
45.0,100.0,0.653628602299
50.0,-100.0,0.65192796075
50.0,-95.0,0.652942401927
50.0,-90.0,0.652367404707
50.0,-85.0,0.650757560855
50.0,-80.0,0.649599533423
50.0,-75.0,0.652730925233
50.0,-70.0,0.652923064958
50.0,-65.0,0.652978221727
50.0,-60.0,0.654664306736
50.0,-55.0,0.653553178809
50.0,-50.0,0.653779055408
50.0,-45.0,0.65379056852
50.0,-40.0,0.6552905214
50.0,-35.0,0.656326402908
50.0,-30.0,0.656858739927
50.0,-25.0,0.657422648838
50.0,-20.0,0.656451949068
50.0,-15.0,0.655840542069
50.0,-10.0,0.65611705142
50.0,-5.0,0.653679210096
50.0,0.0,0.650291073376
50.0,5.0,0.650036040945
50.0,10.0,0.651126044837
50.0,15.0,0.652332918737
50.0,20.0,0.651400061354
50.0,25.0,0.652941337263
50.0,30.0,0.654115805999
50.0,35.0,0.652358828902
50.0,40.0,0.651385808858
50.0,45.0,0.653949377053
50.0,50.0,0.653709443319
50.0,55.0,0.653202927218
50.0,60.0,0.653841415265
50.0,65.0,0.652369110723
50.0,70.0,0.649773521579
50.0,75.0,0.649695454555
50.0,80.0,0.652695381893
50.0,85.0,0.651069734431
50.0,90.0,0.650200060258
50.0,95.0,0.649620260497
50.0,100.0,0.65192796075
55.0,-100.0,0.650867803514
55.0,-95.0,0.651351453347
55.0,-90.0,0.649400112405
55.0,-85.0,0.649144325357
55.0,-80.0,0.649383583337
55.0,-75.0,0.652030303308
55.0,-70.0,0.651815358924
55.0,-65.0,0.653349601214
55.0,-60.0,0.653636438015
55.0,-55.0,0.653314862308
55.0,-50.0,0.652805536896
55.0,-45.0,0.653854035973
55.0,-40.0,0.657492254594
55.0,-35.0,0.655695555762
55.0,-30.0,0.656142699532
55.0,-25.0,0.658005716011
55.0,-20.0,0.65812061878
55.0,-15.0,0.657254499232
55.0,-10.0,0.655604562477
55.0,-5.0,0.653741685717
55.0,0.0,0.649573975101
55.0,5.0,0.647713509092
55.0,10.0,0.64848631824
55.0,15.0,0.652110508935
55.0,20.0,0.652268865957
55.0,25.0,0.652118336435
55.0,30.0,0.653507731365
55.0,35.0,0.654000256186
55.0,40.0,0.6524301435
55.0,45.0,0.654036015041
55.0,50.0,0.653621240491
55.0,55.0,0.652701935364
55.0,60.0,0.652538721541
55.0,65.0,0.651801973086
55.0,70.0,0.651242265531
55.0,75.0,0.652818537003
55.0,80.0,0.650194347724
55.0,85.0,0.65084233149
55.0,90.0,0.652026458122
55.0,95.0,0.650842124039
55.0,100.0,0.650867803514
60.0,-100.0,0.650796553016
60.0,-95.0,0.651283333407
60.0,-90.0,0.650726151997
60.0,-85.0,0.650475334364
60.0,-80.0,0.651055004328
60.0,-75.0,0.651667508685
60.0,-70.0,0.652740759186
60.0,-65.0,0.653003036044
60.0,-60.0,0.651141234125
60.0,-55.0,0.653405695312
60.0,-50.0,0.652843291962
60.0,-45.0,0.651342594654
60.0,-40.0,0.655200390554
60.0,-35.0,0.655559536543
60.0,-30.0,0.65624204091
60.0,-25.0,0.657195956301
60.0,-20.0,0.657288243641
60.0,-15.0,0.656779184109
60.0,-10.0,0.654521882063
60.0,-5.0,0.653632950516
60.0,0.0,0.650413382829
60.0,5.0,0.649103435074
60.0,10.0,0.649768652394
60.0,15.0,0.650757300883
60.0,20.0,0.65035455878
60.0,25.0,0.65004550582
60.0,30.0,0.652119389126
60.0,35.0,0.652104373875
60.0,40.0,0.651426939314
60.0,45.0,0.650592324864
60.0,50.0,0.652572915427
60.0,55.0,0.653061094141
60.0,60.0,0.652458803017
60.0,65.0,0.651164275302
60.0,70.0,0.652018904952
60.0,75.0,0.651777266777
60.0,80.0,0.65067177423
60.0,85.0,0.650701819685
60.0,90.0,0.651810103978
60.0,95.0,0.651242502524
60.0,100.0,0.650796553016
65.0,-100.0,0.652331883272
65.0,-95.0,0.652793845644
65.0,-90.0,0.650424740671
65.0,-85.0,0.651393710937
65.0,-80.0,0.651733140214
65.0,-75.0,0.650691336782
65.0,-70.0,0.652657605652
65.0,-65.0,0.651971422482
65.0,-60.0,0.651624248316
65.0,-55.0,0.654246204166
65.0,-50.0,0.653706241315
65.0,-45.0,0.65097023714
65.0,-40.0,0.652630574899
65.0,-35.0,0.653831922659
65.0,-30.0,0.655455068953
65.0,-25.0,0.653920756561
65.0,-20.0,0.654156940255
65.0,-15.0,0.654362725941
65.0,-10.0,0.654558155539
65.0,-5.0,0.653858219648
65.0,0.0,0.651755130397
65.0,5.0,0.652037552067
65.0,10.0,0.651027550002
65.0,15.0,0.648550413989
65.0,20.0,0.648909039347
65.0,25.0,0.651808576012
65.0,30.0,0.65122071173
65.0,35.0,0.651097493322
65.0,40.0,0.650414736044
65.0,45.0,0.651803255684
65.0,50.0,0.652935046118
65.0,55.0,0.653492200655
65.0,60.0,0.653095280564
65.0,65.0,0.652670065436
65.0,70.0,0.650815260164
65.0,75.0,0.650028655068
65.0,80.0,0.651174774461
65.0,85.0,0.651452771562
65.0,90.0,0.650657720788
65.0,95.0,0.650546710646
65.0,100.0,0.652331883272
70.0,-100.0,0.652065477913
70.0,-95.0,0.651090560982
70.0,-90.0,0.648040465264
70.0,-85.0,0.649704195425
70.0,-80.0,0.650671970993
70.0,-75.0,0.65068355221
70.0,-70.0,0.652275402207
70.0,-65.0,0.650476183931
70.0,-60.0,0.652350571328
70.0,-55.0,0.653070364029
70.0,-50.0,0.652630559062
70.0,-45.0,0.653033687894
70.0,-40.0,0.653105861174
70.0,-35.0,0.651650049134
70.0,-30.0,0.652993591058
70.0,-25.0,0.653946135013
70.0,-20.0,0.655501820378
70.0,-15.0,0.656264054113
70.0,-10.0,0.654414719869
70.0,-5.0,0.652022899196
70.0,0.0,0.649635922216
70.0,5.0,0.650211447453
70.0,10.0,0.648861195614
70.0,15.0,0.647946973271
70.0,20.0,0.647342217154
70.0,25.0,0.650807954517
70.0,30.0,0.650324955302
70.0,35.0,0.650162057178
70.0,40.0,0.652976701291
70.0,45.0,0.653784733534
70.0,50.0,0.653691645044
70.0,55.0,0.651206784769
70.0,60.0,0.651677021456
70.0,65.0,0.650742061701
70.0,70.0,0.650545970221
70.0,75.0,0.650437367882
70.0,80.0,0.651706300295
70.0,85.0,0.6502176616
70.0,90.0,0.65100876686
70.0,95.0,0.650667447529
70.0,100.0,0.652065477913
75.0,-100.0,0.648020388672
75.0,-95.0,0.649159215948
75.0,-90.0,0.649294565754
75.0,-85.0,0.650453285428
75.0,-80.0,0.652802979299
75.0,-75.0,0.650824901416
75.0,-70.0,0.650117065005
75.0,-65.0,0.649092861278
75.0,-60.0,0.650061796493
75.0,-55.0,0.651043382091
75.0,-50.0,0.65260267485
75.0,-45.0,0.651988466553
75.0,-40.0,0.652350790905
75.0,-35.0,0.652483447048
75.0,-30.0,0.652905583134
75.0,-25.0,0.652645744937
75.0,-20.0,0.654111857115
75.0,-15.0,0.655148342761
75.0,-10.0,0.653418396668
75.0,-5.0,0.651296446189
75.0,0.0,0.649888493107
75.0,5.0,0.648379997423
75.0,10.0,0.649431280351
75.0,15.0,0.648472005828
75.0,20.0,0.648596053606
75.0,25.0,0.649751336772
75.0,30.0,0.650661696051
75.0,35.0,0.650300256787
75.0,40.0,0.653305472942
75.0,45.0,0.653690379978
75.0,50.0,0.65158955236
75.0,55.0,0.651505550917
75.0,60.0,0.650723897599
75.0,65.0,0.648893596685
75.0,70.0,0.648837706141
75.0,75.0,0.649065276509
75.0,80.0,0.64931662557
75.0,85.0,0.648509288227
75.0,90.0,0.648478206504
75.0,95.0,0.648713229165
75.0,100.0,0.648020388672
80.0,-100.0,0.647600262024
80.0,-95.0,0.647867817184
80.0,-90.0,0.648845247649
80.0,-85.0,0.649688084563
80.0,-80.0,0.649882820881
80.0,-75.0,0.649546212822
80.0,-70.0,0.648226295356
80.0,-65.0,0.64977192377
80.0,-60.0,0.651545421293
80.0,-55.0,0.651822282629
80.0,-50.0,0.652555849666
80.0,-45.0,0.649499011659
80.0,-40.0,0.649671156399
80.0,-35.0,0.651815570855
80.0,-30.0,0.652047656258
80.0,-25.0,0.65245888405
80.0,-20.0,0.653915020065
80.0,-15.0,0.652999203424
80.0,-10.0,0.652302305414
80.0,-5.0,0.649952993822
80.0,0.0,0.648248555884
80.0,5.0,0.649461435609
80.0,10.0,0.649029150976
80.0,15.0,0.649492368141
80.0,20.0,0.649669994058
80.0,25.0,0.650892115608
80.0,30.0,0.651827816484
80.0,35.0,0.651092610927
80.0,40.0,0.651758347406
80.0,45.0,0.651090762002
80.0,50.0,0.650002979694
80.0,55.0,0.649973848922
80.0,60.0,0.650620287672
80.0,65.0,0.649117661245
80.0,70.0,0.648118188989
80.0,75.0,0.648023857957
80.0,80.0,0.648427643628
80.0,85.0,0.648777026549
80.0,90.0,0.648441806984
80.0,95.0,0.647789028872
80.0,100.0,0.647600262024
85.0,-100.0,0.650447126345
85.0,-95.0,0.649205068178
85.0,-90.0,0.650069700858
85.0,-85.0,0.65168770731
85.0,-80.0,0.650657839281
85.0,-75.0,0.649429292773
85.0,-70.0,0.650655366967
85.0,-65.0,0.651567043169
85.0,-60.0,0.651311607165
85.0,-55.0,0.650716390956
85.0,-50.0,0.651058795848
85.0,-45.0,0.650561135206
85.0,-40.0,0.650636009217
85.0,-35.0,0.652702353696
85.0,-30.0,0.65283032779
85.0,-25.0,0.653114941818
85.0,-20.0,0.65380450689
85.0,-15.0,0.653673892652
85.0,-10.0,0.650509536657
85.0,-5.0,0.647954421349
85.0,0.0,0.64817565475
85.0,5.0,0.649340572127
85.0,10.0,0.64986641451
85.0,15.0,0.649824234048
85.0,20.0,0.64876365431
85.0,25.0,0.648940587538
85.0,30.0,0.652255263806
85.0,35.0,0.651710453815
85.0,40.0,0.651957140133
85.0,45.0,0.651722570954
85.0,50.0,0.650172424515
85.0,55.0,0.651064894002
85.0,60.0,0.651845363008
85.0,65.0,0.649905882737
85.0,70.0,0.649975530021
85.0,75.0,0.65078027661
85.0,80.0,0.648945320057
85.0,85.0,0.650189734772
85.0,90.0,0.650460801534
85.0,95.0,0.649309227529
85.0,100.0,0.650447126345
90.0,-100.0,0.652660032895
90.0,-95.0,0.650637876483
90.0,-90.0,0.651746009157
90.0,-85.0,0.652884607395
90.0,-80.0,0.650335876601
90.0,-75.0,0.650728108901
90.0,-70.0,0.651474194632
90.0,-65.0,0.650666202602
90.0,-60.0,0.650287413395
90.0,-55.0,0.651178312561
90.0,-50.0,0.652214824259
90.0,-45.0,0.652543413493
90.0,-40.0,0.651442499168
90.0,-35.0,0.652157852451
90.0,-30.0,0.654102378108
90.0,-25.0,0.655119354497
90.0,-20.0,0.653500815986
90.0,-15.0,0.652640992162
90.0,-10.0,0.650972055258
90.0,-5.0,0.647723831326
90.0,0.0,0.649680850799
90.0,5.0,0.651377655135
90.0,10.0,0.648943448215
90.0,15.0,0.650020710226
90.0,20.0,0.650093664867
90.0,25.0,0.649160978215
90.0,30.0,0.652495566522
90.0,35.0,0.653778735728
90.0,40.0,0.654460125139
90.0,45.0,0.652639331547
90.0,50.0,0.65081879001
90.0,55.0,0.653126106912
90.0,60.0,0.652858635285
90.0,65.0,0.649946610729
90.0,70.0,0.650090306837
90.0,75.0,0.651735829437
90.0,80.0,0.6490850028
90.0,85.0,0.650602826835
90.0,90.0,0.652803482522
90.0,95.0,0.650838408447
90.0,100.0,0.652660032895
95.0,-100.0,0.651510449893
95.0,-95.0,0.650735315229
95.0,-90.0,0.651354518018
95.0,-85.0,0.651448377693
95.0,-80.0,0.649353268255
95.0,-75.0,0.650610304603
95.0,-70.0,0.65073706539
95.0,-65.0,0.650352701683
95.0,-60.0,0.650976663184
95.0,-55.0,0.652648924766
95.0,-50.0,0.650946481099
95.0,-45.0,0.650472585251
95.0,-40.0,0.649089861708
95.0,-35.0,0.650143708823
95.0,-30.0,0.65247208959
95.0,-25.0,0.655320619997
95.0,-20.0,0.654508775025
95.0,-15.0,0.655335502327
95.0,-10.0,0.65361690679
95.0,-5.0,0.648605722096
95.0,0.0,0.650036381235
95.0,5.0,0.650737825766
95.0,10.0,0.647348100591
95.0,15.0,0.650007295698
95.0,20.0,0.652834632588
95.0,25.0,0.651396460659
95.0,30.0,0.653576041903
95.0,35.0,0.655742550608
95.0,40.0,0.654818884944
95.0,45.0,0.652793663441
95.0,50.0,0.650453296466
95.0,55.0,0.651754912952
95.0,60.0,0.652975198436
95.0,65.0,0.649497876331
95.0,70.0,0.650385690493
95.0,75.0,0.651165511111
95.0,80.0,0.649206002624
95.0,85.0,0.652156096858
95.0,90.0,0.653011382279
95.0,95.0,0.651394723311
95.0,100.0,0.651510449893
100.0,-100.0,0.649521175247
100.0,-95.0,0.647693982349
100.0,-90.0,0.649449894799
100.0,-85.0,0.650284196956
100.0,-80.0,0.6503865665
100.0,-75.0,0.649972778408
100.0,-70.0,0.649955917174
100.0,-65.0,0.649992214472
100.0,-60.0,0.651091080274
100.0,-55.0,0.650774157867
100.0,-50.0,0.649006442532
100.0,-45.0,0.650070713753
100.0,-40.0,0.651649694492
100.0,-35.0,0.65271536309
100.0,-30.0,0.6533892521
100.0,-25.0,0.653820988065
100.0,-20.0,0.653078412075
100.0,-15.0,0.653309907956
100.0,-10.0,0.653338162038
100.0,-5.0,0.650232013142
100.0,0.0,0.651029472422
100.0,5.0,0.651742845076
100.0,10.0,0.651330704026
100.0,15.0,0.651560963696
100.0,20.0,0.6515065256
100.0,25.0,0.652149857609
100.0,30.0,0.654306329961
100.0,35.0,0.655391757604
100.0,40.0,0.654133125751
100.0,45.0,0.653498832313
100.0,50.0,0.653354027216
100.0,55.0,0.653522353486
100.0,60.0,0.653190833722
100.0,65.0,0.651800025383
100.0,70.0,0.650596333574
100.0,75.0,0.650717634209
100.0,80.0,0.649300371699
100.0,85.0,0.650957984143
100.0,90.0,0.651496818759
100.0,95.0,0.649899573311
100.0,100.0,0.649521175247
