-100.0,-100.0,0.47666557513
-100.0,-95.0,0.482696229684
-100.0,-90.0,0.470498559421
-100.0,-85.0,0.48770637878
-100.0,-80.0,0.516309077471
-100.0,-75.0,0.547632778184
-100.0,-70.0,0.62670156867
-100.0,-65.0,0.670240358075
-100.0,-60.0,0.63766554793
-100.0,-55.0,0.613017414501
-100.0,-50.0,0.629046366172
-100.0,-45.0,0.633870047972
-100.0,-40.0,0.61503798778
-100.0,-35.0,0.60058294434
-100.0,-30.0,0.62619131085
-100.0,-25.0,0.627739885758
-100.0,-20.0,0.593941266111
-100.0,-15.0,0.607766644316
-100.0,-10.0,0.606266483922
-100.0,-5.0,0.64009582061
-100.0,0.0,0.68154073352
-100.0,5.0,0.607356929694
-100.0,10.0,0.577991679991
-100.0,15.0,0.629268048201
-100.0,20.0,0.612543591615
-100.0,25.0,0.597046596084
-100.0,30.0,0.610944045555
-100.0,35.0,0.592701010017
-100.0,40.0,0.588798584079
-100.0,45.0,0.610740568801
-100.0,50.0,0.619577883381
-100.0,55.0,0.610475156594
-100.0,60.0,0.598555022149
-100.0,65.0,0.619353756347
-100.0,70.0,0.673252439731
-100.0,75.0,0.668988372474
-100.0,80.0,0.631962888505
-100.0,85.0,0.64478729263
-100.0,90.0,0.572942605357
-100.0,95.0,0.487905707968
-100.0,100.0,0.47666557513
-95.0,-100.0,0.494794833302
-95.0,-95.0,0.481347070551
-95.0,-90.0,0.46142862256
-95.0,-85.0,0.46906303922
-95.0,-80.0,0.494970752538
-95.0,-75.0,0.537430824142
-95.0,-70.0,0.606420251938
-95.0,-65.0,0.646456871353
-95.0,-60.0,0.641337961369
-95.0,-55.0,0.646708112063
-95.0,-50.0,0.654398204512
-95.0,-45.0,0.648248620035
-95.0,-40.0,0.616402319329
-95.0,-35.0,0.593696138956
-95.0,-30.0,0.605714335751
-95.0,-25.0,0.624389724121
-95.0,-20.0,0.61624728689
-95.0,-15.0,0.619282636082
-95.0,-10.0,0.624720672976
-95.0,-5.0,0.617580606966
-95.0,0.0,0.639762294523
-95.0,5.0,0.626410031524
-95.0,10.0,0.63295452964
-95.0,15.0,0.640941382743
-95.0,20.0,0.61735407232
-95.0,25.0,0.590790315509
-95.0,30.0,0.586596516341
-95.0,35.0,0.601915711658
-95.0,40.0,0.593923867662
-95.0,45.0,0.607549014611
-95.0,50.0,0.624107464518
-95.0,55.0,0.630862503258
-95.0,60.0,0.635607430526
-95.0,65.0,0.638002920413
-95.0,70.0,0.65137797421
-95.0,75.0,0.650884835433
-95.0,80.0,0.633716648413
-95.0,85.0,0.600866058732
-95.0,90.0,0.568462123144
-95.0,95.0,0.50986446561
-95.0,100.0,0.494794833302
-90.0,-100.0,0.508446046872
-90.0,-95.0,0.507423802315
-90.0,-90.0,0.517378274487
-90.0,-85.0,0.494719326279
-90.0,-80.0,0.529248423232
-90.0,-75.0,0.595273419122
-90.0,-70.0,0.634700113238
-90.0,-65.0,0.629010110259
-90.0,-60.0,0.637168212065
-90.0,-55.0,0.655509068792
-90.0,-50.0,0.65142180345
-90.0,-45.0,0.639215945419
-90.0,-40.0,0.628092929944
-90.0,-35.0,0.598167869423
-90.0,-30.0,0.608720076014
-90.0,-25.0,0.59050995182
-90.0,-20.0,0.605771292368
-90.0,-15.0,0.653791900525
-90.0,-10.0,0.643297200223
-90.0,-5.0,0.621607696085
-90.0,0.0,0.624471109153
-90.0,5.0,0.631585028523
-90.0,10.0,0.640275899379
-90.0,15.0,0.632766429034
-90.0,20.0,0.613838547389
-90.0,25.0,0.581934876407
-90.0,30.0,0.578365361991
-90.0,35.0,0.583079918672
-90.0,40.0,0.619272475309
-90.0,45.0,0.609277657166
-90.0,50.0,0.589515031443
-90.0,55.0,0.620679956673
-90.0,60.0,0.660787679306
-90.0,65.0,0.667759206435
-90.0,70.0,0.676009292759
-90.0,75.0,0.654933941435
-90.0,80.0,0.641658671979
-90.0,85.0,0.640764510994
-90.0,90.0,0.584180379035
-90.0,95.0,0.536404197502
-90.0,100.0,0.508446046872
-85.0,-100.0,0.558832098592
-85.0,-95.0,0.551397678146
-85.0,-90.0,0.530598368651
-85.0,-85.0,0.573450925341
-85.0,-80.0,0.584754109191
-85.0,-75.0,0.626218015812
-85.0,-70.0,0.665559116035
-85.0,-65.0,0.663241589599
-85.0,-60.0,0.664165803252
-85.0,-55.0,0.696554652058
-85.0,-50.0,0.68613486
-85.0,-45.0,0.672248237355
-85.0,-40.0,0.659933397303
-85.0,-35.0,0.618352329934
-85.0,-30.0,0.613102645257
-85.0,-25.0,0.604977441713
-85.0,-20.0,0.611648992889
-85.0,-15.0,0.650683856047
-85.0,-10.0,0.654025952344
-85.0,-5.0,0.610877830482
-85.0,0.0,0.614447627047
-85.0,5.0,0.639046689721
-85.0,10.0,0.625888840462
-85.0,15.0,0.631076443814
-85.0,20.0,0.606423204969
-85.0,25.0,0.615802020724
-85.0,30.0,0.623854806597
-85.0,35.0,0.602252194009
-85.0,40.0,0.620773214124
-85.0,45.0,0.63809173735
-85.0,50.0,0.603506762069
-85.0,55.0,0.614256870705
-85.0,60.0,0.667912490832
-85.0,65.0,0.650363264716
-85.0,70.0,0.665403611968
-85.0,75.0,0.675993267602
-85.0,80.0,0.649807162445
-85.0,85.0,0.622901185317
-85.0,90.0,0.596415107312
-85.0,95.0,0.563361370573
-85.0,100.0,0.558832098592
-80.0,-100.0,0.58786985316
-80.0,-95.0,0.588305124533
-80.0,-90.0,0.559027105137
-80.0,-85.0,0.583521019919
-80.0,-80.0,0.636041710241
-80.0,-75.0,0.644669641196
-80.0,-70.0,0.690251203926
-80.0,-65.0,0.687316782049
-80.0,-60.0,0.682179406612
-80.0,-55.0,0.690722702263
-80.0,-50.0,0.691435416611
-80.0,-45.0,0.672446184731
-80.0,-40.0,0.670983985225
-80.0,-35.0,0.646502435563
-80.0,-30.0,0.635887169995
-80.0,-25.0,0.642436479629
-80.0,-20.0,0.644577926647
-80.0,-15.0,0.652832967271
-80.0,-10.0,0.631783766095
-80.0,-5.0,0.606683394661
-80.0,0.0,0.628711887902
-80.0,5.0,0.634438016275
-80.0,10.0,0.661684747646
-80.0,15.0,0.656969919713
-80.0,20.0,0.606374840285
-80.0,25.0,0.626295507674
-80.0,30.0,0.677465142305
-80.0,35.0,0.652324707797
-80.0,40.0,0.629741971795
-80.0,45.0,0.630965698975
-80.0,50.0,0.625651083052
-80.0,55.0,0.642696448511
-80.0,60.0,0.646380545072
-80.0,65.0,0.622829375053
-80.0,70.0,0.633253028792
-80.0,75.0,0.671651431152
-80.0,80.0,0.642459726658
-80.0,85.0,0.614846113486
-80.0,90.0,0.59622895096
-80.0,95.0,0.581593667962
-80.0,100.0,0.58786985316
-75.0,-100.0,0.593986500049
-75.0,-95.0,0.590178637402
-75.0,-90.0,0.601178966242
-75.0,-85.0,0.624892061084
-75.0,-80.0,0.675868250884
-75.0,-75.0,0.691250514557
-75.0,-70.0,0.69339974432
-75.0,-65.0,0.699448969442
-75.0,-60.0,0.691056970118
-75.0,-55.0,0.690938826978
-75.0,-50.0,0.683776726588
-75.0,-45.0,0.6843153806
-75.0,-40.0,0.681812589757
-75.0,-35.0,0.680439085802
-75.0,-30.0,0.664538531081
-75.0,-25.0,0.625876029356
-75.0,-20.0,0.652746764332
-75.0,-15.0,0.666669166359
-75.0,-10.0,0.634652619137
-75.0,-5.0,0.638006969767
-75.0,0.0,0.640832120548
-75.0,5.0,0.613935412528
-75.0,10.0,0.640878721382
-75.0,15.0,0.686070295021
-75.0,20.0,0.616542889896
-75.0,25.0,0.609595013437
-75.0,30.0,0.675310396941
-75.0,35.0,0.673391331326
-75.0,40.0,0.654969903264
-75.0,45.0,0.643666015002
-75.0,50.0,0.642897468932
-75.0,55.0,0.622971781414
-75.0,60.0,0.643165189618
-75.0,65.0,0.637081171334
-75.0,70.0,0.670073974163
-75.0,75.0,0.662766352151
-75.0,80.0,0.630113553936
-75.0,85.0,0.633078874989
-75.0,90.0,0.623761181034
-75.0,95.0,0.583776744556
-75.0,100.0,0.593986500049
-70.0,-100.0,0.62544704619
-70.0,-95.0,0.613508778144
-70.0,-90.0,0.647324038417
-70.0,-85.0,0.683601620601
-70.0,-80.0,0.705400632838
-70.0,-75.0,0.697451609766
-70.0,-70.0,0.69208287457
-70.0,-65.0,0.686950133497
-70.0,-60.0,0.702428840146
-70.0,-55.0,0.700284832258
-70.0,-50.0,0.679244194458
-70.0,-45.0,0.673474561208
-70.0,-40.0,0.660768815368
-70.0,-35.0,0.684343164171
-70.0,-30.0,0.665093651428
-70.0,-25.0,0.60080752859
-70.0,-20.0,0.642786877855
-70.0,-15.0,0.65954764021
-70.0,-10.0,0.654978330165
-70.0,-5.0,0.671873284465
-70.0,0.0,0.667375090867
-70.0,5.0,0.630098106009
-70.0,10.0,0.641762474967
-70.0,15.0,0.639003274613
-70.0,20.0,0.638464564079
-70.0,25.0,0.627982384227
-70.0,30.0,0.644512737787
-70.0,35.0,0.649341655388
-70.0,40.0,0.667381938981
-70.0,45.0,0.657993505628
-70.0,50.0,0.634243679115
-70.0,55.0,0.634033956222
-70.0,60.0,0.645360724594
-70.0,65.0,0.636334098437
-70.0,70.0,0.652044947409
-70.0,75.0,0.6449066576
-70.0,80.0,0.631021023266
-70.0,85.0,0.656368610506
-70.0,90.0,0.64481025036
-70.0,95.0,0.641014519505
-70.0,100.0,0.62544704619
-65.0,-100.0,0.667776556563
-65.0,-95.0,0.653224284297
-65.0,-90.0,0.675526630189
-65.0,-85.0,0.67687074078
-65.0,-80.0,0.685993159704
-65.0,-75.0,0.689901770871
-65.0,-70.0,0.676680256304
-65.0,-65.0,0.6641468749
-65.0,-60.0,0.687018855028
-65.0,-55.0,0.675265967621
-65.0,-50.0,0.674766034571
-65.0,-45.0,0.643687855732
-65.0,-40.0,0.637325965524
-65.0,-35.0,0.659553130173
-65.0,-30.0,0.660727946271
-65.0,-25.0,0.656211212422
-65.0,-20.0,0.676021242172
-65.0,-15.0,0.66058347115
-65.0,-10.0,0.650461282532
-65.0,-5.0,0.665855444348
-65.0,0.0,0.697968600189
-65.0,5.0,0.689813065543
-65.0,10.0,0.658439607476
-65.0,15.0,0.662373385828
-65.0,20.0,0.658602589943
-65.0,25.0,0.672309983948
-65.0,30.0,0.676509645479
-65.0,35.0,0.646786179064
-65.0,40.0,0.682135546309
-65.0,45.0,0.656408442992
-65.0,50.0,0.635606496568
-65.0,55.0,0.648831401644
-65.0,60.0,0.655748232318
-65.0,65.0,0.625523368555
-65.0,70.0,0.613935307792
-65.0,75.0,0.620818785927
-65.0,80.0,0.638657899755
-65.0,85.0,0.622215311603
-65.0,90.0,0.627421953571
-65.0,95.0,0.676224723478
-65.0,100.0,0.667776556563
-60.0,-100.0,0.668164496912
-60.0,-95.0,0.657061347047
-60.0,-90.0,0.675815311089
-60.0,-85.0,0.685226634906
-60.0,-80.0,0.699804462072
-60.0,-75.0,0.712794795905
-60.0,-70.0,0.696380949442
-60.0,-65.0,0.679945006001
-60.0,-60.0,0.674640802466
-60.0,-55.0,0.634452525522
-60.0,-50.0,0.648760586935
-60.0,-45.0,0.678881501209
-60.0,-40.0,0.646176197354
-60.0,-35.0,0.641244892237
-60.0,-30.0,0.665181171436
-60.0,-25.0,0.676721397562
-60.0,-20.0,0.677400110576
-60.0,-15.0,0.67107378159
-60.0,-10.0,0.660291863583
-60.0,-5.0,0.656880711375
-60.0,0.0,0.674886027289
-60.0,5.0,0.674803212819
-60.0,10.0,0.681542505831
-60.0,15.0,0.682534991603
-60.0,20.0,0.67914939361
-60.0,25.0,0.680621472586
-60.0,30.0,0.691448084996
-60.0,35.0,0.687717523243
-60.0,40.0,0.681990640275
-60.0,45.0,0.668490507459
-60.0,50.0,0.655679689591
-60.0,55.0,0.6684827644
-60.0,60.0,0.658160285269
-60.0,65.0,0.652832329458
-60.0,70.0,0.642979196194
-60.0,75.0,0.649384927592
-60.0,80.0,0.642657188674
-60.0,85.0,0.627025939205
-60.0,90.0,0.643757508599
-60.0,95.0,0.681788473073
-60.0,100.0,0.668164496912
-55.0,-100.0,0.632614162604
-55.0,-95.0,0.628975044599
-55.0,-90.0,0.660027194665
-55.0,-85.0,0.679507881703
-55.0,-80.0,0.690393049508
-55.0,-75.0,0.704558535723
-55.0,-70.0,0.688877943917
-55.0,-65.0,0.663910737173
-55.0,-60.0,0.688126060138
-55.0,-55.0,0.641821105168
-55.0,-50.0,0.644138572906
-55.0,-45.0,0.674186012887
-55.0,-40.0,0.642350471753
-55.0,-35.0,0.64141183616
-55.0,-30.0,0.675248767473
-55.0,-25.0,0.677618465235
-55.0,-20.0,0.658867209032
-55.0,-15.0,0.682329677748
-55.0,-10.0,0.67316838794
-55.0,-5.0,0.675172036142
-55.0,0.0,0.703562059951
-55.0,5.0,0.677083300745
-55.0,10.0,0.684986841745
-55.0,15.0,0.684554337892
-55.0,20.0,0.696485638063
-55.0,25.0,0.699105409045
-55.0,30.0,0.696110502248
-55.0,35.0,0.691083845553
-55.0,40.0,0.67187114332
-55.0,45.0,0.679134611354
-55.0,50.0,0.670993986364
-55.0,55.0,0.645711388283
-55.0,60.0,0.623005864627
-55.0,65.0,0.64219925291
-55.0,70.0,0.642257900227
-55.0,75.0,0.617470200268
-55.0,80.0,0.634989189377
-55.0,85.0,0.653290134802
-55.0,90.0,0.652356434517
-55.0,95.0,0.663575097613
-55.0,100.0,0.632614162604
-50.0,-100.0,0.626959109818
-50.0,-95.0,0.653708748206
-50.0,-90.0,0.655462005669
-50.0,-85.0,0.663792697564
-50.0,-80.0,0.692205824749
-50.0,-75.0,0.679849824345
-50.0,-70.0,0.649529193916
-50.0,-65.0,0.652859864773
-50.0,-60.0,0.677452593617
-50.0,-55.0,0.664747288121
-50.0,-50.0,0.657191748763
-50.0,-45.0,0.653321223442
-50.0,-40.0,0.659277402183
-50.0,-35.0,0.641894206584
-50.0,-30.0,0.680216168739
-50.0,-25.0,0.667451464094
-50.0,-20.0,0.666656777923
-50.0,-15.0,0.691315980738
-50.0,-10.0,0.687122201987
-50.0,-5.0,0.701841111673
-50.0,0.0,0.7373260788
-50.0,5.0,0.701624918698
-50.0,10.0,0.70008401176
-50.0,15.0,0.71754081892
-50.0,20.0,0.730883413751
-50.0,25.0,0.703780570239
-50.0,30.0,0.697153766346
-50.0,35.0,0.705764964135
-50.0,40.0,0.681534979948
-50.0,45.0,0.693360061732
-50.0,50.0,0.699566405971
-50.0,55.0,0.668128300323
-50.0,60.0,0.648645483329
-50.0,65.0,0.65660400544
-50.0,70.0,0.637566188645
-50.0,75.0,0.608600150538
-50.0,80.0,0.630293831903
-50.0,85.0,0.644925901431
-50.0,90.0,0.635601787029
-50.0,95.0,0.631444591628
-50.0,100.0,0.626959109818
-45.0,-100.0,0.648429684648
-45.0,-95.0,0.656437096547
-45.0,-90.0,0.632521509216
-45.0,-85.0,0.648343960298
-45.0,-80.0,0.661328366953
-45.0,-75.0,0.657746776115
-45.0,-70.0,0.668237052855
-45.0,-65.0,0.668125806291
-45.0,-60.0,0.666644506111
-45.0,-55.0,0.657517482356
-45.0,-50.0,0.654783847972
-45.0,-45.0,0.676907056673
-45.0,-40.0,0.66895421936
-45.0,-35.0,0.655810546252
-45.0,-30.0,0.655881634868
-45.0,-25.0,0.698427978208
-45.0,-20.0,0.705062927316
-45.0,-15.0,0.70934168988
-45.0,-10.0,0.685534359518
-45.0,-5.0,0.684167490786
-45.0,0.0,0.694019801133
-45.0,5.0,0.692999591469
-45.0,10.0,0.686288097103
-45.0,15.0,0.710851013456
-45.0,20.0,0.71189275866
-45.0,25.0,0.695533101547
-45.0,30.0,0.71109331937
-45.0,35.0,0.709725183908
-45.0,40.0,0.690187147518
-45.0,45.0,0.698500561985
-45.0,50.0,0.687878838942
-45.0,55.0,0.695083971679
-45.0,60.0,0.705780807731
-45.0,65.0,0.644982790665
-45.0,70.0,0.628987241021
-45.0,75.0,0.639668747539
-45.0,80.0,0.658895214155
-45.0,85.0,0.621937580089
-45.0,90.0,0.582620426042
-45.0,95.0,0.618121743362
-45.0,100.0,0.648429684648
-40.0,-100.0,0.658512808299
-40.0,-95.0,0.641093759173
-40.0,-90.0,0.644162150163
-40.0,-85.0,0.679028993148
-40.0,-80.0,0.640746396937
-40.0,-75.0,0.649497405143
-40.0,-70.0,0.67799641269
-40.0,-65.0,0.666969581731
-40.0,-60.0,0.658045235056
-40.0,-55.0,0.654768495462
-40.0,-50.0,0.64386587454
-40.0,-45.0,0.655385483405
-40.0,-40.0,0.678487303969
-40.0,-35.0,0.651921484981
-40.0,-30.0,0.681046436741
-40.0,-25.0,0.706732905679
-40.0,-20.0,0.697997459506
-40.0,-15.0,0.692463483741
-40.0,-10.0,0.673519045965
-40.0,-5.0,0.678578187883
-40.0,0.0,0.695903516933
-40.0,5.0,0.680921429361
-40.0,10.0,0.667420454821
-40.0,15.0,0.683164686757
-40.0,20.0,0.690006106805
-40.0,25.0,0.707419877812
-40.0,30.0,0.705844183528
-40.0,35.0,0.690616130589
-40.0,40.0,0.693797515691
-40.0,45.0,0.683134359137
-40.0,50.0,0.665960238907
-40.0,55.0,0.691625576914
-40.0,60.0,0.665316049327
-40.0,65.0,0.622476114707
-40.0,70.0,0.626006130293
-40.0,75.0,0.642868667492
-40.0,80.0,0.66499892499
-40.0,85.0,0.64557494631
-40.0,90.0,0.599354284604
-40.0,95.0,0.637980076928
-40.0,100.0,0.658512808299
-35.0,-100.0,0.625953378305
-35.0,-95.0,0.643881390393
-35.0,-90.0,0.676162778723
-35.0,-85.0,0.666955139393
-35.0,-80.0,0.659277624768
-35.0,-75.0,0.665367158913
-35.0,-70.0,0.674476943346
-35.0,-65.0,0.657964613182
-35.0,-60.0,0.644723527172
-35.0,-55.0,0.669168000337
-35.0,-50.0,0.629864546394
-35.0,-45.0,0.646933007373
-35.0,-40.0,0.685895899152
-35.0,-35.0,0.680478303255
-35.0,-30.0,0.692742580899
-35.0,-25.0,0.699144332205
-35.0,-20.0,0.669011448906
-35.0,-15.0,0.638263688202
-35.0,-10.0,0.646855741335
-35.0,-5.0,0.682807668178
-35.0,0.0,0.681574835842
-35.0,5.0,0.677522819193
-35.0,10.0,0.677500543761
-35.0,15.0,0.676921827704
-35.0,20.0,0.707419084133
-35.0,25.0,0.707759946216
-35.0,30.0,0.68191497667
-35.0,35.0,0.671519921095
-35.0,40.0,0.676156173833
-35.0,45.0,0.677305121469
-35.0,50.0,0.685226924211
-35.0,55.0,0.679960051353
-35.0,60.0,0.661000323684
-35.0,65.0,0.63654947354
-35.0,70.0,0.655518950351
-35.0,75.0,0.654010269869
-35.0,80.0,0.65781000485
-35.0,85.0,0.657091935863
-35.0,90.0,0.637179154025
-35.0,95.0,0.612923087369
-35.0,100.0,0.625953378305
-30.0,-100.0,0.593694956884
-30.0,-95.0,0.628661246052
-30.0,-90.0,0.638664411833
-30.0,-85.0,0.645173059419
-30.0,-80.0,0.636452041047
-30.0,-75.0,0.67009176803
-30.0,-70.0,0.641255426461
-30.0,-65.0,0.639413351066
-30.0,-60.0,0.64717379259
-30.0,-55.0,0.64672398819
-30.0,-50.0,0.658320495737
-30.0,-45.0,0.677787346679
-30.0,-40.0,0.707973331026
-30.0,-35.0,0.697584468279
-30.0,-30.0,0.698187331015
-30.0,-25.0,0.687618708678
-30.0,-20.0,0.662932718355
-30.0,-15.0,0.629972595344
-30.0,-10.0,0.662964603282
-30.0,-5.0,0.645148818047
-30.0,0.0,0.667944921803
-30.0,5.0,0.671515925183
-30.0,10.0,0.64909128023
-30.0,15.0,0.654457167486
-30.0,20.0,0.682741242478
-30.0,25.0,0.678345660651
-30.0,30.0,0.662654076026
-30.0,35.0,0.660747563692
-30.0,40.0,0.662777198387
-30.0,45.0,0.666765020396
-30.0,50.0,0.672695913537
-30.0,55.0,0.690946956454
-30.0,60.0,0.682837382802
-30.0,65.0,0.650948029464
-30.0,70.0,0.682529480822
-30.0,75.0,0.680943804974
-30.0,80.0,0.671992766588
-30.0,85.0,0.64902299092
-30.0,90.0,0.62223850924
-30.0,95.0,0.590472555392
-30.0,100.0,0.593694956884
-25.0,-100.0,0.587927238218
-25.0,-95.0,0.591327301111
-25.0,-90.0,0.585282787753
-25.0,-85.0,0.627468463794
-25.0,-80.0,0.633399676548
-25.0,-75.0,0.667258626177
-25.0,-70.0,0.643820844367
-25.0,-65.0,0.654763556055
-25.0,-60.0,0.656768182923
-25.0,-55.0,0.635974988787
-25.0,-50.0,0.645819348963
-25.0,-45.0,0.67614390671
-25.0,-40.0,0.671449497342
-25.0,-35.0,0.677617982079
-25.0,-30.0,0.677779695826
-25.0,-25.0,0.675435301259
-25.0,-20.0,0.670918871424
-25.0,-15.0,0.670786393348
-25.0,-10.0,0.650363152439
-25.0,-5.0,0.641304989613
-25.0,0.0,0.652184308099
-25.0,5.0,0.681165383031
-25.0,10.0,0.644850219751
-25.0,15.0,0.65532075369
-25.0,20.0,0.670410159641
-25.0,25.0,0.64957423603
-25.0,30.0,0.658713957879
-25.0,35.0,0.672805182092
-25.0,40.0,0.647279188276
-25.0,45.0,0.654898167644
-25.0,50.0,0.64916797807
-25.0,55.0,0.670658296242
-25.0,60.0,0.682689604609
-25.0,65.0,0.654787185723
-25.0,70.0,0.654754125011
-25.0,75.0,0.675269857012
-25.0,80.0,0.672323983077
-25.0,85.0,0.618765119211
-25.0,90.0,0.580252325938
-25.0,95.0,0.580039675734
-25.0,100.0,0.587927238218
-20.0,-100.0,0.579509885874
-20.0,-95.0,0.576146873347
-20.0,-90.0,0.571482525434
-20.0,-85.0,0.610844812463
-20.0,-80.0,0.638648586306
-20.0,-75.0,0.649359174997
-20.0,-70.0,0.628547332216
-20.0,-65.0,0.640330928879
-20.0,-60.0,0.658547430373
-20.0,-55.0,0.62549656015
-20.0,-50.0,0.665010715491
-20.0,-45.0,0.677096164401
-20.0,-40.0,0.647870073135
-20.0,-35.0,0.661904733801
-20.0,-30.0,0.682084037793
-20.0,-25.0,0.676670179428
-20.0,-20.0,0.653171636237
-20.0,-15.0,0.618652763938
-20.0,-10.0,0.648099951073
-20.0,-5.0,0.66524836643
-20.0,0.0,0.682297513529
-20.0,5.0,0.68076915487
-20.0,10.0,0.623001764128
-20.0,15.0,0.645148646262
-20.0,20.0,0.655922328236
-20.0,25.0,0.643152427837
-20.0,30.0,0.646623122029
-20.0,35.0,0.654761793057
-20.0,40.0,0.643767924826
-20.0,45.0,0.654223934666
-20.0,50.0,0.667995312502
-20.0,55.0,0.680953121646
-20.0,60.0,0.694773163121
-20.0,65.0,0.665189170116
-20.0,70.0,0.659191133912
-20.0,75.0,0.641805306878
-20.0,80.0,0.660013770442
-20.0,85.0,0.593715572374
-20.0,90.0,0.561934026768
-20.0,95.0,0.58215994293
-20.0,100.0,0.579509885874
-15.0,-100.0,0.614172749008
-15.0,-95.0,0.600581542812
-15.0,-90.0,0.614274615268
-15.0,-85.0,0.608011059957
-15.0,-80.0,0.620503036513
-15.0,-75.0,0.682299930854
-15.0,-70.0,0.644767619927
-15.0,-65.0,0.629959237609
-15.0,-60.0,0.66113966159
-15.0,-55.0,0.660274750666
-15.0,-50.0,0.673827071911
-15.0,-45.0,0.663420880461
-15.0,-40.0,0.677740487186
-15.0,-35.0,0.660571265125
-15.0,-30.0,0.676913194414
-15.0,-25.0,0.686474514806
-15.0,-20.0,0.662366212358
-15.0,-15.0,0.636789935229
-15.0,-10.0,0.651200515875
-15.0,-5.0,0.668157888046
-15.0,0.0,0.655111378049
-15.0,5.0,0.646249944052
-15.0,10.0,0.633367283245
-15.0,15.0,0.655281004853
-15.0,20.0,0.649431332032
-15.0,25.0,0.654488480937
-15.0,30.0,0.643236188498
-15.0,35.0,0.63107166259
-15.0,40.0,0.647710059054
-15.0,45.0,0.665021508035
-15.0,50.0,0.661182674316
-15.0,55.0,0.672746386528
-15.0,60.0,0.70538032409
-15.0,65.0,0.697589498098
-15.0,70.0,0.706917798732
-15.0,75.0,0.688991120288
-15.0,80.0,0.645280364486
-15.0,85.0,0.617036275437
-15.0,90.0,0.609982563606
-15.0,95.0,0.611619181617
-15.0,100.0,0.614172749008
-10.0,-100.0,0.640351638154
-10.0,-95.0,0.619686630002
-10.0,-90.0,0.603826389948
-10.0,-85.0,0.592682966706
-10.0,-80.0,0.621739399536
-10.0,-75.0,0.698793947068
-10.0,-70.0,0.67970928974
-10.0,-65.0,0.64959909356
-10.0,-60.0,0.663198663873
-10.0,-55.0,0.695435851951
-10.0,-50.0,0.669793849926
-10.0,-45.0,0.674741843247
-10.0,-40.0,0.681547589465
-10.0,-35.0,0.674594080257
-10.0,-30.0,0.669997891232
-10.0,-25.0,0.683973619537
-10.0,-20.0,0.690070917359
-10.0,-15.0,0.660529351591
-10.0,-10.0,0.663728353694
-10.0,-5.0,0.655068738308
-10.0,0.0,0.634046003133
-10.0,5.0,0.639471209423
-10.0,10.0,0.673508519782
-10.0,15.0,0.700875992406
-10.0,20.0,0.681616931864
-10.0,25.0,0.662531410864
-10.0,30.0,0.650012085818
-10.0,35.0,0.659466331719
-10.0,40.0,0.666517202217
-10.0,45.0,0.668289868631
-10.0,50.0,0.675016009936
-10.0,55.0,0.661702114561
-10.0,60.0,0.693197389825
-10.0,65.0,0.695510690445
-10.0,70.0,0.720448464393
-10.0,75.0,0.730682271419
-10.0,80.0,0.666086152069
-10.0,85.0,0.657011409819
-10.0,90.0,0.641204316271
-10.0,95.0,0.637847092129
-10.0,100.0,0.640351638154
-5.0,-100.0,0.626247626092
-5.0,-95.0,0.604188290851
-5.0,-90.0,0.592270518909
-5.0,-85.0,0.60716720122
-5.0,-80.0,0.656323117283
-5.0,-75.0,0.698782400734
-5.0,-70.0,0.682847799951
-5.0,-65.0,0.662688300107
-5.0,-60.0,0.652867683459
-5.0,-55.0,0.661416548553
-5.0,-50.0,0.664447589832
-5.0,-45.0,0.676498453358
-5.0,-40.0,0.656928746142
-5.0,-35.0,0.67097556598
-5.0,-30.0,0.664284943143
-5.0,-25.0,0.681599154389
-5.0,-20.0,0.657695511501
-5.0,-15.0,0.63685716885
-5.0,-10.0,0.657854954927
-5.0,-5.0,0.70032582337
-5.0,0.0,0.684061727398
-5.0,5.0,0.688885459607
-5.0,10.0,0.700258904174
-5.0,15.0,0.680755577737
-5.0,20.0,0.682306868396
-5.0,25.0,0.689202404018
-5.0,30.0,0.660359884159
-5.0,35.0,0.655352111374
-5.0,40.0,0.668462237665
-5.0,45.0,0.662811528775
-5.0,50.0,0.67633587598
-5.0,55.0,0.700971056506
-5.0,60.0,0.703195794478
-5.0,65.0,0.686918501438
-5.0,70.0,0.688870352596
-5.0,75.0,0.713172803171
-5.0,80.0,0.683966102146
-5.0,85.0,0.659276520859
-5.0,90.0,0.632307074932
-5.0,95.0,0.604389678063
-5.0,100.0,0.626247626092
0.0,-100.0,0.630706898293
0.0,-95.0,0.593278021415
0.0,-90.0,0.597785050394
0.0,-85.0,0.64549678794
0.0,-80.0,0.650087376288
0.0,-75.0,0.64710317883
0.0,-70.0,0.676030223034
0.0,-65.0,0.644261038166
0.0,-60.0,0.640082503648
0.0,-55.0,0.660467975149
0.0,-50.0,0.66497788758
0.0,-45.0,0.687697633619
0.0,-40.0,0.655639658175
0.0,-35.0,0.653535350609
0.0,-30.0,0.669054276444
0.0,-25.0,0.660758324704
0.0,-20.0,0.65949722045
0.0,-15.0,0.653737032219
0.0,-10.0,0.678644241246
0.0,-5.0,0.703713052086
0.0,0.0,0.711463820856
0.0,5.0,0.704618835854
0.0,10.0,0.698256388861
0.0,15.0,0.715308464549
0.0,20.0,0.705179476731
0.0,25.0,0.676411798011
0.0,30.0,0.676510704777
0.0,35.0,0.658259731068
0.0,40.0,0.686394478022
0.0,45.0,0.687614378302
0.0,50.0,0.691499785837
0.0,55.0,0.704905463
0.0,60.0,0.68692845474
0.0,65.0,0.67158781313
0.0,70.0,0.699680457546
0.0,75.0,0.693376191382
0.0,80.0,0.6755152065
0.0,85.0,0.645330355975
0.0,90.0,0.5956662516
0.0,95.0,0.590838399811
0.0,100.0,0.630706898293
5.0,-100.0,0.613199191764
5.0,-95.0,0.612965132063
5.0,-90.0,0.629768173247
5.0,-85.0,0.670312774207
5.0,-80.0,0.674034892785
5.0,-75.0,0.661029698661
5.0,-70.0,0.680068021627
5.0,-65.0,0.665383379428
5.0,-60.0,0.64173694393
5.0,-55.0,0.632227326078
5.0,-50.0,0.658618139882
5.0,-45.0,0.682658091673
5.0,-40.0,0.655251155803
5.0,-35.0,0.629873437
5.0,-30.0,0.641681787793
5.0,-25.0,0.667703757754
5.0,-20.0,0.671304983871
5.0,-15.0,0.683788068666
5.0,-10.0,0.696338155156
5.0,-5.0,0.692323180709
5.0,0.0,0.70053278602
5.0,5.0,0.700386891732
5.0,10.0,0.693104855678
5.0,15.0,0.732620117534
5.0,20.0,0.711727968819
5.0,25.0,0.676241494872
5.0,30.0,0.676455698464
5.0,35.0,0.69641813561
5.0,40.0,0.701038078422
5.0,45.0,0.72845847946
5.0,50.0,0.711140985842
5.0,55.0,0.66966283558
5.0,60.0,0.674090820315
5.0,65.0,0.675018034017
5.0,70.0,0.680087601882
5.0,75.0,0.702869328113
5.0,80.0,0.685467497325
5.0,85.0,0.663451574393
5.0,90.0,0.635908464065
5.0,95.0,0.62454758363
5.0,100.0,0.613199191764
10.0,-100.0,0.631117158078
10.0,-95.0,0.63511438289
10.0,-90.0,0.637709097398
10.0,-85.0,0.6603499513
10.0,-80.0,0.659641848482
10.0,-75.0,0.652185331371
10.0,-70.0,0.676479567432
10.0,-65.0,0.672974304152
10.0,-60.0,0.664318968001
10.0,-55.0,0.639313455069
10.0,-50.0,0.632402653303
10.0,-45.0,0.678636747849
10.0,-40.0,0.678338449378
10.0,-35.0,0.644344451822
10.0,-30.0,0.656701211417
10.0,-25.0,0.693315737882
10.0,-20.0,0.683420883444
10.0,-15.0,0.702458367395
10.0,-10.0,0.680041742997
10.0,-5.0,0.685645121377
10.0,0.0,0.704935469117
10.0,5.0,0.708849125598
10.0,10.0,0.703823112826
10.0,15.0,0.684849350227
10.0,20.0,0.699292798296
10.0,25.0,0.693027588522
10.0,30.0,0.696844699371
10.0,35.0,0.69179565288
10.0,40.0,0.695815030625
10.0,45.0,0.694377024791
10.0,50.0,0.706798086517
10.0,55.0,0.670907782205
10.0,60.0,0.699395101635
10.0,65.0,0.705727896722
10.0,70.0,0.689938830239
10.0,75.0,0.715349532368
10.0,80.0,0.680232175215
10.0,85.0,0.666429513468
10.0,90.0,0.662979004843
10.0,95.0,0.642326414491
10.0,100.0,0.631117158078
15.0,-100.0,0.656298390509
15.0,-95.0,0.665473030021
15.0,-90.0,0.663248824803
15.0,-85.0,0.607695831053
15.0,-80.0,0.600796436946
15.0,-75.0,0.616816336224
15.0,-70.0,0.654135782789
15.0,-65.0,0.648067484543
15.0,-60.0,0.656450360318
15.0,-55.0,0.656105312502
15.0,-50.0,0.633675818271
15.0,-45.0,0.678136445583
15.0,-40.0,0.704161908974
15.0,-35.0,0.660509961918
15.0,-30.0,0.657355039084
15.0,-25.0,0.70215893353
15.0,-20.0,0.684960330216
15.0,-15.0,0.694454562461
15.0,-10.0,0.694314854043
15.0,-5.0,0.68884214114
15.0,0.0,0.693910845924
15.0,5.0,0.719786052836
15.0,10.0,0.696658287312
15.0,15.0,0.6898870489
15.0,20.0,0.706598407406
15.0,25.0,0.721508319298
15.0,30.0,0.717583503392
15.0,35.0,0.694827363807
15.0,40.0,0.680487404626
15.0,45.0,0.680140366957
15.0,50.0,0.687974439359
15.0,55.0,0.671533528916
15.0,60.0,0.688919909856
15.0,65.0,0.682122499643
15.0,70.0,0.701965459457
15.0,75.0,0.730557112513
15.0,80.0,0.681433131307
15.0,85.0,0.680192795138
15.0,90.0,0.686416848862
15.0,95.0,0.670670351204
15.0,100.0,0.656298390509
20.0,-100.0,0.661717091934
20.0,-95.0,0.67164577995
20.0,-90.0,0.649199007058
20.0,-85.0,0.633706693989
20.0,-80.0,0.615030318923
20.0,-75.0,0.630507721827
20.0,-70.0,0.661109028658
20.0,-65.0,0.634508153388
20.0,-60.0,0.614013079433
20.0,-55.0,0.641214385175
20.0,-50.0,0.641003960532
20.0,-45.0,0.659708691681
20.0,-40.0,0.688198299558
20.0,-35.0,0.666252393924
20.0,-30.0,0.651851958457
20.0,-25.0,0.669380746779
20.0,-20.0,0.680775028484
20.0,-15.0,0.686810907057
20.0,-10.0,0.673491714043
20.0,-5.0,0.66097210026
20.0,0.0,0.6784566413
20.0,5.0,0.707058734169
20.0,10.0,0.692581213603
20.0,15.0,0.696779487558
20.0,20.0,0.703383320856
20.0,25.0,0.686365745495
20.0,30.0,0.703657291493
20.0,35.0,0.696868317645
20.0,40.0,0.688616048413
20.0,45.0,0.693095666623
20.0,50.0,0.69730383804
20.0,55.0,0.680552930546
20.0,60.0,0.685161738734
20.0,65.0,0.674057684269
20.0,70.0,0.662085697418
20.0,75.0,0.695780766419
20.0,80.0,0.666274556833
20.0,85.0,0.673161620181
20.0,90.0,0.700463350158
20.0,95.0,0.665265316981
20.0,100.0,0.661717091934
25.0,-100.0,0.626053674461
25.0,-95.0,0.61746314214
25.0,-90.0,0.605190939553
25.0,-85.0,0.629589234105
25.0,-80.0,0.618684586646
25.0,-75.0,0.618446250455
25.0,-70.0,0.637534667118
25.0,-65.0,0.64008206032
25.0,-60.0,0.596693661876
25.0,-55.0,0.619142923057
25.0,-50.0,0.625718798853
25.0,-45.0,0.656033278213
25.0,-40.0,0.675194479407
25.0,-35.0,0.648939490188
25.0,-30.0,0.649295346221
25.0,-25.0,0.661180390529
25.0,-20.0,0.690976420167
25.0,-15.0,0.688432515589
25.0,-10.0,0.672483478065
25.0,-5.0,0.657295943118
25.0,0.0,0.678930255813
25.0,5.0,0.706813242861
25.0,10.0,0.683440565666
25.0,15.0,0.681342174869
25.0,20.0,0.666736494772
25.0,25.0,0.665659173717
25.0,30.0,0.684597876088
25.0,35.0,0.67924542344
25.0,40.0,0.686175508768
25.0,45.0,0.695429937972
25.0,50.0,0.677409193448
25.0,55.0,0.662399977866
25.0,60.0,0.673076509527
25.0,65.0,0.648461554916
25.0,70.0,0.66241643956
25.0,75.0,0.671683728341
25.0,80.0,0.65593022045
25.0,85.0,0.665182720352
25.0,90.0,0.674319438723
25.0,95.0,0.623328636125
25.0,100.0,0.626053674461
30.0,-100.0,0.633787319019
30.0,-95.0,0.604910131455
30.0,-90.0,0.590477864039
30.0,-85.0,0.628447426118
30.0,-80.0,0.619372858546
30.0,-75.0,0.607005340874
30.0,-70.0,0.641147561548
30.0,-65.0,0.655487028484
30.0,-60.0,0.63272356138
30.0,-55.0,0.619721341459
30.0,-50.0,0.624029287213
30.0,-45.0,0.638846284525
30.0,-40.0,0.661365269377
30.0,-35.0,0.651118573468
30.0,-30.0,0.658356744339
30.0,-25.0,0.70496669867
30.0,-20.0,0.709503809739
30.0,-15.0,0.690488497196
30.0,-10.0,0.671424764446
30.0,-5.0,0.679547811226
30.0,0.0,0.687345845554
30.0,5.0,0.682493092585
30.0,10.0,0.648894693122
30.0,15.0,0.660799955318
30.0,20.0,0.663715491262
30.0,25.0,0.694984928148
30.0,30.0,0.700242174759
30.0,35.0,0.681767207685
30.0,40.0,0.665084508635
30.0,45.0,0.680379764107
30.0,50.0,0.676743724089
30.0,55.0,0.670239814111
30.0,60.0,0.676045248932
30.0,65.0,0.664984089516
30.0,70.0,0.666231196594
30.0,75.0,0.679703247086
30.0,80.0,0.667581400443
30.0,85.0,0.680843013958
30.0,90.0,0.65701931283
30.0,95.0,0.624400215187
30.0,100.0,0.633787319019
35.0,-100.0,0.634704788611
35.0,-95.0,0.621412300265
35.0,-90.0,0.585246358892
35.0,-85.0,0.589387442984
35.0,-80.0,0.64473587401
35.0,-75.0,0.644117042652
35.0,-70.0,0.652348086932
35.0,-65.0,0.636977624546
35.0,-60.0,0.635309656642
35.0,-55.0,0.635373937468
35.0,-50.0,0.653480663416
35.0,-45.0,0.681335350817
35.0,-40.0,0.682334255555
35.0,-35.0,0.680995744432
35.0,-30.0,0.663700659761
35.0,-25.0,0.684004928963
35.0,-20.0,0.674668960555
35.0,-15.0,0.668689549414
35.0,-10.0,0.67769222149
35.0,-5.0,0.671734238026
35.0,0.0,0.657965097896
35.0,5.0,0.663968828602
35.0,10.0,0.644660223297
35.0,15.0,0.622785574665
35.0,20.0,0.641965696774
35.0,25.0,0.675361229914
35.0,30.0,0.682415442754
35.0,35.0,0.679298239668
35.0,40.0,0.666962437225
35.0,45.0,0.693242073897
35.0,50.0,0.684526090655
35.0,55.0,0.676147525135
35.0,60.0,0.695834371601
35.0,65.0,0.653929564829
35.0,70.0,0.675500025963
35.0,75.0,0.707914467464
35.0,80.0,0.694815783955
35.0,85.0,0.645399843019
35.0,90.0,0.626835923011
35.0,95.0,0.607845164016
35.0,100.0,0.634704788611
40.0,-100.0,0.607194632456
40.0,-95.0,0.60139448398
40.0,-90.0,0.587398611956
40.0,-85.0,0.577631227676
40.0,-80.0,0.63426569772
40.0,-75.0,0.648894988434
40.0,-70.0,0.632750058958
40.0,-65.0,0.619050769068
40.0,-60.0,0.619626492352
40.0,-55.0,0.633257137403
40.0,-50.0,0.664757313478
40.0,-45.0,0.692499058505
40.0,-40.0,0.663157129025
40.0,-35.0,0.666556592487
40.0,-30.0,0.640797447959
40.0,-25.0,0.668590233766
40.0,-20.0,0.683525002274
40.0,-15.0,0.692960629842
40.0,-10.0,0.692712634458
40.0,-5.0,0.645991704111
40.0,0.0,0.636237818625
40.0,5.0,0.644683606403
40.0,10.0,0.649542515739
40.0,15.0,0.642789871532
40.0,20.0,0.635024907026
40.0,25.0,0.658783341155
40.0,30.0,0.687238464307
40.0,35.0,0.679612942747
40.0,40.0,0.6739688036
40.0,45.0,0.684462106261
40.0,50.0,0.672912107692
40.0,55.0,0.669569859162
40.0,60.0,0.689303034631
40.0,65.0,0.647612466195
40.0,70.0,0.672689656298
40.0,75.0,0.707796050066
40.0,80.0,0.672474807521
40.0,85.0,0.644324684402
40.0,90.0,0.63968401801
40.0,95.0,0.620135036058
40.0,100.0,0.607194632456
45.0,-100.0,0.616876715424
45.0,-95.0,0.617307668008
45.0,-90.0,0.614704470364
45.0,-85.0,0.589883330767
45.0,-80.0,0.5982085945
45.0,-75.0,0.630032326832
45.0,-70.0,0.634695890302
45.0,-65.0,0.631491122922
45.0,-60.0,0.667116326633
45.0,-55.0,0.656309603707
45.0,-50.0,0.656113356548
45.0,-45.0,0.643059641119
45.0,-40.0,0.629207278496
45.0,-35.0,0.664714957937
45.0,-30.0,0.643549353176
45.0,-25.0,0.650262145238
45.0,-20.0,0.677839610091
45.0,-15.0,0.66050002634
45.0,-10.0,0.642085942041
45.0,-5.0,0.635980267789
45.0,0.0,0.668948034906
45.0,5.0,0.681416256856
45.0,10.0,0.659820943999
45.0,15.0,0.654149593788
45.0,20.0,0.633077988754
45.0,25.0,0.676253950826
45.0,30.0,0.695697434646
45.0,35.0,0.693884597824
45.0,40.0,0.678433344104
45.0,45.0,0.683187576014
45.0,50.0,0.672544809245
45.0,55.0,0.649898074483
45.0,60.0,0.691478381627
45.0,65.0,0.682235752091
45.0,70.0,0.685751129924
45.0,75.0,0.667629443619
45.0,80.0,0.639158068638
45.0,85.0,0.641918602074
45.0,90.0,0.660041404468
45.0,95.0,0.637871318374
45.0,100.0,0.616876715424
50.0,-100.0,0.635300328176
50.0,-95.0,0.61976968552
50.0,-90.0,0.607785510907
50.0,-85.0,0.612426276053
50.0,-80.0,0.629091415988
50.0,-75.0,0.649658572208
50.0,-70.0,0.640738991436
50.0,-65.0,0.663052681661
50.0,-60.0,0.663788701274
50.0,-55.0,0.654104810797
50.0,-50.0,0.649513662413
50.0,-45.0,0.65346303249
50.0,-40.0,0.666650406477
50.0,-35.0,0.661626655356
50.0,-30.0,0.653709726069
50.0,-25.0,0.642321449048
50.0,-20.0,0.681143536033
50.0,-15.0,0.669373912585
50.0,-10.0,0.622777074798
50.0,-5.0,0.62991368246
50.0,0.0,0.67416156142
50.0,5.0,0.682874475902
50.0,10.0,0.66517598661
50.0,15.0,0.658924168791
50.0,20.0,0.650502163674
50.0,25.0,0.652720855285
50.0,30.0,0.660816444049
50.0,35.0,0.682070273098
50.0,40.0,0.688381464989
50.0,45.0,0.695310414808
50.0,50.0,0.699081497899
50.0,55.0,0.662354049719
50.0,60.0,0.668403562443
50.0,65.0,0.654857439709
50.0,70.0,0.655958561636
50.0,75.0,0.65711568127
50.0,80.0,0.66386569038
50.0,85.0,0.629458403937
50.0,90.0,0.629322489908
50.0,95.0,0.639914918736
50.0,100.0,0.635300328176
55.0,-100.0,0.616621351267
55.0,-95.0,0.588924454063
55.0,-90.0,0.575192391667
55.0,-85.0,0.609963144068
55.0,-80.0,0.637034975127
55.0,-75.0,0.674055143315
55.0,-70.0,0.650689732555
55.0,-65.0,0.634226053856
55.0,-60.0,0.650569923562
55.0,-55.0,0.64351588254
55.0,-50.0,0.646555547372
55.0,-45.0,0.664415603722
55.0,-40.0,0.645445093635
55.0,-35.0,0.635966819371
55.0,-30.0,0.664802831961
55.0,-25.0,0.663008747641
55.0,-20.0,0.691326136218
55.0,-15.0,0.679250543417
55.0,-10.0,0.656365635295
55.0,-5.0,0.642818458558
55.0,0.0,0.675269982482
55.0,5.0,0.687684271511
55.0,10.0,0.663656499392
55.0,15.0,0.669094769831
55.0,20.0,0.665625844299
55.0,25.0,0.637952864175
55.0,30.0,0.678852722599
55.0,35.0,0.694591526683
55.0,40.0,0.681742037469
55.0,45.0,0.672755630272
55.0,50.0,0.699275196401
55.0,55.0,0.67099187351
55.0,60.0,0.676603965944
55.0,65.0,0.643712605022
55.0,70.0,0.670458824341
55.0,75.0,0.680048636894
55.0,80.0,0.677454760659
55.0,85.0,0.65384500328
55.0,90.0,0.656457345168
55.0,95.0,0.643933151623
55.0,100.0,0.616621351267
60.0,-100.0,0.609616864243
60.0,-95.0,0.603135155584
60.0,-90.0,0.603652311897
60.0,-85.0,0.648507144102
60.0,-80.0,0.62240948995
60.0,-75.0,0.607750996027
60.0,-70.0,0.605082779709
60.0,-65.0,0.62388371744
60.0,-60.0,0.653243351559
60.0,-55.0,0.672203724878
60.0,-50.0,0.661857757745
60.0,-45.0,0.672879234983
60.0,-40.0,0.650167490443
60.0,-35.0,0.637914661893
60.0,-30.0,0.662428350665
60.0,-25.0,0.671825465201
60.0,-20.0,0.668862680745
60.0,-15.0,0.670605881366
60.0,-10.0,0.646988420045
60.0,-5.0,0.651231818572
60.0,0.0,0.679791262667
60.0,5.0,0.674218056509
60.0,10.0,0.66889207253
60.0,15.0,0.672522585236
60.0,20.0,0.661000747102
60.0,25.0,0.671557895072
60.0,30.0,0.701125358147
60.0,35.0,0.713354875874
60.0,40.0,0.697855658502
60.0,45.0,0.683996768199
60.0,50.0,0.683376610189
60.0,55.0,0.678390657024
60.0,60.0,0.696792129524
60.0,65.0,0.682058066721
60.0,70.0,0.692767305516
60.0,75.0,0.692008048267
60.0,80.0,0.696425657983
60.0,85.0,0.680002114526
60.0,90.0,0.67031473566
60.0,95.0,0.650282396822
60.0,100.0,0.609616864243
65.0,-100.0,0.655535150295
65.0,-95.0,0.653483510741
65.0,-90.0,0.658630007055
65.0,-85.0,0.672201353076
65.0,-80.0,0.617848727303
65.0,-75.0,0.599173377781
65.0,-70.0,0.617575582793
65.0,-65.0,0.626149384279
65.0,-60.0,0.636020593551
65.0,-55.0,0.641011110236
65.0,-50.0,0.629331336131
65.0,-45.0,0.650155759773
65.0,-40.0,0.697460991074
65.0,-35.0,0.652449659046
65.0,-30.0,0.6359338751
65.0,-25.0,0.619695340906
65.0,-20.0,0.628732976866
65.0,-15.0,0.630870331445
65.0,-10.0,0.635363224566
65.0,-5.0,0.641449652688
65.0,0.0,0.652020832205
65.0,5.0,0.642016259746
65.0,10.0,0.644583570042
65.0,15.0,0.644827757871
65.0,20.0,0.664272536706
65.0,25.0,0.69019334528
65.0,30.0,0.697811526583
65.0,35.0,0.671017031594
65.0,40.0,0.69038313829
65.0,45.0,0.688814622759
65.0,50.0,0.706340860855
65.0,55.0,0.673320018616
65.0,60.0,0.688813183644
65.0,65.0,0.693743699392
65.0,70.0,0.677115915269
65.0,75.0,0.671011968562
65.0,80.0,0.691330991152
65.0,85.0,0.687335327962
65.0,90.0,0.675096681557
65.0,95.0,0.683851686202
65.0,100.0,0.655535150295
70.0,-100.0,0.695937777785
70.0,-95.0,0.673853798289
70.0,-90.0,0.65701381934
70.0,-85.0,0.645008204141
70.0,-80.0,0.631118667568
70.0,-75.0,0.640494714971
70.0,-70.0,0.657138505707
70.0,-65.0,0.626525820432
70.0,-60.0,0.636584291009
70.0,-55.0,0.650747719592
70.0,-50.0,0.649234927607
70.0,-45.0,0.677026431682
70.0,-40.0,0.706070270766
70.0,-35.0,0.669729797455
70.0,-30.0,0.63751439692
70.0,-25.0,0.635226405182
70.0,-20.0,0.62900926556
70.0,-15.0,0.649367659804
70.0,-10.0,0.660035171576
70.0,-5.0,0.655924716828
70.0,0.0,0.652115001173
70.0,5.0,0.642783980944
70.0,10.0,0.660165662789
70.0,15.0,0.653849747459
70.0,20.0,0.664781561044
70.0,25.0,0.714947204381
70.0,30.0,0.705919278085
70.0,35.0,0.687205449003
70.0,40.0,0.687702241722
70.0,45.0,0.702442313536
70.0,50.0,0.729426974941
70.0,55.0,0.672541265634
70.0,60.0,0.678639061299
70.0,65.0,0.695176228115
70.0,70.0,0.679909966435
70.0,75.0,0.679779259952
70.0,80.0,0.691392802047
70.0,85.0,0.709386864963
70.0,90.0,0.688202406726
70.0,95.0,0.697332189369
70.0,100.0,0.695937777785
75.0,-100.0,0.660716745132
75.0,-95.0,0.651288867221
75.0,-90.0,0.624517659524
75.0,-85.0,0.624879013844
75.0,-80.0,0.626602939318
75.0,-75.0,0.631315232009
75.0,-70.0,0.651040546411
75.0,-65.0,0.63712770258
75.0,-60.0,0.641858844079
75.0,-55.0,0.658511628808
75.0,-50.0,0.66716477837
75.0,-45.0,0.672249495772
75.0,-40.0,0.689393528227
75.0,-35.0,0.664635385838
75.0,-30.0,0.649009884535
75.0,-25.0,0.653287926921
75.0,-20.0,0.650269616784
75.0,-15.0,0.649528971692
75.0,-10.0,0.649100682665
75.0,-5.0,0.640039660326
75.0,0.0,0.645345735857
75.0,5.0,0.660279751582
75.0,10.0,0.685899864261
75.0,15.0,0.681886792524
75.0,20.0,0.668657101291
75.0,25.0,0.665043864428
75.0,30.0,0.672872088118
75.0,35.0,0.698674228957
75.0,40.0,0.695255578154
75.0,45.0,0.705523559951
75.0,50.0,0.707006706804
75.0,55.0,0.688643708253
75.0,60.0,0.669828609038
75.0,65.0,0.667841977375
75.0,70.0,0.659543444279
75.0,75.0,0.677379893796
75.0,80.0,0.687007706126
75.0,85.0,0.698459580993
75.0,90.0,0.687011834337
75.0,95.0,0.680298616458
75.0,100.0,0.660716745132
80.0,-100.0,0.614911117324
80.0,-95.0,0.614526075207
80.0,-90.0,0.610281207258
80.0,-85.0,0.595087470424
80.0,-80.0,0.578430231169
80.0,-75.0,0.572810892132
80.0,-70.0,0.619246159763
80.0,-65.0,0.655641850122
80.0,-60.0,0.646142560729
80.0,-55.0,0.645716374038
80.0,-50.0,0.653070654984
80.0,-45.0,0.675690913291
80.0,-40.0,0.673049189815
80.0,-35.0,0.631825837084
80.0,-30.0,0.623562327937
80.0,-25.0,0.650337426583
80.0,-20.0,0.617758390383
80.0,-15.0,0.611709976653
80.0,-10.0,0.642426274434
80.0,-5.0,0.62274850235
80.0,0.0,0.643707944204
80.0,5.0,0.65305181303
80.0,10.0,0.643231035699
80.0,15.0,0.665952145545
80.0,20.0,0.657699615158
80.0,25.0,0.637164547913
80.0,30.0,0.633150184322
80.0,35.0,0.663768837543
80.0,40.0,0.669304692584
80.0,45.0,0.667813102499
80.0,50.0,0.654139216724
80.0,55.0,0.667924557344
80.0,60.0,0.660509327145
80.0,65.0,0.641065054512
80.0,70.0,0.676188643431
80.0,75.0,0.686746537385
80.0,80.0,0.663711162527
80.0,85.0,0.665425519529
80.0,90.0,0.694367510877
80.0,95.0,0.661192123626
80.0,100.0,0.614911117324
85.0,-100.0,0.584712448362
85.0,-95.0,0.607611666875
85.0,-90.0,0.591644979813
85.0,-85.0,0.564094383089
85.0,-80.0,0.552134902525
85.0,-75.0,0.566110201903
85.0,-70.0,0.608247785327
85.0,-65.0,0.625116066322
85.0,-60.0,0.618999497803
85.0,-55.0,0.628324216835
85.0,-50.0,0.631121113464
85.0,-45.0,0.639246875417
85.0,-40.0,0.650731294589
85.0,-35.0,0.595561866443
85.0,-30.0,0.582384228784
85.0,-25.0,0.609133454271
85.0,-20.0,0.592606359593
85.0,-15.0,0.61721748503
85.0,-10.0,0.63817131222
85.0,-5.0,0.634221182571
85.0,0.0,0.628851191909
85.0,5.0,0.618534388472
85.0,10.0,0.612559195712
85.0,15.0,0.618228431832
85.0,20.0,0.64383171318
85.0,25.0,0.642313190925
85.0,30.0,0.619320490879
85.0,35.0,0.626715216355
85.0,40.0,0.650072640595
85.0,45.0,0.648404535306
85.0,50.0,0.629562366087
85.0,55.0,0.629732461496
85.0,60.0,0.649791244333
85.0,65.0,0.650098705735
85.0,70.0,0.674037143678
85.0,75.0,0.688497871735
85.0,80.0,0.681754267506
85.0,85.0,0.67807660624
85.0,90.0,0.679508233233
85.0,95.0,0.623067898162
85.0,100.0,0.584712448362
90.0,-100.0,0.555995140549
90.0,-95.0,0.555207898631
90.0,-90.0,0.552923580535
90.0,-85.0,0.535653576451
90.0,-80.0,0.530508257893
90.0,-75.0,0.559359822852
90.0,-70.0,0.603157885226
90.0,-65.0,0.596847946977
90.0,-60.0,0.595779008671
90.0,-55.0,0.619537437372
90.0,-50.0,0.634231929275
90.0,-45.0,0.626635327681
90.0,-40.0,0.626517806123
90.0,-35.0,0.633156048616
90.0,-30.0,0.61469721546
90.0,-25.0,0.601584903109
90.0,-20.0,0.574788604842
90.0,-15.0,0.597999523434
90.0,-10.0,0.634001589274
90.0,-5.0,0.63155054148
90.0,0.0,0.615708615763
90.0,5.0,0.624711392948
90.0,10.0,0.61870748785
90.0,15.0,0.628165824494
90.0,20.0,0.639369573378
90.0,25.0,0.623216164634
90.0,30.0,0.621478113568
90.0,35.0,0.611176685504
90.0,40.0,0.643756214776
90.0,45.0,0.66538033048
90.0,50.0,0.620221436532
90.0,55.0,0.610851721101
90.0,60.0,0.653385332838
90.0,65.0,0.680321253184
90.0,70.0,0.6740618287
90.0,75.0,0.658989662601
90.0,80.0,0.664984649932
90.0,85.0,0.661730495419
90.0,90.0,0.637434440521
90.0,95.0,0.564012413879
90.0,100.0,0.555995140549
95.0,-100.0,0.481577668371
95.0,-95.0,0.492486495917
95.0,-90.0,0.522064990061
95.0,-85.0,0.51795874677
95.0,-80.0,0.536966424388
95.0,-75.0,0.561732000283
95.0,-70.0,0.593520678578
95.0,-65.0,0.6191105221
95.0,-60.0,0.627632046148
95.0,-55.0,0.623158112971
95.0,-50.0,0.628924092887
95.0,-45.0,0.62251116623
95.0,-40.0,0.619330813437
95.0,-35.0,0.629125103667
95.0,-30.0,0.616090825092
95.0,-25.0,0.580571226112
95.0,-20.0,0.552939740723
95.0,-15.0,0.58809683448
95.0,-10.0,0.612108341555
95.0,-5.0,0.631816040782
95.0,0.0,0.664055745852
95.0,5.0,0.613199635217
95.0,10.0,0.587247508716
95.0,15.0,0.636865910271
95.0,20.0,0.631559172686
95.0,25.0,0.620849998442
95.0,30.0,0.638615247003
95.0,35.0,0.614411808741
95.0,40.0,0.614399523188
95.0,45.0,0.640833240119
95.0,50.0,0.616735445093
95.0,55.0,0.599558146937
95.0,60.0,0.619401101566
95.0,65.0,0.662388129412
95.0,70.0,0.67144003029
95.0,75.0,0.64178299776
95.0,80.0,0.63375104441
95.0,85.0,0.650961905534
95.0,90.0,0.591167779296
95.0,95.0,0.503138479871
95.0,100.0,0.481577668371
100.0,-100.0,0.47666557513
100.0,-95.0,0.482696229684
100.0,-90.0,0.470498559421
100.0,-85.0,0.48770637878
100.0,-80.0,0.516309077471
100.0,-75.0,0.547632778184
100.0,-70.0,0.62670156867
100.0,-65.0,0.670240358075
100.0,-60.0,0.63766554793
100.0,-55.0,0.613017414501
100.0,-50.0,0.629046366172
100.0,-45.0,0.633870047972
100.0,-40.0,0.61503798778
100.0,-35.0,0.60058294434
100.0,-30.0,0.62619131085
100.0,-25.0,0.627739885758
100.0,-20.0,0.593941266111
100.0,-15.0,0.607766644316
100.0,-10.0,0.606266483922
100.0,-5.0,0.64009582061
100.0,0.0,0.68154073352
100.0,5.0,0.607356929694
100.0,10.0,0.577991679991
100.0,15.0,0.629268048201
100.0,20.0,0.612543591615
100.0,25.0,0.597046596084
100.0,30.0,0.610944045555
100.0,35.0,0.592701010017
100.0,40.0,0.588798584079
100.0,45.0,0.610740568801
100.0,50.0,0.619577883381
100.0,55.0,0.610475156594
100.0,60.0,0.598555022149
100.0,65.0,0.619353756347
100.0,70.0,0.673252439731
100.0,75.0,0.668988372474
100.0,80.0,0.631962888505
100.0,85.0,0.64478729263
100.0,90.0,0.572942605357
100.0,95.0,0.487905707968
100.0,100.0,0.47666557513
