-100.0,-100.0,0.632885078316
-100.0,-95.0,0.635651573749
-100.0,-90.0,0.631407238964
-100.0,-85.0,0.637083556564
-100.0,-80.0,0.637970911277
-100.0,-75.0,0.633714251914
-100.0,-70.0,0.635073327749
-100.0,-65.0,0.633942016606
-100.0,-60.0,0.632495079044
-100.0,-55.0,0.62777696343
-100.0,-50.0,0.625386615103
-100.0,-45.0,0.628848284941
-100.0,-40.0,0.630414162833
-100.0,-35.0,0.635695217912
-100.0,-30.0,0.642959964399
-100.0,-25.0,0.650081341301
-100.0,-20.0,0.647400659214
-100.0,-15.0,0.640905839822
-100.0,-10.0,0.642862698062
-100.0,-5.0,0.648940961548
-100.0,0.0,0.647186300256
-100.0,5.0,0.642551935848
-100.0,10.0,0.64664822756
-100.0,15.0,0.650598937727
-100.0,20.0,0.651060505715
-100.0,25.0,0.652077547334
-100.0,30.0,0.652323294623
-100.0,35.0,0.650520748978
-100.0,40.0,0.653282223514
-100.0,45.0,0.654927607894
-100.0,50.0,0.647018078111
-100.0,55.0,0.641470659057
-100.0,60.0,0.639747625666
-100.0,65.0,0.640568403811
-100.0,70.0,0.640120162696
-100.0,75.0,0.639092203552
-100.0,80.0,0.637794573929
-100.0,85.0,0.635384197575
-100.0,90.0,0.634910603473
-100.0,95.0,0.630943744438
-100.0,100.0,0.632885078316
-95.0,-100.0,0.641686911244
-95.0,-95.0,0.642295419731
-95.0,-90.0,0.637318905648
-95.0,-85.0,0.629857077968
-95.0,-80.0,0.631288548988
-95.0,-75.0,0.639973351168
-95.0,-70.0,0.638020763977
-95.0,-65.0,0.633556649638
-95.0,-60.0,0.632700358315
-95.0,-55.0,0.633831369382
-95.0,-50.0,0.632166220019
-95.0,-45.0,0.629079434
-95.0,-40.0,0.628279815923
-95.0,-35.0,0.631065525243
-95.0,-30.0,0.644017434161
-95.0,-25.0,0.654718070837
-95.0,-20.0,0.648083244166
-95.0,-15.0,0.643683901527
-95.0,-10.0,0.64788036543
-95.0,-5.0,0.647183200051
-95.0,0.0,0.646800468043
-95.0,5.0,0.651827153081
-95.0,10.0,0.650549392139
-95.0,15.0,0.650360412075
-95.0,20.0,0.649234705674
-95.0,25.0,0.648823069892
-95.0,30.0,0.654760113425
-95.0,35.0,0.654575272181
-95.0,40.0,0.650973729675
-95.0,45.0,0.652542966782
-95.0,50.0,0.646281665279
-95.0,55.0,0.64135771914
-95.0,60.0,0.636285229395
-95.0,65.0,0.636380417385
-95.0,70.0,0.642952360696
-95.0,75.0,0.639831226287
-95.0,80.0,0.636933561819
-95.0,85.0,0.638941138911
-95.0,90.0,0.632142370789
-95.0,95.0,0.630746171944
-95.0,100.0,0.641686911244
-90.0,-100.0,0.638922412813
-90.0,-95.0,0.637941366269
-90.0,-90.0,0.638970971135
-90.0,-85.0,0.634582755784
-90.0,-80.0,0.629859137083
-90.0,-75.0,0.63537083742
-90.0,-70.0,0.637836428383
-90.0,-65.0,0.630448677019
-90.0,-60.0,0.631723518605
-90.0,-55.0,0.634692095976
-90.0,-50.0,0.633349972282
-90.0,-45.0,0.629942839414
-90.0,-40.0,0.635457847879
-90.0,-35.0,0.636193240473
-90.0,-30.0,0.647425313186
-90.0,-25.0,0.650691999674
-90.0,-20.0,0.643945050084
-90.0,-15.0,0.645988022747
-90.0,-10.0,0.655045223261
-90.0,-5.0,0.651473591808
-90.0,0.0,0.654248522029
-90.0,5.0,0.659631355261
-90.0,10.0,0.656473159344
-90.0,15.0,0.650112507385
-90.0,20.0,0.649202420876
-90.0,25.0,0.650841803046
-90.0,30.0,0.65551976938
-90.0,35.0,0.658139451487
-90.0,40.0,0.655998065704
-90.0,45.0,0.655805295906
-90.0,50.0,0.64674229206
-90.0,55.0,0.639316827918
-90.0,60.0,0.639459250497
-90.0,65.0,0.640680549887
-90.0,70.0,0.640421447033
-90.0,75.0,0.634301506599
-90.0,80.0,0.636669447665
-90.0,85.0,0.635390591486
-90.0,90.0,0.630057642497
-90.0,95.0,0.63230932382
-90.0,100.0,0.638922412813
-85.0,-100.0,0.63774924879
-85.0,-95.0,0.63195178112
-85.0,-90.0,0.636375733824
-85.0,-85.0,0.637110771496
-85.0,-80.0,0.630672572577
-85.0,-75.0,0.633279368773
-85.0,-70.0,0.6366812913
-85.0,-65.0,0.637352613991
-85.0,-60.0,0.636683901305
-85.0,-55.0,0.635503303668
-85.0,-50.0,0.632413849994
-85.0,-45.0,0.639896320376
-85.0,-40.0,0.639343293133
-85.0,-35.0,0.63913943674
-85.0,-30.0,0.650922254338
-85.0,-25.0,0.653678822211
-85.0,-20.0,0.648844335999
-85.0,-15.0,0.652293384101
-85.0,-10.0,0.65631968519
-85.0,-5.0,0.654525957157
-85.0,0.0,0.652671278526
-85.0,5.0,0.651935772681
-85.0,10.0,0.65108337638
-85.0,15.0,0.650092023572
-85.0,20.0,0.650860785262
-85.0,25.0,0.652783669907
-85.0,30.0,0.658888661255
-85.0,35.0,0.655615897355
-85.0,40.0,0.654393157458
-85.0,45.0,0.65328532728
-85.0,50.0,0.642801279993
-85.0,55.0,0.642390456005
-85.0,60.0,0.640810817127
-85.0,65.0,0.63933497792
-85.0,70.0,0.63667039785
-85.0,75.0,0.633640512855
-85.0,80.0,0.634288093256
-85.0,85.0,0.636730380446
-85.0,90.0,0.631589643298
-85.0,95.0,0.635203161101
-85.0,100.0,0.63774924879
-80.0,-100.0,0.637471298789
-80.0,-95.0,0.633271310569
-80.0,-90.0,0.628994787426
-80.0,-85.0,0.635195102863
-80.0,-80.0,0.634541883637
-80.0,-75.0,0.633614899892
-80.0,-70.0,0.635497278912
-80.0,-65.0,0.637458648217
-80.0,-60.0,0.637121127432
-80.0,-55.0,0.634613591624
-80.0,-50.0,0.636170243461
-80.0,-45.0,0.637479525588
-80.0,-40.0,0.645511273676
-80.0,-35.0,0.649294402753
-80.0,-30.0,0.651423739116
-80.0,-25.0,0.653706917513
-80.0,-20.0,0.652520020822
-80.0,-15.0,0.65269164088
-80.0,-10.0,0.656181068573
-80.0,-5.0,0.651726236012
-80.0,0.0,0.653205473947
-80.0,5.0,0.649616694889
-80.0,10.0,0.647546304917
-80.0,15.0,0.64747347699
-80.0,20.0,0.647972296387
-80.0,25.0,0.650078803903
-80.0,30.0,0.656752008509
-80.0,35.0,0.65814558249
-80.0,40.0,0.65172365153
-80.0,45.0,0.64638869918
-80.0,50.0,0.641978131186
-80.0,55.0,0.642250466365
-80.0,60.0,0.637793753854
-80.0,65.0,0.630802534217
-80.0,70.0,0.636874909236
-80.0,75.0,0.636293234029
-80.0,80.0,0.640552249876
-80.0,85.0,0.636461754675
-80.0,90.0,0.637680397271
-80.0,95.0,0.639330405605
-80.0,100.0,0.637471298789
-75.0,-100.0,0.637489209261
-75.0,-95.0,0.6361324002
-75.0,-90.0,0.630719101223
-75.0,-85.0,0.638629110064
-75.0,-80.0,0.636812969501
-75.0,-75.0,0.630181513391
-75.0,-70.0,0.635289876558
-75.0,-65.0,0.63310124707
-75.0,-60.0,0.632617327066
-75.0,-55.0,0.635563214421
-75.0,-50.0,0.636073448468
-75.0,-45.0,0.636169398187
-75.0,-40.0,0.643616963835
-75.0,-35.0,0.654180187236
-75.0,-30.0,0.653370176566
-75.0,-25.0,0.648992050218
-75.0,-20.0,0.648071674086
-75.0,-15.0,0.654783270283
-75.0,-10.0,0.656544651653
-75.0,-5.0,0.645984939983
-75.0,0.0,0.649188085748
-75.0,5.0,0.652685269037
-75.0,10.0,0.646556562814
-75.0,15.0,0.643703128773
-75.0,20.0,0.650250936661
-75.0,25.0,0.651673999375
-75.0,30.0,0.65554230523
-75.0,35.0,0.655362769304
-75.0,40.0,0.65045965056
-75.0,45.0,0.645902678972
-75.0,50.0,0.644781747724
-75.0,55.0,0.645531442046
-75.0,60.0,0.638280269734
-75.0,65.0,0.636046417253
-75.0,70.0,0.637083231235
-75.0,75.0,0.642176408101
-75.0,80.0,0.642814672135
-75.0,85.0,0.639623427524
-75.0,90.0,0.637703272327
-75.0,95.0,0.634621655235
-75.0,100.0,0.637489209261
-70.0,-100.0,0.637594064571
-70.0,-95.0,0.636018249761
-70.0,-90.0,0.629780879215
-70.0,-85.0,0.633061097589
-70.0,-80.0,0.627959290393
-70.0,-75.0,0.629300402659
-70.0,-70.0,0.632893632887
-70.0,-65.0,0.634554004679
-70.0,-60.0,0.636516154296
-70.0,-55.0,0.637904314182
-70.0,-50.0,0.635066072155
-70.0,-45.0,0.641913782299
-70.0,-40.0,0.648797487729
-70.0,-35.0,0.655909477658
-70.0,-30.0,0.657598005402
-70.0,-25.0,0.650762767438
-70.0,-20.0,0.64722084355
-70.0,-15.0,0.65487001974
-70.0,-10.0,0.65682085432
-70.0,-5.0,0.648621799916
-70.0,0.0,0.649848654437
-70.0,5.0,0.65010071248
-70.0,10.0,0.643901417171
-70.0,15.0,0.642118467528
-70.0,20.0,0.651000576876
-70.0,25.0,0.65537617148
-70.0,30.0,0.653163820852
-70.0,35.0,0.649228464058
-70.0,40.0,0.649470015586
-70.0,45.0,0.650516241903
-70.0,50.0,0.64754536783
-70.0,55.0,0.647426699647
-70.0,60.0,0.637888673416
-70.0,65.0,0.639544331281
-70.0,70.0,0.641636075955
-70.0,75.0,0.641690303092
-70.0,80.0,0.643380458456
-70.0,85.0,0.638063685249
-70.0,90.0,0.635705928153
-70.0,95.0,0.633880354164
-70.0,100.0,0.637594064571
-65.0,-100.0,0.632058640721
-65.0,-95.0,0.631494159189
-65.0,-90.0,0.629628831479
-65.0,-85.0,0.634479670006
-65.0,-80.0,0.633485695395
-65.0,-75.0,0.631192611613
-65.0,-70.0,0.63124405645
-65.0,-65.0,0.630498317352
-65.0,-60.0,0.636709185166
-65.0,-55.0,0.633713191445
-65.0,-50.0,0.639200478148
-65.0,-45.0,0.64305466984
-65.0,-40.0,0.648748631053
-65.0,-35.0,0.652271666376
-65.0,-30.0,0.653831549376
-65.0,-25.0,0.655008046881
-65.0,-20.0,0.651960481616
-65.0,-15.0,0.649488797392
-65.0,-10.0,0.653826780899
-65.0,-5.0,0.657019065546
-65.0,0.0,0.649882958298
-65.0,5.0,0.644788294038
-65.0,10.0,0.646701544341
-65.0,15.0,0.645601318067
-65.0,20.0,0.649815568095
-65.0,25.0,0.654833746791
-65.0,30.0,0.650289482287
-65.0,35.0,0.650353644029
-65.0,40.0,0.654464147425
-65.0,45.0,0.649793889892
-65.0,50.0,0.649853019685
-65.0,55.0,0.646282697891
-65.0,60.0,0.638495069253
-65.0,65.0,0.636863785257
-65.0,70.0,0.635879483409
-65.0,75.0,0.635000554378
-65.0,80.0,0.637443194541
-65.0,85.0,0.629166837236
-65.0,90.0,0.6300531696
-65.0,95.0,0.633508033119
-65.0,100.0,0.632058640721
-60.0,-100.0,0.632079747945
-60.0,-95.0,0.626502120113
-60.0,-90.0,0.630749675871
-60.0,-85.0,0.637734867355
-60.0,-80.0,0.632227575031
-60.0,-75.0,0.634235801525
-60.0,-70.0,0.631711684004
-60.0,-65.0,0.62936479108
-60.0,-60.0,0.636040597278
-60.0,-55.0,0.639354736451
-60.0,-50.0,0.638704247861
-60.0,-45.0,0.646802766283
-60.0,-40.0,0.654715853149
-60.0,-35.0,0.656756914458
-60.0,-30.0,0.653804407628
-60.0,-25.0,0.654919542759
-60.0,-20.0,0.661390731742
-60.0,-15.0,0.65493725809
-60.0,-10.0,0.655947567597
-60.0,-5.0,0.658795277969
-60.0,0.0,0.649425085727
-60.0,5.0,0.641936019642
-60.0,10.0,0.649756488507
-60.0,15.0,0.65058254886
-60.0,20.0,0.651030364315
-60.0,25.0,0.654076440178
-60.0,30.0,0.651796559041
-60.0,35.0,0.651355499547
-60.0,40.0,0.65948957791
-60.0,45.0,0.648754102112
-60.0,50.0,0.646556884119
-60.0,55.0,0.65009499563
-60.0,60.0,0.64355148506
-60.0,65.0,0.641226979602
-60.0,70.0,0.635577939285
-60.0,75.0,0.632281951564
-60.0,80.0,0.632499414055
-60.0,85.0,0.631976569995
-60.0,90.0,0.630365135749
-60.0,95.0,0.631829785655
-60.0,100.0,0.632079747945
-55.0,-100.0,0.635378927054
-55.0,-95.0,0.632478445612
-55.0,-90.0,0.629745912445
-55.0,-85.0,0.628120918822
-55.0,-80.0,0.629669180541
-55.0,-75.0,0.634848770637
-55.0,-70.0,0.634125864352
-55.0,-65.0,0.633494193552
-55.0,-60.0,0.637536598757
-55.0,-55.0,0.640724558619
-55.0,-50.0,0.646527266409
-55.0,-45.0,0.654145863967
-55.0,-40.0,0.660210229045
-55.0,-35.0,0.659944510291
-55.0,-30.0,0.658989547919
-55.0,-25.0,0.661017150959
-55.0,-20.0,0.66439940287
-55.0,-15.0,0.658875561408
-55.0,-10.0,0.661437534231
-55.0,-5.0,0.661110086285
-55.0,0.0,0.656553900472
-55.0,5.0,0.65402317028
-55.0,10.0,0.652274731413
-55.0,15.0,0.655306452838
-55.0,20.0,0.657885161387
-55.0,25.0,0.652528588574
-55.0,30.0,0.65151413848
-55.0,35.0,0.657999862457
-55.0,40.0,0.656324403528
-55.0,45.0,0.650905264231
-55.0,50.0,0.646474286663
-55.0,55.0,0.646352870752
-55.0,60.0,0.645658797424
-55.0,65.0,0.643766832326
-55.0,70.0,0.641023706727
-55.0,75.0,0.636487995402
-55.0,80.0,0.636683177925
-55.0,85.0,0.638194940491
-55.0,90.0,0.63789249777
-55.0,95.0,0.63380038512
-55.0,100.0,0.635378927054
-50.0,-100.0,0.63693699595
-50.0,-95.0,0.637770858815
-50.0,-90.0,0.635408860528
-50.0,-85.0,0.630396127115
-50.0,-80.0,0.637603040421
-50.0,-75.0,0.642984920935
-50.0,-70.0,0.638039736842
-50.0,-65.0,0.642803634078
-50.0,-60.0,0.639811703296
-50.0,-55.0,0.64147443606
-50.0,-50.0,0.652219293164
-50.0,-45.0,0.656694189281
-50.0,-40.0,0.664604225336
-50.0,-35.0,0.662607673528
-50.0,-30.0,0.662075525409
-50.0,-25.0,0.661075241615
-50.0,-20.0,0.658074266896
-50.0,-15.0,0.65660887483
-50.0,-10.0,0.654166038279
-50.0,-5.0,0.659060881346
-50.0,0.0,0.668010976325
-50.0,5.0,0.665255280515
-50.0,10.0,0.656090757006
-50.0,15.0,0.657161406035
-50.0,20.0,0.655195922771
-50.0,25.0,0.656481036821
-50.0,30.0,0.655740292905
-50.0,35.0,0.656155363946
-50.0,40.0,0.653431817644
-50.0,45.0,0.656898611728
-50.0,50.0,0.657018348743
-50.0,55.0,0.651339165389
-50.0,60.0,0.646565893326
-50.0,65.0,0.646003002963
-50.0,70.0,0.64618350778
-50.0,75.0,0.642225451397
-50.0,80.0,0.642871438372
-50.0,85.0,0.646879236998
-50.0,90.0,0.644540054225
-50.0,95.0,0.643125686235
-50.0,100.0,0.63693699595
-45.0,-100.0,0.649868202438
-45.0,-95.0,0.641594045895
-45.0,-90.0,0.642667358234
-45.0,-85.0,0.640314476163
-45.0,-80.0,0.639673426199
-45.0,-75.0,0.642067938605
-45.0,-70.0,0.647792469516
-45.0,-65.0,0.65266061969
-45.0,-60.0,0.653051739092
-45.0,-55.0,0.652420085294
-45.0,-50.0,0.657745031361
-45.0,-45.0,0.661225350539
-45.0,-40.0,0.66667117948
-45.0,-35.0,0.668744595845
-45.0,-30.0,0.663254923036
-45.0,-25.0,0.658966369809
-45.0,-20.0,0.666330529474
-45.0,-15.0,0.667495338937
-45.0,-10.0,0.663780565726
-45.0,-5.0,0.662779745255
-45.0,0.0,0.668427769098
-45.0,5.0,0.666281986102
-45.0,10.0,0.666395526371
-45.0,15.0,0.663279436483
-45.0,20.0,0.660323614883
-45.0,25.0,0.660900454966
-45.0,30.0,0.662388111076
-45.0,35.0,0.658274246026
-45.0,40.0,0.662505155477
-45.0,45.0,0.660016192229
-45.0,50.0,0.654770555606
-45.0,55.0,0.655061343397
-45.0,60.0,0.65480988181
-45.0,65.0,0.651278452516
-45.0,70.0,0.653123888837
-45.0,75.0,0.64845718662
-45.0,80.0,0.642120294566
-45.0,85.0,0.64526050626
-45.0,90.0,0.647147246743
-45.0,95.0,0.648052402079
-45.0,100.0,0.649868202438
-40.0,-100.0,0.649280343249
-40.0,-95.0,0.644225864784
-40.0,-90.0,0.644044028116
-40.0,-85.0,0.647336411835
-40.0,-80.0,0.646226627945
-40.0,-75.0,0.641940216642
-40.0,-70.0,0.650391052159
-40.0,-65.0,0.652889097542
-40.0,-60.0,0.653252138877
-40.0,-55.0,0.654921438257
-40.0,-50.0,0.656558940193
-40.0,-45.0,0.662376619254
-40.0,-40.0,0.669166143323
-40.0,-35.0,0.666650048406
-40.0,-30.0,0.666021433611
-40.0,-25.0,0.667523399767
-40.0,-20.0,0.669328015459
-40.0,-15.0,0.670954578879
-40.0,-10.0,0.668633037366
-40.0,-5.0,0.671392118165
-40.0,0.0,0.667161579199
-40.0,5.0,0.663641264637
-40.0,10.0,0.670195331902
-40.0,15.0,0.670759750804
-40.0,20.0,0.669160908525
-40.0,25.0,0.666590575273
-40.0,30.0,0.667242233182
-40.0,35.0,0.665552115508
-40.0,40.0,0.668288442707
-40.0,45.0,0.665331723867
-40.0,50.0,0.653211058651
-40.0,55.0,0.656821534921
-40.0,60.0,0.662428498713
-40.0,65.0,0.656075193708
-40.0,70.0,0.655961934878
-40.0,75.0,0.651599373655
-40.0,80.0,0.639864754772
-40.0,85.0,0.648495280515
-40.0,90.0,0.648805908952
-40.0,95.0,0.649123698667
-40.0,100.0,0.649280343249
-35.0,-100.0,0.648520360235
-35.0,-95.0,0.646488715841
-35.0,-90.0,0.646845353512
-35.0,-85.0,0.650053788432
-35.0,-80.0,0.655928315607
-35.0,-75.0,0.653006100629
-35.0,-70.0,0.652854008339
-35.0,-65.0,0.65702560612
-35.0,-60.0,0.654164058339
-35.0,-55.0,0.658959162447
-35.0,-50.0,0.655002440962
-35.0,-45.0,0.661977337238
-35.0,-40.0,0.668352820367
-35.0,-35.0,0.667708651939
-35.0,-30.0,0.667104093563
-35.0,-25.0,0.674220218231
-35.0,-20.0,0.671024522789
-35.0,-15.0,0.662031668218
-35.0,-10.0,0.665942800995
-35.0,-5.0,0.670673381192
-35.0,0.0,0.666356437956
-35.0,5.0,0.667600485216
-35.0,10.0,0.672116110845
-35.0,15.0,0.672024275387
-35.0,20.0,0.674112212041
-35.0,25.0,0.668849894937
-35.0,30.0,0.671586845854
-35.0,35.0,0.671466440146
-35.0,40.0,0.666285628727
-35.0,45.0,0.662930305132
-35.0,50.0,0.656566376417
-35.0,55.0,0.662425975645
-35.0,60.0,0.665283306052
-35.0,65.0,0.658373310585
-35.0,70.0,0.661173212755
-35.0,75.0,0.656541306635
-35.0,80.0,0.648139764312
-35.0,85.0,0.652737396004
-35.0,90.0,0.652691739097
-35.0,95.0,0.648783173535
-35.0,100.0,0.648520360235
-30.0,-100.0,0.651793450364
-30.0,-95.0,0.654700195797
-30.0,-90.0,0.650199907683
-30.0,-85.0,0.646439638981
-30.0,-80.0,0.653504640612
-30.0,-75.0,0.655552696512
-30.0,-70.0,0.658342037519
-30.0,-65.0,0.65774690563
-30.0,-60.0,0.659658557476
-30.0,-55.0,0.657454513455
-30.0,-50.0,0.653192447845
-30.0,-45.0,0.660838416124
-30.0,-40.0,0.671646556522
-30.0,-35.0,0.670995284014
-30.0,-30.0,0.665718044106
-30.0,-25.0,0.668852344605
-30.0,-20.0,0.67292878436
-30.0,-15.0,0.669670478626
-30.0,-10.0,0.666947061827
-30.0,-5.0,0.672507547691
-30.0,0.0,0.671060337174
-30.0,5.0,0.668214502334
-30.0,10.0,0.670926296303
-30.0,15.0,0.669999261614
-30.0,20.0,0.673802918047
-30.0,25.0,0.668965486873
-30.0,30.0,0.671179932532
-30.0,35.0,0.675681816605
-30.0,40.0,0.667247523632
-30.0,45.0,0.661012032918
-30.0,50.0,0.654100744325
-30.0,55.0,0.659062758599
-30.0,60.0,0.662466190346
-30.0,65.0,0.665227221121
-30.0,70.0,0.668228942122
-30.0,75.0,0.662842507785
-30.0,80.0,0.655306334938
-30.0,85.0,0.660681344954
-30.0,90.0,0.655331663151
-30.0,95.0,0.649852347843
-30.0,100.0,0.651793450364
-25.0,-100.0,0.655144503453
-25.0,-95.0,0.652378256307
-25.0,-90.0,0.655044539786
-25.0,-85.0,0.651450592505
-25.0,-80.0,0.654888136808
-25.0,-75.0,0.652215176162
-25.0,-70.0,0.650429629712
-25.0,-65.0,0.651728181702
-25.0,-60.0,0.650958981981
-25.0,-55.0,0.653086634186
-25.0,-50.0,0.65484284221
-25.0,-45.0,0.660289561202
-25.0,-40.0,0.670577625276
-25.0,-35.0,0.676152040545
-25.0,-30.0,0.669526607787
-25.0,-25.0,0.665373596097
-25.0,-20.0,0.670775147228
-25.0,-15.0,0.673869188935
-25.0,-10.0,0.667861321117
-25.0,-5.0,0.668800818556
-25.0,0.0,0.675995117394
-25.0,5.0,0.671636908292
-25.0,10.0,0.674317287352
-25.0,15.0,0.680026025642
-25.0,20.0,0.6789877063
-25.0,25.0,0.667817318724
-25.0,30.0,0.66917431464
-25.0,35.0,0.679695654214
-25.0,40.0,0.674111346143
-25.0,45.0,0.665920025364
-25.0,50.0,0.663731213752
-25.0,55.0,0.660644480914
-25.0,60.0,0.664676443324
-25.0,65.0,0.661906767935
-25.0,70.0,0.658155305751
-25.0,75.0,0.662715609766
-25.0,80.0,0.65971394063
-25.0,85.0,0.65991008374
-25.0,90.0,0.65846944978
-25.0,95.0,0.658715039735
-25.0,100.0,0.655144503453
-20.0,-100.0,0.652408667838
-20.0,-95.0,0.654134154357
-20.0,-90.0,0.659321065856
-20.0,-85.0,0.659104944952
-20.0,-80.0,0.657514189141
-20.0,-75.0,0.652540490834
-20.0,-70.0,0.653781912196
-20.0,-65.0,0.651788638357
-20.0,-60.0,0.654044468041
-20.0,-55.0,0.652550768898
-20.0,-50.0,0.660472282224
-20.0,-45.0,0.659765866621
-20.0,-40.0,0.662644694867
-20.0,-35.0,0.674002400772
-20.0,-30.0,0.672949100233
-20.0,-25.0,0.670289412915
-20.0,-20.0,0.670152986436
-20.0,-15.0,0.669488306027
-20.0,-10.0,0.665955284486
-20.0,-5.0,0.671908755298
-20.0,0.0,0.67440390715
-20.0,5.0,0.674999491377
-20.0,10.0,0.680268850041
-20.0,15.0,0.683650720293
-20.0,20.0,0.679128389967
-20.0,25.0,0.670693847266
-20.0,30.0,0.673273309242
-20.0,35.0,0.6761191438
-20.0,40.0,0.673574414896
-20.0,45.0,0.668431290225
-20.0,50.0,0.665922662218
-20.0,55.0,0.661932247887
-20.0,60.0,0.66299250075
-20.0,65.0,0.662757105493
-20.0,70.0,0.658876431434
-20.0,75.0,0.66114951939
-20.0,80.0,0.658440869336
-20.0,85.0,0.654942010256
-20.0,90.0,0.656189292033
-20.0,95.0,0.656218614933
-20.0,100.0,0.652408667838
-15.0,-100.0,0.64816989058
-15.0,-95.0,0.653197515943
-15.0,-90.0,0.655705157334
-15.0,-85.0,0.650000209663
-15.0,-80.0,0.653805892088
-15.0,-75.0,0.657502804428
-15.0,-70.0,0.653842146109
-15.0,-65.0,0.653773749473
-15.0,-60.0,0.655067043735
-15.0,-55.0,0.655152045861
-15.0,-50.0,0.653574259427
-15.0,-45.0,0.657694868826
-15.0,-40.0,0.662548539787
-15.0,-35.0,0.672068129084
-15.0,-30.0,0.668940879812
-15.0,-25.0,0.668249105597
-15.0,-20.0,0.669850310092
-15.0,-15.0,0.67064542584
-15.0,-10.0,0.672182235538
-15.0,-5.0,0.674713198883
-15.0,0.0,0.675879461746
-15.0,5.0,0.676598460713
-15.0,10.0,0.67922828338
-15.0,15.0,0.680037764736
-15.0,20.0,0.676684704718
-15.0,25.0,0.674629624833
-15.0,30.0,0.680095038506
-15.0,35.0,0.678648566347
-15.0,40.0,0.672409288511
-15.0,45.0,0.6647767581
-15.0,50.0,0.661471089385
-15.0,55.0,0.660178079768
-15.0,60.0,0.658048139235
-15.0,65.0,0.660644613413
-15.0,70.0,0.664342034515
-15.0,75.0,0.661107495941
-15.0,80.0,0.65591898541
-15.0,85.0,0.656744448508
-15.0,90.0,0.647949053898
-15.0,95.0,0.645865409328
-15.0,100.0,0.64816989058
-10.0,-100.0,0.653274155318
-10.0,-95.0,0.652035856178
-10.0,-90.0,0.650455783492
-10.0,-85.0,0.649364761584
-10.0,-80.0,0.652122602385
-10.0,-75.0,0.65494328373
-10.0,-70.0,0.653630015098
-10.0,-65.0,0.650697026749
-10.0,-60.0,0.656373730291
-10.0,-55.0,0.653112810843
-10.0,-50.0,0.652607402523
-10.0,-45.0,0.659087514123
-10.0,-40.0,0.666099255533
-10.0,-35.0,0.672447175251
-10.0,-30.0,0.667088559849
-10.0,-25.0,0.669129971976
-10.0,-20.0,0.668631740419
-10.0,-15.0,0.664244539718
-10.0,-10.0,0.67387624909
-10.0,-5.0,0.679992054282
-10.0,0.0,0.678371315007
-10.0,5.0,0.680165972664
-10.0,10.0,0.682002992505
-10.0,15.0,0.680924439839
-10.0,20.0,0.678898481798
-10.0,25.0,0.67798057891
-10.0,30.0,0.677823227866
-10.0,35.0,0.678574188249
-10.0,40.0,0.679641108978
-10.0,45.0,0.668417600752
-10.0,50.0,0.661519938504
-10.0,55.0,0.668162096545
-10.0,60.0,0.664715189841
-10.0,65.0,0.660922494476
-10.0,70.0,0.657943616748
-10.0,75.0,0.656205984796
-10.0,80.0,0.655579218084
-10.0,85.0,0.65566502704
-10.0,90.0,0.649760379663
-10.0,95.0,0.646904226883
-10.0,100.0,0.653274155318
-5.0,-100.0,0.650965070862
-5.0,-95.0,0.645914326559
-5.0,-90.0,0.650345081992
-5.0,-85.0,0.652436358509
-5.0,-80.0,0.647041076813
-5.0,-75.0,0.64460407363
-5.0,-70.0,0.647472121271
-5.0,-65.0,0.655750934837
-5.0,-60.0,0.658668945605
-5.0,-55.0,0.652578556808
-5.0,-50.0,0.652483853873
-5.0,-45.0,0.658943000652
-5.0,-40.0,0.663896531979
-5.0,-35.0,0.666488507813
-5.0,-30.0,0.668909467141
-5.0,-25.0,0.67085195081
-5.0,-20.0,0.668157401133
-5.0,-15.0,0.664059066975
-5.0,-10.0,0.669799410041
-5.0,-5.0,0.680309651081
-5.0,0.0,0.676635634327
-5.0,5.0,0.67648837022
-5.0,10.0,0.679434566136
-5.0,15.0,0.679991638881
-5.0,20.0,0.680908383184
-5.0,25.0,0.673380983754
-5.0,30.0,0.671780627334
-5.0,35.0,0.679574342529
-5.0,40.0,0.679648755529
-5.0,45.0,0.673538713399
-5.0,50.0,0.667500955984
-5.0,55.0,0.668598054568
-5.0,60.0,0.669260590697
-5.0,65.0,0.663545564017
-5.0,70.0,0.66094524614
-5.0,75.0,0.657014899338
-5.0,80.0,0.653158400333
-5.0,85.0,0.651597964798
-5.0,90.0,0.653561141995
-5.0,95.0,0.650650071173
-5.0,100.0,0.650965070862
0.0,-100.0,0.648324467021
0.0,-95.0,0.652830427112
0.0,-90.0,0.651327903333
0.0,-85.0,0.653220656619
0.0,-80.0,0.647071818749
0.0,-75.0,0.641689478918
0.0,-70.0,0.647302830917
0.0,-65.0,0.651459973834
0.0,-60.0,0.653065502123
0.0,-55.0,0.652099525761
0.0,-50.0,0.648494754607
0.0,-45.0,0.652885347648
0.0,-40.0,0.653021570429
0.0,-35.0,0.663770536741
0.0,-30.0,0.668566511373
0.0,-25.0,0.667189880676
0.0,-20.0,0.666777159821
0.0,-15.0,0.664608215414
0.0,-10.0,0.66611634447
0.0,-5.0,0.674742007737
0.0,0.0,0.678299159826
0.0,5.0,0.674927642261
0.0,10.0,0.67937565495
0.0,15.0,0.680329561084
0.0,20.0,0.67695833136
0.0,25.0,0.672834436679
0.0,30.0,0.675368789163
0.0,35.0,0.67763110052
0.0,40.0,0.672893349023
0.0,45.0,0.674942389709
0.0,50.0,0.670947217799
0.0,55.0,0.669201251411
0.0,60.0,0.665696710461
0.0,65.0,0.661857263016
0.0,70.0,0.662533780496
0.0,75.0,0.654323351954
0.0,80.0,0.65103740337
0.0,85.0,0.653533085432
0.0,90.0,0.652703284243
0.0,95.0,0.646714720764
0.0,100.0,0.648324467021
5.0,-100.0,0.654896820559
5.0,-95.0,0.655368190664
5.0,-90.0,0.647398745527
5.0,-85.0,0.647877976772
5.0,-80.0,0.644697309723
5.0,-75.0,0.650981060041
5.0,-70.0,0.649060726042
5.0,-65.0,0.64756481599
5.0,-60.0,0.647471435193
5.0,-55.0,0.651426316286
5.0,-50.0,0.650824903847
5.0,-45.0,0.654790511453
5.0,-40.0,0.654712614407
5.0,-35.0,0.659610939664
5.0,-30.0,0.663704003353
5.0,-25.0,0.660094181209
5.0,-20.0,0.666280826656
5.0,-15.0,0.665003154979
5.0,-10.0,0.666576769976
5.0,-5.0,0.674908039555
5.0,0.0,0.673046987522
5.0,5.0,0.679030920532
5.0,10.0,0.682242794335
5.0,15.0,0.680674547073
5.0,20.0,0.677647819051
5.0,25.0,0.676728252801
5.0,30.0,0.678605905318
5.0,35.0,0.676250772391
5.0,40.0,0.673188245943
5.0,45.0,0.671000598433
5.0,50.0,0.671514125512
5.0,55.0,0.672348988989
5.0,60.0,0.665007470198
5.0,65.0,0.659689187723
5.0,70.0,0.658691237314
5.0,75.0,0.654710927502
5.0,80.0,0.652501364249
5.0,85.0,0.65348449702
5.0,90.0,0.653041384572
5.0,95.0,0.647209532821
5.0,100.0,0.654896820559
10.0,-100.0,0.646795837766
10.0,-95.0,0.650167869395
10.0,-90.0,0.651335000601
10.0,-85.0,0.648147187779
10.0,-80.0,0.650133359522
10.0,-75.0,0.648679889358
10.0,-70.0,0.651747716514
10.0,-65.0,0.64754073479
10.0,-60.0,0.650916614278
10.0,-55.0,0.651609238704
10.0,-50.0,0.649495265691
10.0,-45.0,0.656285287983
10.0,-40.0,0.660629871115
10.0,-35.0,0.662612417217
10.0,-30.0,0.66513044936
10.0,-25.0,0.664157834938
10.0,-20.0,0.668038828775
10.0,-15.0,0.666695126343
10.0,-10.0,0.671003582552
10.0,-5.0,0.669486435377
10.0,0.0,0.670652224627
10.0,5.0,0.672067357653
10.0,10.0,0.670589323376
10.0,15.0,0.675344710367
10.0,20.0,0.680322191051
10.0,25.0,0.676828725255
10.0,30.0,0.680820604705
10.0,35.0,0.679119726035
10.0,40.0,0.675099523916
10.0,45.0,0.673447408332
10.0,50.0,0.66642054377
10.0,55.0,0.664341275804
10.0,60.0,0.665089214613
10.0,65.0,0.663388532144
10.0,70.0,0.659936741013
10.0,75.0,0.655151754303
10.0,80.0,0.654754687849
10.0,85.0,0.653485582513
10.0,90.0,0.655960884854
10.0,95.0,0.654579741502
10.0,100.0,0.646795837766
15.0,-100.0,0.643806305821
15.0,-95.0,0.644765189305
15.0,-90.0,0.647313975719
15.0,-85.0,0.651837825885
15.0,-80.0,0.651828470001
15.0,-75.0,0.64353524978
15.0,-70.0,0.646472899497
15.0,-65.0,0.649024826492
15.0,-60.0,0.651540785739
15.0,-55.0,0.649719806726
15.0,-50.0,0.642884429324
15.0,-45.0,0.656874338325
15.0,-40.0,0.663151720522
15.0,-35.0,0.665003058243
15.0,-30.0,0.664942963996
15.0,-25.0,0.668015022199
15.0,-20.0,0.668313573658
15.0,-15.0,0.667154947613
15.0,-10.0,0.668065603406
15.0,-5.0,0.665298658433
15.0,0.0,0.671771578112
15.0,5.0,0.67321562476
15.0,10.0,0.670938946519
15.0,15.0,0.674959555887
15.0,20.0,0.677871008261
15.0,25.0,0.674812556012
15.0,30.0,0.681722850348
15.0,35.0,0.678604545763
15.0,40.0,0.677240177111
15.0,45.0,0.676240041243
15.0,50.0,0.661274570526
15.0,55.0,0.656055113325
15.0,60.0,0.662826262401
15.0,65.0,0.665338182224
15.0,70.0,0.660751710809
15.0,75.0,0.655857395252
15.0,80.0,0.653990426088
15.0,85.0,0.652373510968
15.0,90.0,0.656907135249
15.0,95.0,0.654462844049
15.0,100.0,0.643806305821
20.0,-100.0,0.648551650581
20.0,-95.0,0.651564212508
20.0,-90.0,0.646266787154
20.0,-85.0,0.648155167658
20.0,-80.0,0.64619516335
20.0,-75.0,0.638982382478
20.0,-70.0,0.644909345632
20.0,-65.0,0.647508763816
20.0,-60.0,0.647629977345
20.0,-55.0,0.65068979012
20.0,-50.0,0.648920872858
20.0,-45.0,0.656707463996
20.0,-40.0,0.66107884356
20.0,-35.0,0.663488050816
20.0,-30.0,0.662890844009
20.0,-25.0,0.666458413492
20.0,-20.0,0.668281983576
20.0,-15.0,0.666128318226
20.0,-10.0,0.66911965343
20.0,-5.0,0.669705379204
20.0,0.0,0.669627539646
20.0,5.0,0.674679329742
20.0,10.0,0.674190018343
20.0,15.0,0.67648889193
20.0,20.0,0.676249688685
20.0,25.0,0.674796852578
20.0,30.0,0.674617374647
20.0,35.0,0.680558803734
20.0,40.0,0.679596257211
20.0,45.0,0.680470403914
20.0,50.0,0.663547697982
20.0,55.0,0.657648180956
20.0,60.0,0.662396056978
20.0,65.0,0.664003790823
20.0,70.0,0.662419657665
20.0,75.0,0.662892933001
20.0,80.0,0.655084249596
20.0,85.0,0.651912302984
20.0,90.0,0.653868828703
20.0,95.0,0.653385670236
20.0,100.0,0.648551650581
25.0,-100.0,0.654275327735
25.0,-95.0,0.651803311064
25.0,-90.0,0.649361764622
25.0,-85.0,0.65888278592
25.0,-80.0,0.651033028363
25.0,-75.0,0.642614922439
25.0,-70.0,0.649194454312
25.0,-65.0,0.647231902427
25.0,-60.0,0.642893037039
25.0,-55.0,0.648542382118
25.0,-50.0,0.651339074872
25.0,-45.0,0.652672991845
25.0,-40.0,0.654107448517
25.0,-35.0,0.659161002387
25.0,-30.0,0.662492694138
25.0,-25.0,0.662671166518
25.0,-20.0,0.661075306916
25.0,-15.0,0.660539104234
25.0,-10.0,0.661847456392
25.0,-5.0,0.660601812835
25.0,0.0,0.665590973567
25.0,5.0,0.669326698909
25.0,10.0,0.664333863384
25.0,15.0,0.664189879151
25.0,20.0,0.670215183799
25.0,25.0,0.67209107338
25.0,30.0,0.675017086432
25.0,35.0,0.681427246676
25.0,40.0,0.681931032207
25.0,45.0,0.682096052811
25.0,50.0,0.671481062118
25.0,55.0,0.662553631254
25.0,60.0,0.6667601233
25.0,65.0,0.66440859702
25.0,70.0,0.66705433776
25.0,75.0,0.661310539858
25.0,80.0,0.659290659265
25.0,85.0,0.658118061655
25.0,90.0,0.657309192949
25.0,95.0,0.654766750946
25.0,100.0,0.654275327735
30.0,-100.0,0.658203417795
30.0,-95.0,0.650127282275
30.0,-90.0,0.649380785541
30.0,-85.0,0.656793957882
30.0,-80.0,0.649438785502
30.0,-75.0,0.646006980599
30.0,-70.0,0.651474461715
30.0,-65.0,0.647950581115
30.0,-60.0,0.651996061622
30.0,-55.0,0.654449934111
30.0,-50.0,0.652190999949
30.0,-45.0,0.650604990443
30.0,-40.0,0.653158419667
30.0,-35.0,0.659669344887
30.0,-30.0,0.661536682357
30.0,-25.0,0.664722377762
30.0,-20.0,0.665832508051
30.0,-15.0,0.66778070217
30.0,-10.0,0.664375789398
30.0,-5.0,0.662920205046
30.0,0.0,0.667139831558
30.0,5.0,0.669670877387
30.0,10.0,0.662636624057
30.0,15.0,0.666005272003
30.0,20.0,0.672556883522
30.0,25.0,0.674440068591
30.0,30.0,0.676817082022
30.0,35.0,0.68181022831
30.0,40.0,0.681581571803
30.0,45.0,0.682265684531
30.0,50.0,0.677067985664
30.0,55.0,0.667557598306
30.0,60.0,0.664011976621
30.0,65.0,0.661193382686
30.0,70.0,0.666969829191
30.0,75.0,0.665223474674
30.0,80.0,0.661778308057
30.0,85.0,0.667205665318
30.0,90.0,0.665250383842
30.0,95.0,0.659228520669
30.0,100.0,0.658203417795
35.0,-100.0,0.65328001314
35.0,-95.0,0.649256470741
35.0,-90.0,0.64650663694
35.0,-85.0,0.64456629616
35.0,-80.0,0.646293487199
35.0,-75.0,0.645864336989
35.0,-70.0,0.650462380962
35.0,-65.0,0.650026982533
35.0,-60.0,0.652749411823
35.0,-55.0,0.653943507194
35.0,-50.0,0.649677418893
35.0,-45.0,0.643536743823
35.0,-40.0,0.649929962998
35.0,-35.0,0.66017389351
35.0,-30.0,0.659623834499
35.0,-25.0,0.66061604759
35.0,-20.0,0.661622843545
35.0,-15.0,0.663801543808
35.0,-10.0,0.667422542082
35.0,-5.0,0.671945096441
35.0,0.0,0.669937905597
35.0,5.0,0.67039323891
35.0,10.0,0.667566401223
35.0,15.0,0.670730642442
35.0,20.0,0.674120508126
35.0,25.0,0.671198780142
35.0,30.0,0.674539118194
35.0,35.0,0.681046927434
35.0,40.0,0.682122928869
35.0,45.0,0.678145090698
35.0,50.0,0.676245857057
35.0,55.0,0.672122814565
35.0,60.0,0.665888024557
35.0,65.0,0.664451224444
35.0,70.0,0.667359258784
35.0,75.0,0.671785405752
35.0,80.0,0.662520322923
35.0,85.0,0.655482704345
35.0,90.0,0.658958353154
35.0,95.0,0.654362766096
35.0,100.0,0.65328001314
40.0,-100.0,0.644027087879
40.0,-95.0,0.640084613618
40.0,-90.0,0.645844426782
40.0,-85.0,0.642128348214
40.0,-80.0,0.639795781221
40.0,-75.0,0.638968288811
40.0,-70.0,0.646789855624
40.0,-65.0,0.646777838849
40.0,-60.0,0.650796825806
40.0,-55.0,0.648386085155
40.0,-50.0,0.645417955257
40.0,-45.0,0.646386279556
40.0,-40.0,0.648143064585
40.0,-35.0,0.657382787789
40.0,-30.0,0.658258430404
40.0,-25.0,0.65175333829
40.0,-20.0,0.654190977827
40.0,-15.0,0.657137776303
40.0,-10.0,0.664744008352
40.0,-5.0,0.672764393332
40.0,0.0,0.66955742674
40.0,5.0,0.672600779062
40.0,10.0,0.671778702609
40.0,15.0,0.670754525616
40.0,20.0,0.669914605253
40.0,25.0,0.667251948538
40.0,30.0,0.668578455713
40.0,35.0,0.674422159751
40.0,40.0,0.677679444234
40.0,45.0,0.668478616938
40.0,50.0,0.663889476756
40.0,55.0,0.67209579996
40.0,60.0,0.671582696517
40.0,65.0,0.666101540923
40.0,70.0,0.66686882986
40.0,75.0,0.668973072446
40.0,80.0,0.659642727047
40.0,85.0,0.646897950147
40.0,90.0,0.647926706456
40.0,95.0,0.647497755474
40.0,100.0,0.644027087879
45.0,-100.0,0.644267384061
45.0,-95.0,0.636817918086
45.0,-90.0,0.640855118372
45.0,-85.0,0.645664112563
45.0,-80.0,0.641976170331
45.0,-75.0,0.639083622959
45.0,-70.0,0.645442662849
45.0,-65.0,0.648533097284
45.0,-60.0,0.64574602478
45.0,-55.0,0.644160306214
45.0,-50.0,0.641103445778
45.0,-45.0,0.640605786968
45.0,-40.0,0.643856217839
45.0,-35.0,0.649632537632
45.0,-30.0,0.650849829757
45.0,-25.0,0.65131868118
45.0,-20.0,0.653232709333
45.0,-15.0,0.660826522579
45.0,-10.0,0.663135891882
45.0,-5.0,0.666582858465
45.0,0.0,0.665293429733
45.0,5.0,0.670170212345
45.0,10.0,0.670684241787
45.0,15.0,0.667639325436
45.0,20.0,0.666653315047
45.0,25.0,0.66158563331
45.0,30.0,0.663917761992
45.0,35.0,0.669359999556
45.0,40.0,0.673682672283
45.0,45.0,0.670603581401
45.0,50.0,0.667126407239
45.0,55.0,0.666367492122
45.0,60.0,0.666379790074
45.0,65.0,0.664707373378
45.0,70.0,0.663900978976
45.0,75.0,0.664215267783
45.0,80.0,0.661475033262
45.0,85.0,0.648278896228
45.0,90.0,0.648476961529
45.0,95.0,0.648720252443
45.0,100.0,0.644267384061
50.0,-100.0,0.641396987265
50.0,-95.0,0.63677714252
50.0,-90.0,0.635238992296
50.0,-85.0,0.640279183519
50.0,-80.0,0.643874034424
50.0,-75.0,0.644989107391
50.0,-70.0,0.643628562584
50.0,-65.0,0.638743415455
50.0,-60.0,0.635185874515
50.0,-55.0,0.64151438711
50.0,-50.0,0.636968407852
50.0,-45.0,0.636815761229
50.0,-40.0,0.643176412966
50.0,-35.0,0.64981857905
50.0,-30.0,0.65174962658
50.0,-25.0,0.655537614508
50.0,-20.0,0.654672601852
50.0,-15.0,0.658078158392
50.0,-10.0,0.658409016903
50.0,-5.0,0.659848033251
50.0,0.0,0.661794992132
50.0,5.0,0.664947084724
50.0,10.0,0.665873873889
50.0,15.0,0.666550755479
50.0,20.0,0.667174685181
50.0,25.0,0.662701002634
50.0,30.0,0.663046644919
50.0,35.0,0.664379503881
50.0,40.0,0.671412880762
50.0,45.0,0.672309485107
50.0,50.0,0.670451325492
50.0,55.0,0.662217705294
50.0,60.0,0.663533977346
50.0,65.0,0.661237625088
50.0,70.0,0.659432245113
50.0,75.0,0.656495774613
50.0,80.0,0.655258281588
50.0,85.0,0.649870186583
50.0,90.0,0.641919194297
50.0,95.0,0.639346784292
50.0,100.0,0.641396987265
55.0,-100.0,0.633260639469
55.0,-95.0,0.635436457361
55.0,-90.0,0.632545367357
55.0,-85.0,0.633808019831
55.0,-80.0,0.635783346531
55.0,-75.0,0.635618684002
55.0,-70.0,0.635939412768
55.0,-65.0,0.634182375426
55.0,-60.0,0.633702464129
55.0,-55.0,0.638741787008
55.0,-50.0,0.638506689759
55.0,-45.0,0.640166352368
55.0,-40.0,0.644152394279
55.0,-35.0,0.650807300045
55.0,-30.0,0.650694943374
55.0,-25.0,0.648815699508
55.0,-20.0,0.651050455359
55.0,-15.0,0.655900450702
55.0,-10.0,0.656885961743
55.0,-5.0,0.657289635498
55.0,0.0,0.662324838975
55.0,5.0,0.666206930557
55.0,10.0,0.665846404151
55.0,15.0,0.663038169776
55.0,20.0,0.667764280032
55.0,25.0,0.664283149978
55.0,30.0,0.661419116431
55.0,35.0,0.662106855927
55.0,40.0,0.668860922131
55.0,45.0,0.670427526473
55.0,50.0,0.662758747217
55.0,55.0,0.660086681263
55.0,60.0,0.65677925696
55.0,65.0,0.655953502373
55.0,70.0,0.65648052458
55.0,75.0,0.649787846749
55.0,80.0,0.650142468358
55.0,85.0,0.647857528087
55.0,90.0,0.640215924166
55.0,95.0,0.636002297699
55.0,100.0,0.633260639469
60.0,-100.0,0.633667094468
60.0,-95.0,0.636136305003
60.0,-90.0,0.635873618228
60.0,-85.0,0.635225659281
60.0,-80.0,0.628127535462
60.0,-75.0,0.622777650399
60.0,-70.0,0.626972067855
60.0,-65.0,0.630026501371
60.0,-60.0,0.641363621542
60.0,-55.0,0.639565755628
60.0,-50.0,0.62946364352
60.0,-45.0,0.634943050414
60.0,-40.0,0.635820895903
60.0,-35.0,0.645552210717
60.0,-30.0,0.646246583728
60.0,-25.0,0.647442339166
60.0,-20.0,0.651628455005
60.0,-15.0,0.652550328697
60.0,-10.0,0.654831180779
60.0,-5.0,0.650942186663
60.0,0.0,0.651881844592
60.0,5.0,0.657515736938
60.0,10.0,0.661648685915
60.0,15.0,0.65463311742
60.0,20.0,0.664610401321
60.0,25.0,0.664768925527
60.0,30.0,0.658903737859
60.0,35.0,0.658251684566
60.0,40.0,0.666153224419
60.0,45.0,0.663366740807
60.0,50.0,0.659761397214
60.0,55.0,0.659793094931
60.0,60.0,0.653254002821
60.0,65.0,0.648937002476
60.0,70.0,0.650135885068
60.0,75.0,0.646900365839
60.0,80.0,0.638601233447
60.0,85.0,0.63658193982
60.0,90.0,0.637957785627
60.0,95.0,0.637089049275
60.0,100.0,0.633667094468
65.0,-100.0,0.631654226565
65.0,-95.0,0.635647987358
65.0,-90.0,0.634412014464
65.0,-85.0,0.631918058289
65.0,-80.0,0.62678701952
65.0,-75.0,0.621491157092
65.0,-70.0,0.62091232165
65.0,-65.0,0.623373662062
65.0,-60.0,0.630434317322
65.0,-55.0,0.630776625467
65.0,-50.0,0.6292702882
65.0,-45.0,0.631918140505
65.0,-40.0,0.634655644254
65.0,-35.0,0.638693022977
65.0,-30.0,0.643185370029
65.0,-25.0,0.641006223233
65.0,-20.0,0.651632797668
65.0,-15.0,0.64740530218
65.0,-10.0,0.647241613319
65.0,-5.0,0.652283860802
65.0,0.0,0.650874674296
65.0,5.0,0.65103215739
65.0,10.0,0.653474407449
65.0,15.0,0.650283115884
65.0,20.0,0.658389593128
65.0,25.0,0.659380052901
65.0,30.0,0.658588478495
65.0,35.0,0.656626018154
65.0,40.0,0.662141519976
65.0,45.0,0.660840985624
65.0,50.0,0.66018462145
65.0,55.0,0.657216651994
65.0,60.0,0.648150738319
65.0,65.0,0.638493807026
65.0,70.0,0.643130994977
65.0,75.0,0.642696946588
65.0,80.0,0.633950918142
65.0,85.0,0.627579564903
65.0,90.0,0.629480498596
65.0,95.0,0.635738093852
65.0,100.0,0.631654226565
70.0,-100.0,0.63919688703
70.0,-95.0,0.634815897323
70.0,-90.0,0.633576861225
70.0,-85.0,0.634247995081
70.0,-80.0,0.63464045521
70.0,-75.0,0.625535435312
70.0,-70.0,0.625877758573
70.0,-65.0,0.624138197883
70.0,-60.0,0.623794135719
70.0,-55.0,0.628837157977
70.0,-50.0,0.627551959098
70.0,-45.0,0.631527728006
70.0,-40.0,0.635978681555
70.0,-35.0,0.641092414723
70.0,-30.0,0.643092616464
70.0,-25.0,0.644158570561
70.0,-20.0,0.650519332525
70.0,-15.0,0.652528593094
70.0,-10.0,0.651379294679
70.0,-5.0,0.65199237445
70.0,0.0,0.655041050658
70.0,5.0,0.651852639351
70.0,10.0,0.651798500261
70.0,15.0,0.649386837891
70.0,20.0,0.649220454887
70.0,25.0,0.647532416088
70.0,30.0,0.659906278594
70.0,35.0,0.660382762996
70.0,40.0,0.660029567319
70.0,45.0,0.662996874805
70.0,50.0,0.654647275231
70.0,55.0,0.655902297989
70.0,60.0,0.644031937204
70.0,65.0,0.636585135713
70.0,70.0,0.638860455967
70.0,75.0,0.643308341948
70.0,80.0,0.639281785814
70.0,85.0,0.636415925611
70.0,90.0,0.635073952144
70.0,95.0,0.635083274954
70.0,100.0,0.63919688703
75.0,-100.0,0.637554078466
75.0,-95.0,0.643637819961
75.0,-90.0,0.634758190878
75.0,-85.0,0.635765158579
75.0,-80.0,0.634390923879
75.0,-75.0,0.624396423495
75.0,-70.0,0.629544798762
75.0,-65.0,0.630490002396
75.0,-60.0,0.623603277449
75.0,-55.0,0.63001665643
75.0,-50.0,0.634560020294
75.0,-45.0,0.632982524047
75.0,-40.0,0.633277478055
75.0,-35.0,0.637851526403
75.0,-30.0,0.643254535375
75.0,-25.0,0.643664609505
75.0,-20.0,0.647269798444
75.0,-15.0,0.645561543326
75.0,-10.0,0.645265595044
75.0,-5.0,0.644519198684
75.0,0.0,0.646883677557
75.0,5.0,0.65277399685
75.0,10.0,0.647456213035
75.0,15.0,0.646299515529
75.0,20.0,0.644757307111
75.0,25.0,0.641534823759
75.0,30.0,0.65495642852
75.0,35.0,0.661116376577
75.0,40.0,0.657515622065
75.0,45.0,0.658601499474
75.0,50.0,0.653374342524
75.0,55.0,0.647815173072
75.0,60.0,0.639023604322
75.0,65.0,0.641050964628
75.0,70.0,0.639503325738
75.0,75.0,0.63372222031
75.0,80.0,0.634366534658
75.0,85.0,0.635822437869
75.0,90.0,0.635426435194
75.0,95.0,0.631416861822
75.0,100.0,0.637554078466
80.0,-100.0,0.633234676199
80.0,-95.0,0.639962641447
80.0,-90.0,0.635188102356
80.0,-85.0,0.633604028195
80.0,-80.0,0.635662257152
80.0,-75.0,0.630937296012
80.0,-70.0,0.62947156481
80.0,-65.0,0.630215466939
80.0,-60.0,0.626811564477
80.0,-55.0,0.628253603075
80.0,-50.0,0.636169059039
80.0,-45.0,0.637310361956
80.0,-40.0,0.635456672193
80.0,-35.0,0.635886448683
80.0,-30.0,0.64417901235
80.0,-25.0,0.646095241637
80.0,-20.0,0.645225522806
80.0,-15.0,0.642181671478
80.0,-10.0,0.648291114836
80.0,-5.0,0.646472679127
80.0,0.0,0.648558481204
80.0,5.0,0.648193931551
80.0,10.0,0.644681225099
80.0,15.0,0.648020680174
80.0,20.0,0.646562612576
80.0,25.0,0.644032448155
80.0,30.0,0.651659562338
80.0,35.0,0.653612142758
80.0,40.0,0.653880537905
80.0,45.0,0.660127485747
80.0,50.0,0.65042044914
80.0,55.0,0.634456974343
80.0,60.0,0.631034659466
80.0,65.0,0.63788667925
80.0,70.0,0.638675410572
80.0,75.0,0.632746280346
80.0,80.0,0.6349410937
80.0,85.0,0.633703265714
80.0,90.0,0.636889517353
80.0,95.0,0.628494453251
80.0,100.0,0.633234676199
85.0,-100.0,0.628008240304
85.0,-95.0,0.636708456651
85.0,-90.0,0.635337163087
85.0,-85.0,0.63614038939
85.0,-80.0,0.635455000427
85.0,-75.0,0.629605718173
85.0,-70.0,0.629784834235
85.0,-65.0,0.623845154195
85.0,-60.0,0.627026856164
85.0,-55.0,0.629082775043
85.0,-50.0,0.634002134044
85.0,-45.0,0.639253808731
85.0,-40.0,0.638490296364
85.0,-35.0,0.630550930677
85.0,-30.0,0.636704333355
85.0,-25.0,0.649293287601
85.0,-20.0,0.650837322561
85.0,-15.0,0.641090706653
85.0,-10.0,0.644053671526
85.0,-5.0,0.648210482843
85.0,0.0,0.646075463196
85.0,5.0,0.646211064426
85.0,10.0,0.641344832631
85.0,15.0,0.649566870764
85.0,20.0,0.644158641137
85.0,25.0,0.64571800508
85.0,30.0,0.652660753311
85.0,35.0,0.653159228952
85.0,40.0,0.654109848897
85.0,45.0,0.655631908613
85.0,50.0,0.646127496596
85.0,55.0,0.636569105523
85.0,60.0,0.629444937599
85.0,65.0,0.636951204113
85.0,70.0,0.63780290334
85.0,75.0,0.632429050802
85.0,80.0,0.633973195208
85.0,85.0,0.635197982261
85.0,90.0,0.638552325453
85.0,95.0,0.628226286883
85.0,100.0,0.628008240304
90.0,-100.0,0.635691353943
90.0,-95.0,0.639328850915
90.0,-90.0,0.640203445239
90.0,-85.0,0.636745098927
90.0,-80.0,0.63268698362
90.0,-75.0,0.632773364568
90.0,-70.0,0.631504757914
90.0,-65.0,0.62746221459
90.0,-60.0,0.628920196401
90.0,-55.0,0.634205760627
90.0,-50.0,0.632518915133
90.0,-45.0,0.633930558879
90.0,-40.0,0.634725922515
90.0,-35.0,0.631419337438
90.0,-30.0,0.639120630442
90.0,-25.0,0.648470706403
90.0,-20.0,0.643906377643
90.0,-15.0,0.640434949068
90.0,-10.0,0.640671575782
90.0,-5.0,0.644001974406
90.0,0.0,0.648805632
90.0,5.0,0.647792462847
90.0,10.0,0.648908064017
90.0,15.0,0.646423295487
90.0,20.0,0.6412457048
90.0,25.0,0.647415196847
90.0,30.0,0.650311916553
90.0,35.0,0.6519291733
90.0,40.0,0.654940899932
90.0,45.0,0.651189202093
90.0,50.0,0.644321900627
90.0,55.0,0.637872517881
90.0,60.0,0.633070196177
90.0,65.0,0.638111561995
90.0,70.0,0.633353180441
90.0,75.0,0.627922576241
90.0,80.0,0.630182267266
90.0,85.0,0.629481616018
90.0,90.0,0.63078515601
90.0,95.0,0.632120127722
90.0,100.0,0.635691353943
95.0,-100.0,0.632459544203
95.0,-95.0,0.632321443905
95.0,-90.0,0.63301048954
95.0,-85.0,0.636564237145
95.0,-80.0,0.638457169261
95.0,-75.0,0.632345954273
95.0,-70.0,0.634337664853
95.0,-65.0,0.631367333129
95.0,-60.0,0.627810934668
95.0,-55.0,0.628950470363
95.0,-50.0,0.62689598436
95.0,-45.0,0.631636259605
95.0,-40.0,0.63484153181
95.0,-35.0,0.63746347216
95.0,-30.0,0.643945718216
95.0,-25.0,0.645944806777
95.0,-20.0,0.64340911833
95.0,-15.0,0.643982898237
95.0,-10.0,0.642915734177
95.0,-5.0,0.650809148545
95.0,0.0,0.65234795902
95.0,5.0,0.65216742794
95.0,10.0,0.652533705358
95.0,15.0,0.650572815725
95.0,20.0,0.648391260866
95.0,25.0,0.648615791394
95.0,30.0,0.647143491724
95.0,35.0,0.646783667449
95.0,40.0,0.653061775183
95.0,45.0,0.653241570844
95.0,50.0,0.642475915714
95.0,55.0,0.635220933252
95.0,60.0,0.638701649887
95.0,65.0,0.637804338175
95.0,70.0,0.632093084803
95.0,75.0,0.625021253327
95.0,80.0,0.630190637504
95.0,85.0,0.629633934209
95.0,90.0,0.632046650964
95.0,95.0,0.633541370084
95.0,100.0,0.632459544203
100.0,-100.0,0.632885078316
100.0,-95.0,0.635651573749
100.0,-90.0,0.631407238964
100.0,-85.0,0.637083556564
100.0,-80.0,0.637970911277
100.0,-75.0,0.633714251914
100.0,-70.0,0.635073327749
100.0,-65.0,0.633942016606
100.0,-60.0,0.632495079044
100.0,-55.0,0.62777696343
100.0,-50.0,0.625386615103
100.0,-45.0,0.628848284941
100.0,-40.0,0.630414162833
100.0,-35.0,0.635695217912
100.0,-30.0,0.642959964399
100.0,-25.0,0.650081341301
100.0,-20.0,0.647400659214
100.0,-15.0,0.640905839822
100.0,-10.0,0.642862698062
100.0,-5.0,0.648940961548
100.0,0.0,0.647186300256
100.0,5.0,0.642551935848
100.0,10.0,0.64664822756
100.0,15.0,0.650598937727
100.0,20.0,0.651060505715
100.0,25.0,0.652077547334
100.0,30.0,0.652323294623
100.0,35.0,0.650520748978
100.0,40.0,0.653282223514
100.0,45.0,0.654927607894
100.0,50.0,0.647018078111
100.0,55.0,0.641470659057
100.0,60.0,0.639747625666
100.0,65.0,0.640568403811
100.0,70.0,0.640120162696
100.0,75.0,0.639092203552
100.0,80.0,0.637794573929
100.0,85.0,0.635384197575
100.0,90.0,0.634910603473
100.0,95.0,0.630943744438
100.0,100.0,0.632885078316
