-100.0,-100.0,0.64143964803
-100.0,-95.0,0.638220765714
-100.0,-90.0,0.637142168823
-100.0,-85.0,0.636037514705
-100.0,-80.0,0.635167849302
-100.0,-75.0,0.641405004342
-100.0,-70.0,0.644186338461
-100.0,-65.0,0.640446797639
-100.0,-60.0,0.639743515105
-100.0,-55.0,0.639775184826
-100.0,-50.0,0.640776142597
-100.0,-45.0,0.643124946147
-100.0,-40.0,0.645608570598
-100.0,-35.0,0.646718435374
-100.0,-30.0,0.645683642827
-100.0,-25.0,0.646217708927
-100.0,-20.0,0.646465594163
-100.0,-15.0,0.650848369133
-100.0,-10.0,0.656155045266
-100.0,-5.0,0.656313457036
-100.0,0.0,0.654585301331
-100.0,5.0,0.652697353232
-100.0,10.0,0.655870963425
-100.0,15.0,0.657528436043
-100.0,20.0,0.654454704559
-100.0,25.0,0.652492741754
-100.0,30.0,0.650411345052
-100.0,35.0,0.644520546197
-100.0,40.0,0.644419213449
-100.0,45.0,0.646416727757
-100.0,50.0,0.645043239718
-100.0,55.0,0.641009874886
-100.0,60.0,0.642755859632
-100.0,65.0,0.64335511924
-100.0,70.0,0.644825784346
-100.0,75.0,0.647320095258
-100.0,80.0,0.648016849361
-100.0,85.0,0.644404947123
-100.0,90.0,0.642939723727
-100.0,95.0,0.640489917168
-100.0,100.0,0.64143964803
-95.0,-100.0,0.640318079722
-95.0,-95.0,0.640813324367
-95.0,-90.0,0.640774342787
-95.0,-85.0,0.636709478115
-95.0,-80.0,0.636487463716
-95.0,-75.0,0.641537888084
-95.0,-70.0,0.640863514609
-95.0,-65.0,0.638596664648
-95.0,-60.0,0.640198917648
-95.0,-55.0,0.64102135765
-95.0,-50.0,0.644348453364
-95.0,-45.0,0.645108240324
-95.0,-40.0,0.646004703426
-95.0,-35.0,0.641545091464
-95.0,-30.0,0.64158656827
-95.0,-25.0,0.644544907237
-95.0,-20.0,0.645177524038
-95.0,-15.0,0.648491074103
-95.0,-10.0,0.653354601927
-95.0,-5.0,0.655185281334
-95.0,0.0,0.652324490315
-95.0,5.0,0.652584746694
-95.0,10.0,0.657946111456
-95.0,15.0,0.65839795899
-95.0,20.0,0.656234163389
-95.0,25.0,0.656221318772
-95.0,30.0,0.645698967315
-95.0,35.0,0.642821835398
-95.0,40.0,0.644956719605
-95.0,45.0,0.646702283147
-95.0,50.0,0.64537449829
-95.0,55.0,0.642543352034
-95.0,60.0,0.64503336846
-95.0,65.0,0.646372514049
-95.0,70.0,0.645467494854
-95.0,75.0,0.649080549309
-95.0,80.0,0.648982586484
-95.0,85.0,0.644120031599
-95.0,90.0,0.642427461935
-95.0,95.0,0.641929326459
-95.0,100.0,0.640318079722
-90.0,-100.0,0.641815260452
-90.0,-95.0,0.643602086401
-90.0,-90.0,0.638553694608
-90.0,-85.0,0.635642878645
-90.0,-80.0,0.635719960136
-90.0,-75.0,0.636233100647
-90.0,-70.0,0.637257433554
-90.0,-65.0,0.639996713992
-90.0,-60.0,0.641552067392
-90.0,-55.0,0.645670359074
-90.0,-50.0,0.64823716444
-90.0,-45.0,0.643164680006
-90.0,-40.0,0.640416124073
-90.0,-35.0,0.64033671745
-90.0,-30.0,0.641787358282
-90.0,-25.0,0.644836605433
-90.0,-20.0,0.647858132619
-90.0,-15.0,0.648930923236
-90.0,-10.0,0.650499283229
-90.0,-5.0,0.654289010492
-90.0,0.0,0.652496786777
-90.0,5.0,0.652530170486
-90.0,10.0,0.655271966336
-90.0,15.0,0.654705585525
-90.0,20.0,0.65405781953
-90.0,25.0,0.651934293833
-90.0,30.0,0.647436728712
-90.0,35.0,0.64497539892
-90.0,40.0,0.646059765762
-90.0,45.0,0.64472938712
-90.0,50.0,0.644352667476
-90.0,55.0,0.643775431068
-90.0,60.0,0.644707379168
-90.0,65.0,0.646697855268
-90.0,70.0,0.645314561124
-90.0,75.0,0.646828661526
-90.0,80.0,0.644244705955
-90.0,85.0,0.639523505511
-90.0,90.0,0.642140221192
-90.0,95.0,0.642417062241
-90.0,100.0,0.641815260452
-85.0,-100.0,0.638953723481
-85.0,-95.0,0.639624358598
-85.0,-90.0,0.637134708518
-85.0,-85.0,0.634282700847
-85.0,-80.0,0.640913110296
-85.0,-75.0,0.638079295908
-85.0,-70.0,0.638177150248
-85.0,-65.0,0.637164720303
-85.0,-60.0,0.639792433096
-85.0,-55.0,0.642498813271
-85.0,-50.0,0.643021368748
-85.0,-45.0,0.643178344848
-85.0,-40.0,0.64038727541
-85.0,-35.0,0.640295151867
-85.0,-30.0,0.644267907314
-85.0,-25.0,0.641645944221
-85.0,-20.0,0.646462238501
-85.0,-15.0,0.651526884295
-85.0,-10.0,0.652065097153
-85.0,-5.0,0.652811851972
-85.0,0.0,0.655577748724
-85.0,5.0,0.655461187784
-85.0,10.0,0.659394227298
-85.0,15.0,0.654504749955
-85.0,20.0,0.651279824243
-85.0,25.0,0.650410588501
-85.0,30.0,0.6467082329
-85.0,35.0,0.646002316968
-85.0,40.0,0.646848370039
-85.0,45.0,0.644212296504
-85.0,50.0,0.647535141719
-85.0,55.0,0.649530485465
-85.0,60.0,0.648207441871
-85.0,65.0,0.645148060155
-85.0,70.0,0.643303278644
-85.0,75.0,0.644479297206
-85.0,80.0,0.639453502657
-85.0,85.0,0.638894958814
-85.0,90.0,0.641310427114
-85.0,95.0,0.639725352675
-85.0,100.0,0.638953723481
-80.0,-100.0,0.637469700794
-80.0,-95.0,0.636320263685
-80.0,-90.0,0.635469612262
-80.0,-85.0,0.636727881355
-80.0,-80.0,0.640204342222
-80.0,-75.0,0.638369385764
-80.0,-70.0,0.637205348617
-80.0,-65.0,0.639258896752
-80.0,-60.0,0.638822809876
-80.0,-55.0,0.639407410949
-80.0,-50.0,0.640508106758
-80.0,-45.0,0.644021232237
-80.0,-40.0,0.643101442235
-80.0,-35.0,0.639952006803
-80.0,-30.0,0.641674674396
-80.0,-25.0,0.640482377064
-80.0,-20.0,0.644216427881
-80.0,-15.0,0.650669907951
-80.0,-10.0,0.654518127264
-80.0,-5.0,0.651088385009
-80.0,0.0,0.650720685533
-80.0,5.0,0.652900683596
-80.0,10.0,0.659822647486
-80.0,15.0,0.654809547307
-80.0,20.0,0.651951710446
-80.0,25.0,0.652911066823
-80.0,30.0,0.650713263297
-80.0,35.0,0.647535149418
-80.0,40.0,0.645666263156
-80.0,45.0,0.646291296006
-80.0,50.0,0.647805212805
-80.0,55.0,0.64919697199
-80.0,60.0,0.651526814602
-80.0,65.0,0.648096249443
-80.0,70.0,0.644813748168
-80.0,75.0,0.642426716807
-80.0,80.0,0.640869474843
-80.0,85.0,0.642445439243
-80.0,90.0,0.641488510056
-80.0,95.0,0.638776373278
-80.0,100.0,0.637469700794
-75.0,-100.0,0.643687569859
-75.0,-95.0,0.638408070198
-75.0,-90.0,0.639761799201
-75.0,-85.0,0.64070928025
-75.0,-80.0,0.641056082234
-75.0,-75.0,0.640150855541
-75.0,-70.0,0.639851910068
-75.0,-65.0,0.641062077075
-75.0,-60.0,0.639562901737
-75.0,-55.0,0.63874471567
-75.0,-50.0,0.640629528042
-75.0,-45.0,0.645179040358
-75.0,-40.0,0.64228835731
-75.0,-35.0,0.639849086257
-75.0,-30.0,0.643180244302
-75.0,-25.0,0.646623414199
-75.0,-20.0,0.650237886378
-75.0,-15.0,0.649561969776
-75.0,-10.0,0.651366507814
-75.0,-5.0,0.653764572954
-75.0,0.0,0.651463080615
-75.0,5.0,0.654507441463
-75.0,10.0,0.659231596579
-75.0,15.0,0.656541909982
-75.0,20.0,0.653569037751
-75.0,25.0,0.653841415747
-75.0,30.0,0.651640451316
-75.0,35.0,0.646398628908
-75.0,40.0,0.64606922244
-75.0,45.0,0.648006135068
-75.0,50.0,0.647124842356
-75.0,55.0,0.646617878774
-75.0,60.0,0.646387352585
-75.0,65.0,0.646992187154
-75.0,70.0,0.647746664421
-75.0,75.0,0.646487536094
-75.0,80.0,0.643947429321
-75.0,85.0,0.643786185288
-75.0,90.0,0.64134134003
-75.0,95.0,0.644605303893
-75.0,100.0,0.643687569859
-70.0,-100.0,0.645435078512
-70.0,-95.0,0.641692654807
-70.0,-90.0,0.641719418267
-70.0,-85.0,0.643952616396
-70.0,-80.0,0.644907002745
-70.0,-75.0,0.64528369366
-70.0,-70.0,0.638464275812
-70.0,-65.0,0.640498428929
-70.0,-60.0,0.64227841917
-70.0,-55.0,0.642130893344
-70.0,-50.0,0.640959923548
-70.0,-45.0,0.643271630543
-70.0,-40.0,0.643222754759
-70.0,-35.0,0.646302780649
-70.0,-30.0,0.646839183799
-70.0,-25.0,0.647354996827
-70.0,-20.0,0.649728840049
-70.0,-15.0,0.650484952163
-70.0,-10.0,0.651825370818
-70.0,-5.0,0.654135054412
-70.0,0.0,0.657954054306
-70.0,5.0,0.660942461184
-70.0,10.0,0.660044634405
-70.0,15.0,0.657114731618
-70.0,20.0,0.653710857155
-70.0,25.0,0.652493136625
-70.0,30.0,0.654461019497
-70.0,35.0,0.650770720469
-70.0,40.0,0.648714409116
-70.0,45.0,0.650799133385
-70.0,50.0,0.649511978577
-70.0,55.0,0.648056017838
-70.0,60.0,0.648600479844
-70.0,65.0,0.644636459331
-70.0,70.0,0.647216623796
-70.0,75.0,0.64951187136
-70.0,80.0,0.64664494698
-70.0,85.0,0.644443538082
-70.0,90.0,0.643973398446
-70.0,95.0,0.646376109215
-70.0,100.0,0.645435078512
-65.0,-100.0,0.646288489748
-65.0,-95.0,0.646242296677
-65.0,-90.0,0.644930232338
-65.0,-85.0,0.642948099737
-65.0,-80.0,0.648512601381
-65.0,-75.0,0.646529288452
-65.0,-70.0,0.639220508809
-65.0,-65.0,0.641743473579
-65.0,-60.0,0.645925505106
-65.0,-55.0,0.641643899277
-65.0,-50.0,0.641938251844
-65.0,-45.0,0.641188491052
-65.0,-40.0,0.641945930684
-65.0,-35.0,0.645115974071
-65.0,-30.0,0.646119089526
-65.0,-25.0,0.647331602036
-65.0,-20.0,0.651509968045
-65.0,-15.0,0.657431967333
-65.0,-10.0,0.660459824074
-65.0,-5.0,0.654856153815
-65.0,0.0,0.657490459331
-65.0,5.0,0.658394205716
-65.0,10.0,0.659116765444
-65.0,15.0,0.660803742113
-65.0,20.0,0.657448678571
-65.0,25.0,0.654501322968
-65.0,30.0,0.654019776855
-65.0,35.0,0.651912417856
-65.0,40.0,0.650247091838
-65.0,45.0,0.650048728512
-65.0,50.0,0.64509667087
-65.0,55.0,0.645700584143
-65.0,60.0,0.650472999553
-65.0,65.0,0.64662427617
-65.0,70.0,0.646146154717
-65.0,75.0,0.647345320789
-65.0,80.0,0.647077443378
-65.0,85.0,0.642649356078
-65.0,90.0,0.642622859671
-65.0,95.0,0.64574858839
-65.0,100.0,0.646288489748
-60.0,-100.0,0.643665267959
-60.0,-95.0,0.645647119348
-60.0,-90.0,0.644488261597
-60.0,-85.0,0.645273525291
-60.0,-80.0,0.645283260839
-60.0,-75.0,0.645638989896
-60.0,-70.0,0.643925806829
-60.0,-65.0,0.63961248698
-60.0,-60.0,0.640038570316
-60.0,-55.0,0.6401044588
-60.0,-50.0,0.642835601783
-60.0,-45.0,0.644236105573
-60.0,-40.0,0.642985509357
-60.0,-35.0,0.642063933766
-60.0,-30.0,0.645960591696
-60.0,-25.0,0.650528378335
-60.0,-20.0,0.653236947768
-60.0,-15.0,0.659488430659
-60.0,-10.0,0.658233037221
-60.0,-5.0,0.655848746558
-60.0,0.0,0.660460533039
-60.0,5.0,0.658821867704
-60.0,10.0,0.657249632566
-60.0,15.0,0.661915627212
-60.0,20.0,0.660156539414
-60.0,25.0,0.65563575319
-60.0,30.0,0.652734495611
-60.0,35.0,0.650693952861
-60.0,40.0,0.648485112437
-60.0,45.0,0.650567601571
-60.0,50.0,0.647931634984
-60.0,55.0,0.647016212353
-60.0,60.0,0.650218989928
-60.0,65.0,0.647269475158
-60.0,70.0,0.646539659364
-60.0,75.0,0.646094042549
-60.0,80.0,0.644506314626
-60.0,85.0,0.645246215596
-60.0,90.0,0.645800993525
-60.0,95.0,0.64382524339
-60.0,100.0,0.643665267959
-55.0,-100.0,0.643483280286
-55.0,-95.0,0.64453185448
-55.0,-90.0,0.64352701187
-55.0,-85.0,0.645708280427
-55.0,-80.0,0.644294015977
-55.0,-75.0,0.642637699008
-55.0,-70.0,0.643009995952
-55.0,-65.0,0.640524132593
-55.0,-60.0,0.64088827829
-55.0,-55.0,0.642189181754
-55.0,-50.0,0.639230578727
-55.0,-45.0,0.639930273653
-55.0,-40.0,0.640676831323
-55.0,-35.0,0.640200502664
-55.0,-30.0,0.64829454854
-55.0,-25.0,0.654567302902
-55.0,-20.0,0.657430659442
-55.0,-15.0,0.657458756455
-55.0,-10.0,0.655992159832
-55.0,-5.0,0.655423700758
-55.0,0.0,0.658911420376
-55.0,5.0,0.658683967059
-55.0,10.0,0.656821691875
-55.0,15.0,0.658511081536
-55.0,20.0,0.659312765247
-55.0,25.0,0.656751612996
-55.0,30.0,0.656487234211
-55.0,35.0,0.654983681366
-55.0,40.0,0.649834915963
-55.0,45.0,0.650567750239
-55.0,50.0,0.648323463864
-55.0,55.0,0.649990172045
-55.0,60.0,0.651902278712
-55.0,65.0,0.647972620578
-55.0,70.0,0.646943577592
-55.0,75.0,0.645649561009
-55.0,80.0,0.646888975319
-55.0,85.0,0.647451429895
-55.0,90.0,0.649823943499
-55.0,95.0,0.646896540514
-55.0,100.0,0.643483280286
-50.0,-100.0,0.644034726918
-50.0,-95.0,0.64563793408
-50.0,-90.0,0.644661365515
-50.0,-85.0,0.642529161533
-50.0,-80.0,0.639238515095
-50.0,-75.0,0.638645730749
-50.0,-70.0,0.642741267735
-50.0,-65.0,0.644613695176
-50.0,-60.0,0.645424378148
-50.0,-55.0,0.643625560624
-50.0,-50.0,0.639385309722
-50.0,-45.0,0.640267894309
-50.0,-40.0,0.644163304789
-50.0,-35.0,0.646447006114
-50.0,-30.0,0.651046480953
-50.0,-25.0,0.656654827819
-50.0,-20.0,0.661517769668
-50.0,-15.0,0.658558809573
-50.0,-10.0,0.65795083567
-50.0,-5.0,0.657546422533
-50.0,0.0,0.658121882518
-50.0,5.0,0.656594406408
-50.0,10.0,0.657480813561
-50.0,15.0,0.657808491136
-50.0,20.0,0.660554291202
-50.0,25.0,0.65912851171
-50.0,30.0,0.65464609397
-50.0,35.0,0.655308917059
-50.0,40.0,0.655570739398
-50.0,45.0,0.652360429096
-50.0,50.0,0.650488236631
-50.0,55.0,0.6508481381
-50.0,60.0,0.65133999556
-50.0,65.0,0.651247306792
-50.0,70.0,0.647588240713
-50.0,75.0,0.649574298501
-50.0,80.0,0.651586625411
-50.0,85.0,0.649168480963
-50.0,90.0,0.649574683574
-50.0,95.0,0.648584410916
-50.0,100.0,0.644034726918
-45.0,-100.0,0.642820218247
-45.0,-95.0,0.646892687126
-45.0,-90.0,0.648016744822
-45.0,-85.0,0.647189947064
-45.0,-80.0,0.641122911583
-45.0,-75.0,0.640387239717
-45.0,-70.0,0.640644757969
-45.0,-65.0,0.637836892823
-45.0,-60.0,0.642140483239
-45.0,-55.0,0.644271182724
-45.0,-50.0,0.644348733067
-45.0,-45.0,0.646101035232
-45.0,-40.0,0.649330953198
-45.0,-35.0,0.648739620551
-45.0,-30.0,0.652403506507
-45.0,-25.0,0.658147326326
-45.0,-20.0,0.659110056625
-45.0,-15.0,0.657157294211
-45.0,-10.0,0.655353625711
-45.0,-5.0,0.659113212662
-45.0,0.0,0.659785400372
-45.0,5.0,0.656665393213
-45.0,10.0,0.660635518677
-45.0,15.0,0.659800515535
-45.0,20.0,0.661215646855
-45.0,25.0,0.660758936665
-45.0,30.0,0.653841104765
-45.0,35.0,0.655578303374
-45.0,40.0,0.657186531573
-45.0,45.0,0.656174346623
-45.0,50.0,0.656773139769
-45.0,55.0,0.65417965682
-45.0,60.0,0.648765969226
-45.0,65.0,0.644828186946
-45.0,70.0,0.646990855716
-45.0,75.0,0.64629455557
-45.0,80.0,0.649927972526
-45.0,85.0,0.648927573226
-45.0,90.0,0.648909995332
-45.0,95.0,0.647171905123
-45.0,100.0,0.642820218247
-40.0,-100.0,0.644141998156
-40.0,-95.0,0.64686623273
-40.0,-90.0,0.651630240213
-40.0,-85.0,0.651941225118
-40.0,-80.0,0.647769130488
-40.0,-75.0,0.643520932738
-40.0,-70.0,0.640454812494
-40.0,-65.0,0.640895261494
-40.0,-60.0,0.646484407285
-40.0,-55.0,0.645293359593
-40.0,-50.0,0.645602674826
-40.0,-45.0,0.646318671111
-40.0,-40.0,0.650788712585
-40.0,-35.0,0.653073984158
-40.0,-30.0,0.655546732154
-40.0,-25.0,0.660459630124
-40.0,-20.0,0.662042782873
-40.0,-15.0,0.66363151316
-40.0,-10.0,0.65942282187
-40.0,-5.0,0.659067001416
-40.0,0.0,0.66143708138
-40.0,5.0,0.659248030143
-40.0,10.0,0.658242114265
-40.0,15.0,0.65874049077
-40.0,20.0,0.661661496573
-40.0,25.0,0.661198144864
-40.0,30.0,0.659187667504
-40.0,35.0,0.657991758719
-40.0,40.0,0.654364176213
-40.0,45.0,0.655353807619
-40.0,50.0,0.65891851132
-40.0,55.0,0.654120740448
-40.0,60.0,0.646476659666
-40.0,65.0,0.650233879533
-40.0,70.0,0.648609078226
-40.0,75.0,0.646733056644
-40.0,80.0,0.64805962484
-40.0,85.0,0.647416982634
-40.0,90.0,0.647427729047
-40.0,95.0,0.646624361339
-40.0,100.0,0.644141998156
-35.0,-100.0,0.643116562701
-35.0,-95.0,0.644869867382
-35.0,-90.0,0.646178035276
-35.0,-85.0,0.649405408518
-35.0,-80.0,0.645668223196
-35.0,-75.0,0.641143932145
-35.0,-70.0,0.641320492144
-35.0,-65.0,0.645102382774
-35.0,-60.0,0.65025269633
-35.0,-55.0,0.649197337133
-35.0,-50.0,0.64573790254
-35.0,-45.0,0.648354169667
-35.0,-40.0,0.652050172283
-35.0,-35.0,0.655653899878
-35.0,-30.0,0.657084280062
-35.0,-25.0,0.660834192312
-35.0,-20.0,0.665232016968
-35.0,-15.0,0.667924772696
-35.0,-10.0,0.666233305772
-35.0,-5.0,0.665942276555
-35.0,0.0,0.664112815617
-35.0,5.0,0.658412206206
-35.0,10.0,0.657447738881
-35.0,15.0,0.663530062234
-35.0,20.0,0.662720018564
-35.0,25.0,0.65941888317
-35.0,30.0,0.661379357125
-35.0,35.0,0.661636922649
-35.0,40.0,0.658180194598
-35.0,45.0,0.65420609183
-35.0,50.0,0.654187312662
-35.0,55.0,0.6530420267
-35.0,60.0,0.651822447213
-35.0,65.0,0.655613159224
-35.0,70.0,0.650960484795
-35.0,75.0,0.648712314675
-35.0,80.0,0.652272310612
-35.0,85.0,0.645239491755
-35.0,90.0,0.645635493058
-35.0,95.0,0.646278429151
-35.0,100.0,0.643116562701
-30.0,-100.0,0.645463735599
-30.0,-95.0,0.643722263021
-30.0,-90.0,0.647247631096
-30.0,-85.0,0.648388812494
-30.0,-80.0,0.646452911304
-30.0,-75.0,0.645438131755
-30.0,-70.0,0.64697079562
-30.0,-65.0,0.644404683153
-30.0,-60.0,0.648921216297
-30.0,-55.0,0.649298844161
-30.0,-50.0,0.649856389265
-30.0,-45.0,0.651706834323
-30.0,-40.0,0.652075411895
-30.0,-35.0,0.659809563979
-30.0,-30.0,0.656323050811
-30.0,-25.0,0.659558455707
-30.0,-20.0,0.662855575056
-30.0,-15.0,0.662897323428
-30.0,-10.0,0.663655075022
-30.0,-5.0,0.667804273937
-30.0,0.0,0.667484600379
-30.0,5.0,0.661939685059
-30.0,10.0,0.66361514033
-30.0,15.0,0.663647259021
-30.0,20.0,0.661802471237
-30.0,25.0,0.658152526548
-30.0,30.0,0.658114273598
-30.0,35.0,0.658735266659
-30.0,40.0,0.660225026578
-30.0,45.0,0.658686356176
-30.0,50.0,0.656501997556
-30.0,55.0,0.659015937957
-30.0,60.0,0.653258730892
-30.0,65.0,0.656212448725
-30.0,70.0,0.652081626967
-30.0,75.0,0.648306571724
-30.0,80.0,0.651752834903
-30.0,85.0,0.650796311297
-30.0,90.0,0.650440123601
-30.0,95.0,0.648887815945
-30.0,100.0,0.645463735599
-25.0,-100.0,0.652327743237
-25.0,-95.0,0.65261266346
-25.0,-90.0,0.649009712139
-25.0,-85.0,0.649558099804
-25.0,-80.0,0.649114099751
-25.0,-75.0,0.648856102114
-25.0,-70.0,0.649007688427
-25.0,-65.0,0.650070287949
-25.0,-60.0,0.65558796607
-25.0,-55.0,0.656707226998
-25.0,-50.0,0.656631028718
-25.0,-45.0,0.658076303507
-25.0,-40.0,0.659687133121
-25.0,-35.0,0.660350057595
-25.0,-30.0,0.658611425273
-25.0,-25.0,0.662582089613
-25.0,-20.0,0.663057393046
-25.0,-15.0,0.664742278402
-25.0,-10.0,0.666038215321
-25.0,-5.0,0.667193727932
-25.0,0.0,0.667050056184
-25.0,5.0,0.66620103884
-25.0,10.0,0.666934953166
-25.0,15.0,0.667090315474
-25.0,20.0,0.659896808379
-25.0,25.0,0.659613305525
-25.0,30.0,0.659460870615
-25.0,35.0,0.658489713269
-25.0,40.0,0.661705262157
-25.0,45.0,0.66205537945
-25.0,50.0,0.663175538905
-25.0,55.0,0.663248793343
-25.0,60.0,0.656902965029
-25.0,65.0,0.656143866129
-25.0,70.0,0.6551718456
-25.0,75.0,0.653741113025
-25.0,80.0,0.653317761295
-25.0,85.0,0.654573506174
-25.0,90.0,0.651983226503
-25.0,95.0,0.647352658737
-25.0,100.0,0.652327743237
-20.0,-100.0,0.655304018384
-20.0,-95.0,0.654133734892
-20.0,-90.0,0.649614800225
-20.0,-85.0,0.647992999477
-20.0,-80.0,0.649628069776
-20.0,-75.0,0.649069625263
-20.0,-70.0,0.650835374671
-20.0,-65.0,0.652924257094
-20.0,-60.0,0.656750852942
-20.0,-55.0,0.658059017886
-20.0,-50.0,0.656008106575
-20.0,-45.0,0.657934597878
-20.0,-40.0,0.661728069595
-20.0,-35.0,0.660356157265
-20.0,-30.0,0.658490129994
-20.0,-25.0,0.66229183053
-20.0,-20.0,0.664480054888
-20.0,-15.0,0.667387795537
-20.0,-10.0,0.670117822454
-20.0,-5.0,0.66849181507
-20.0,0.0,0.666264670303
-20.0,5.0,0.665125052571
-20.0,10.0,0.665510205834
-20.0,15.0,0.667925565071
-20.0,20.0,0.667904316618
-20.0,25.0,0.661692157465
-20.0,30.0,0.66318765298
-20.0,35.0,0.66398045372
-20.0,40.0,0.662480130693
-20.0,45.0,0.662449286577
-20.0,50.0,0.663944098881
-20.0,55.0,0.6662756258
-20.0,60.0,0.662128914417
-20.0,65.0,0.657078700199
-20.0,70.0,0.655409156548
-20.0,75.0,0.655034895806
-20.0,80.0,0.654802629186
-20.0,85.0,0.656030965403
-20.0,90.0,0.649663893187
-20.0,95.0,0.648829454963
-20.0,100.0,0.655304018384
-15.0,-100.0,0.654251667632
-15.0,-95.0,0.652889065801
-15.0,-90.0,0.651686115095
-15.0,-85.0,0.652760993697
-15.0,-80.0,0.651265060808
-15.0,-75.0,0.651256761302
-15.0,-70.0,0.65814684591
-15.0,-65.0,0.659277206644
-15.0,-60.0,0.659460208606
-15.0,-55.0,0.658239025877
-15.0,-50.0,0.657514308445
-15.0,-45.0,0.659362327695
-15.0,-40.0,0.662092600459
-15.0,-35.0,0.660275151707
-15.0,-30.0,0.66012314036
-15.0,-25.0,0.660327782002
-15.0,-20.0,0.663603930393
-15.0,-15.0,0.66907644733
-15.0,-10.0,0.667522195626
-15.0,-5.0,0.667239081469
-15.0,0.0,0.667995462153
-15.0,5.0,0.663516504435
-15.0,10.0,0.66602629706
-15.0,15.0,0.673973054466
-15.0,20.0,0.671602756222
-15.0,25.0,0.664901005166
-15.0,30.0,0.664127363329
-15.0,35.0,0.665415205896
-15.0,40.0,0.664190925473
-15.0,45.0,0.661649578064
-15.0,50.0,0.663813356487
-15.0,55.0,0.665229251114
-15.0,60.0,0.664475002272
-15.0,65.0,0.660155894009
-15.0,70.0,0.65815302776
-15.0,75.0,0.658700043249
-15.0,80.0,0.655906694053
-15.0,85.0,0.656701437434
-15.0,90.0,0.654801505671
-15.0,95.0,0.655770621546
-15.0,100.0,0.654251667632
-10.0,-100.0,0.653376914402
-10.0,-95.0,0.652433564512
-10.0,-90.0,0.654638405533
-10.0,-85.0,0.657175045861
-10.0,-80.0,0.657390697329
-10.0,-75.0,0.654216837644
-10.0,-70.0,0.659981383021
-10.0,-65.0,0.661832795285
-10.0,-60.0,0.659498772438
-10.0,-55.0,0.659160416093
-10.0,-50.0,0.661331317391
-10.0,-45.0,0.660654712456
-10.0,-40.0,0.659922547795
-10.0,-35.0,0.660055278242
-10.0,-30.0,0.660253015601
-10.0,-25.0,0.661375019753
-10.0,-20.0,0.665369526461
-10.0,-15.0,0.670065056776
-10.0,-10.0,0.668869544171
-10.0,-5.0,0.66815323559
-10.0,0.0,0.668701872298
-10.0,5.0,0.664097328829
-10.0,10.0,0.664394689793
-10.0,15.0,0.670069740159
-10.0,20.0,0.669417032938
-10.0,25.0,0.66725935504
-10.0,30.0,0.667198814505
-10.0,35.0,0.668082082246
-10.0,40.0,0.664052517071
-10.0,45.0,0.660532117601
-10.0,50.0,0.65841538364
-10.0,55.0,0.65991931361
-10.0,60.0,0.661085914152
-10.0,65.0,0.662707232275
-10.0,70.0,0.659280670537
-10.0,75.0,0.661892568722
-10.0,80.0,0.660609153085
-10.0,85.0,0.659304106462
-10.0,90.0,0.660337023043
-10.0,95.0,0.657492856439
-10.0,100.0,0.653376914402
-5.0,-100.0,0.656639017378
-5.0,-95.0,0.658177066172
-5.0,-90.0,0.657122633744
-5.0,-85.0,0.655068442335
-5.0,-80.0,0.655714265813
-5.0,-75.0,0.657511299485
-5.0,-70.0,0.657084522316
-5.0,-65.0,0.657176348007
-5.0,-60.0,0.654758111473
-5.0,-55.0,0.658113045311
-5.0,-50.0,0.657946611551
-5.0,-45.0,0.657878161372
-5.0,-40.0,0.660387049301
-5.0,-35.0,0.661711053958
-5.0,-30.0,0.659208325503
-5.0,-25.0,0.663658349903
-5.0,-20.0,0.666661930287
-5.0,-15.0,0.669868233329
-5.0,-10.0,0.670387673317
-5.0,-5.0,0.668821854367
-5.0,0.0,0.669434496022
-5.0,5.0,0.666539317751
-5.0,10.0,0.669356040006
-5.0,15.0,0.672071852676
-5.0,20.0,0.66857612382
-5.0,25.0,0.667631803536
-5.0,30.0,0.668737718426
-5.0,35.0,0.670300192999
-5.0,40.0,0.663775616241
-5.0,45.0,0.661407179402
-5.0,50.0,0.663808292821
-5.0,55.0,0.663519360076
-5.0,60.0,0.658967685604
-5.0,65.0,0.659639358985
-5.0,70.0,0.660721343041
-5.0,75.0,0.661686738629
-5.0,80.0,0.663237645652
-5.0,85.0,0.661109598065
-5.0,90.0,0.659831730368
-5.0,95.0,0.657919695918
-5.0,100.0,0.656639017378
0.0,-100.0,0.660001491359
0.0,-95.0,0.660370606504
0.0,-90.0,0.658585509682
0.0,-85.0,0.653299755479
0.0,-80.0,0.655062762894
0.0,-75.0,0.65728223827
0.0,-70.0,0.655511374982
0.0,-65.0,0.656713384848
0.0,-60.0,0.65657115961
0.0,-55.0,0.660057569326
0.0,-50.0,0.658187634665
0.0,-45.0,0.658203442367
0.0,-40.0,0.661746733706
0.0,-35.0,0.656960767688
0.0,-30.0,0.660276635945
0.0,-25.0,0.664216070185
0.0,-20.0,0.667241554404
0.0,-15.0,0.670281273898
0.0,-10.0,0.670159145077
0.0,-5.0,0.667772692193
0.0,0.0,0.67115589123
0.0,5.0,0.670428116775
0.0,10.0,0.670529963201
0.0,15.0,0.67833560311
0.0,20.0,0.67344961715
0.0,25.0,0.671960985825
0.0,30.0,0.667187138621
0.0,35.0,0.667186108014
0.0,40.0,0.665932191083
0.0,45.0,0.664877204629
0.0,50.0,0.667205390643
0.0,55.0,0.662072903922
0.0,60.0,0.663730566223
0.0,65.0,0.659983094828
0.0,70.0,0.662436141199
0.0,75.0,0.661168494016
0.0,80.0,0.661333297827
0.0,85.0,0.659953318798
0.0,90.0,0.657378991219
0.0,95.0,0.656192130812
0.0,100.0,0.660001491359
5.0,-100.0,0.65517242831
5.0,-95.0,0.654475448081
5.0,-90.0,0.656925946662
5.0,-85.0,0.659235843896
5.0,-80.0,0.658955207334
5.0,-75.0,0.659292375519
5.0,-70.0,0.656385816651
5.0,-65.0,0.656859966414
5.0,-60.0,0.656137835084
5.0,-55.0,0.655217895399
5.0,-50.0,0.655615926241
5.0,-45.0,0.655532964297
5.0,-40.0,0.655562630138
5.0,-35.0,0.654879961617
5.0,-30.0,0.656121873832
5.0,-25.0,0.660862449885
5.0,-20.0,0.665394138643
5.0,-15.0,0.666540383721
5.0,-10.0,0.668391944758
5.0,-5.0,0.665907957142
5.0,0.0,0.667727272701
5.0,5.0,0.666635018631
5.0,10.0,0.668551072233
5.0,15.0,0.674562189669
5.0,20.0,0.673541584005
5.0,25.0,0.671743448048
5.0,30.0,0.667072301187
5.0,35.0,0.666121829863
5.0,40.0,0.667547945534
5.0,45.0,0.665746574332
5.0,50.0,0.664308803954
5.0,55.0,0.661010711701
5.0,60.0,0.661933050959
5.0,65.0,0.662125228621
5.0,70.0,0.659452519985
5.0,75.0,0.660567700931
5.0,80.0,0.658866436955
5.0,85.0,0.661046277504
5.0,90.0,0.660543049477
5.0,95.0,0.65770866934
5.0,100.0,0.65517242831
10.0,-100.0,0.65860809835
10.0,-95.0,0.65734088326
10.0,-90.0,0.656500693443
10.0,-85.0,0.658903338491
10.0,-80.0,0.660307234082
10.0,-75.0,0.660642744636
10.0,-70.0,0.658211561569
10.0,-65.0,0.659871475638
10.0,-60.0,0.653950974849
10.0,-55.0,0.654676481088
10.0,-50.0,0.659066592763
10.0,-45.0,0.659355224123
10.0,-40.0,0.659910787604
10.0,-35.0,0.656297442991
10.0,-30.0,0.655022821989
10.0,-25.0,0.65716616023
10.0,-20.0,0.662537834653
10.0,-15.0,0.667386727263
10.0,-10.0,0.670438431569
10.0,-5.0,0.668712937734
10.0,0.0,0.669660267737
10.0,5.0,0.671365906586
10.0,10.0,0.67342837176
10.0,15.0,0.675880819121
10.0,20.0,0.672583610022
10.0,25.0,0.672294479587
10.0,30.0,0.669289304553
10.0,35.0,0.669937967941
10.0,40.0,0.669007303133
10.0,45.0,0.667344171451
10.0,50.0,0.669389331606
10.0,55.0,0.665434864354
10.0,60.0,0.661447867767
10.0,65.0,0.661789346672
10.0,70.0,0.660439711114
10.0,75.0,0.660162860886
10.0,80.0,0.662165656558
10.0,85.0,0.662925608638
10.0,90.0,0.659265381082
10.0,95.0,0.657298385425
10.0,100.0,0.65860809835
15.0,-100.0,0.659263405645
15.0,-95.0,0.655164505787
15.0,-90.0,0.652814532742
15.0,-85.0,0.654289621186
15.0,-80.0,0.656399811467
15.0,-75.0,0.656547789579
15.0,-70.0,0.657072187168
15.0,-65.0,0.656692038606
15.0,-60.0,0.652289841009
15.0,-55.0,0.656016865238
15.0,-50.0,0.657298255147
15.0,-45.0,0.657719362245
15.0,-40.0,0.658062323654
15.0,-35.0,0.655864073784
15.0,-30.0,0.654668405491
15.0,-25.0,0.658171152727
15.0,-20.0,0.663122697377
15.0,-15.0,0.667295677746
15.0,-10.0,0.671145140802
15.0,-5.0,0.66937537536
15.0,0.0,0.67075196869
15.0,5.0,0.671908341075
15.0,10.0,0.674500912387
15.0,15.0,0.676664269298
15.0,20.0,0.674166368786
15.0,25.0,0.670932588987
15.0,30.0,0.666602209363
15.0,35.0,0.667367054926
15.0,40.0,0.668058342024
15.0,45.0,0.667124667718
15.0,50.0,0.668654309155
15.0,55.0,0.665521024303
15.0,60.0,0.662414166235
15.0,65.0,0.666280328166
15.0,70.0,0.664996546963
15.0,75.0,0.660857593803
15.0,80.0,0.658963983821
15.0,85.0,0.659684862114
15.0,90.0,0.655000468
15.0,95.0,0.657184069565
15.0,100.0,0.659263405645
20.0,-100.0,0.65518876925
20.0,-95.0,0.650925236819
20.0,-90.0,0.652547639384
20.0,-85.0,0.653837491326
20.0,-80.0,0.654853314777
20.0,-75.0,0.652543347721
20.0,-70.0,0.651923576964
20.0,-65.0,0.653726370577
20.0,-60.0,0.65298220357
20.0,-55.0,0.652111523098
20.0,-50.0,0.652378619707
20.0,-45.0,0.653674689182
20.0,-40.0,0.652589606367
20.0,-35.0,0.652260846836
20.0,-30.0,0.652133821851
20.0,-25.0,0.654014049723
20.0,-20.0,0.660231909834
20.0,-15.0,0.664661302815
20.0,-10.0,0.665853755662
20.0,-5.0,0.66878292216
20.0,0.0,0.67232172555
20.0,5.0,0.669321695189
20.0,10.0,0.67133771473
20.0,15.0,0.672479587037
20.0,20.0,0.673990561362
20.0,25.0,0.670617087937
20.0,30.0,0.659980845104
20.0,35.0,0.662765500616
20.0,40.0,0.665865479928
20.0,45.0,0.662617675453
20.0,50.0,0.661604624724
20.0,55.0,0.661238969246
20.0,60.0,0.66307603491
20.0,65.0,0.665961186625
20.0,70.0,0.664691571477
20.0,75.0,0.658694701798
20.0,80.0,0.653000573682
20.0,85.0,0.655046362947
20.0,90.0,0.656147083778
20.0,95.0,0.656371038915
20.0,100.0,0.65518876925
25.0,-100.0,0.653665209025
25.0,-95.0,0.650059661753
25.0,-90.0,0.652245985676
25.0,-85.0,0.651867121889
25.0,-80.0,0.652360404381
25.0,-75.0,0.654477023953
25.0,-70.0,0.649384824871
25.0,-65.0,0.649729715861
25.0,-60.0,0.647214313992
25.0,-55.0,0.647816669343
25.0,-50.0,0.650530857285
25.0,-45.0,0.651176695272
25.0,-40.0,0.649890321451
25.0,-35.0,0.649472561341
25.0,-30.0,0.650371020777
25.0,-25.0,0.651599563672
25.0,-20.0,0.658518744483
25.0,-15.0,0.66378256875
25.0,-10.0,0.660741239388
25.0,-5.0,0.664225342357
25.0,0.0,0.668718637445
25.0,5.0,0.667629242136
25.0,10.0,0.669585067844
25.0,15.0,0.673382918969
25.0,20.0,0.670209124943
25.0,25.0,0.66716186929
25.0,30.0,0.659666180417
25.0,35.0,0.658470127062
25.0,40.0,0.661188616952
25.0,45.0,0.664157756878
25.0,50.0,0.661882765885
25.0,55.0,0.658178188684
25.0,60.0,0.659411336876
25.0,65.0,0.660034568635
25.0,70.0,0.65980834536
25.0,75.0,0.656577421054
25.0,80.0,0.651473993453
25.0,85.0,0.6525096008
25.0,90.0,0.654869746603
25.0,95.0,0.658787053199
25.0,100.0,0.653665209025
30.0,-100.0,0.649539506298
30.0,-95.0,0.648091777651
30.0,-90.0,0.649148717502
30.0,-85.0,0.647987739084
30.0,-80.0,0.648517834772
30.0,-75.0,0.647611480099
30.0,-70.0,0.646662722035
30.0,-65.0,0.645700827371
30.0,-60.0,0.643033529216
30.0,-55.0,0.644936645771
30.0,-50.0,0.650577925563
30.0,-45.0,0.649044169903
30.0,-40.0,0.648100831426
30.0,-35.0,0.651719439196
30.0,-30.0,0.654829526857
30.0,-25.0,0.654356119145
30.0,-20.0,0.656699834972
30.0,-15.0,0.660675387246
30.0,-10.0,0.661973322752
30.0,-5.0,0.658209033875
30.0,0.0,0.661651914243
30.0,5.0,0.66184940657
30.0,10.0,0.664117968147
30.0,15.0,0.668698751514
30.0,20.0,0.667135389182
30.0,25.0,0.669643667008
30.0,30.0,0.664185379261
30.0,35.0,0.660412465705
30.0,40.0,0.660158657099
30.0,45.0,0.659650963675
30.0,50.0,0.660060733901
30.0,55.0,0.661638537658
30.0,60.0,0.660821427774
30.0,65.0,0.657758980028
30.0,70.0,0.654273016323
30.0,75.0,0.652290836834
30.0,80.0,0.65014593864
30.0,85.0,0.647862712809
30.0,90.0,0.648845647861
30.0,95.0,0.653367766984
30.0,100.0,0.649539506298
35.0,-100.0,0.646111181476
35.0,-95.0,0.643462663634
35.0,-90.0,0.644048640545
35.0,-85.0,0.645733584903
35.0,-80.0,0.64655380101
35.0,-75.0,0.641926230276
35.0,-70.0,0.645748761227
35.0,-65.0,0.645023009763
35.0,-60.0,0.644080013332
35.0,-55.0,0.645928420377
35.0,-50.0,0.649958600121
35.0,-45.0,0.645528469482
35.0,-40.0,0.648701290473
35.0,-35.0,0.653201785859
35.0,-30.0,0.652895238481
35.0,-25.0,0.654016282116
35.0,-20.0,0.65511374243
35.0,-15.0,0.657337801039
35.0,-10.0,0.659655820444
35.0,-5.0,0.65882420074
35.0,0.0,0.66051008368
35.0,5.0,0.659500698781
35.0,10.0,0.662057231428
35.0,15.0,0.666303108839
35.0,20.0,0.666950201781
35.0,25.0,0.666578025402
35.0,30.0,0.664594449817
35.0,35.0,0.662804446546
35.0,40.0,0.661946623947
35.0,45.0,0.654764532917
35.0,50.0,0.656381467068
35.0,55.0,0.659659988295
35.0,60.0,0.659033678357
35.0,65.0,0.652143370959
35.0,70.0,0.649763542536
35.0,75.0,0.648072537811
35.0,80.0,0.645492678462
35.0,85.0,0.643542789821
35.0,90.0,0.645458840897
35.0,95.0,0.648948509758
35.0,100.0,0.646111181476
40.0,-100.0,0.648479490358
40.0,-95.0,0.644607826605
40.0,-90.0,0.64185038736
40.0,-85.0,0.641725789621
40.0,-80.0,0.642949264252
40.0,-75.0,0.640287484523
40.0,-70.0,0.641060668674
40.0,-65.0,0.642536521002
40.0,-60.0,0.644423439921
40.0,-55.0,0.644780913259
40.0,-50.0,0.646874806221
40.0,-45.0,0.644591266403
40.0,-40.0,0.646903651671
40.0,-35.0,0.651165054906
40.0,-30.0,0.650515852634
40.0,-25.0,0.652812138984
40.0,-20.0,0.654519656266
40.0,-15.0,0.658255554788
40.0,-10.0,0.658064600897
40.0,-5.0,0.656035290965
40.0,0.0,0.657618984317
40.0,5.0,0.656749799642
40.0,10.0,0.659070794813
40.0,15.0,0.665325198986
40.0,20.0,0.662245371914
40.0,25.0,0.661201347964
40.0,30.0,0.66083517417
40.0,35.0,0.663015126532
40.0,40.0,0.659022500898
40.0,45.0,0.655159101696
40.0,50.0,0.655368971733
40.0,55.0,0.653685989258
40.0,60.0,0.652461965731
40.0,65.0,0.650608897136
40.0,70.0,0.647217910065
40.0,75.0,0.644987394942
40.0,80.0,0.638842282824
40.0,85.0,0.641129087793
40.0,90.0,0.644318814378
40.0,95.0,0.647537937976
40.0,100.0,0.648479490358
45.0,-100.0,0.647850807504
45.0,-95.0,0.646155610102
45.0,-90.0,0.64501168395
45.0,-85.0,0.643694539358
45.0,-80.0,0.645901475243
45.0,-75.0,0.645185672415
45.0,-70.0,0.641300388589
45.0,-65.0,0.637416893253
45.0,-60.0,0.638514942902
45.0,-55.0,0.639672186196
45.0,-50.0,0.6468990169
45.0,-45.0,0.64899479427
45.0,-40.0,0.646902849577
45.0,-35.0,0.649493619964
45.0,-30.0,0.649847097404
45.0,-25.0,0.649909023135
45.0,-20.0,0.650256216545
45.0,-15.0,0.65314914388
45.0,-10.0,0.654866395978
45.0,-5.0,0.654238662249
45.0,0.0,0.656144659474
45.0,5.0,0.654360774692
45.0,10.0,0.655330072736
45.0,15.0,0.657764961589
45.0,20.0,0.658182460404
45.0,25.0,0.659970092013
45.0,30.0,0.661419592413
45.0,35.0,0.663098771727
45.0,40.0,0.663197487338
45.0,45.0,0.656187042948
45.0,50.0,0.653020889658
45.0,55.0,0.651776312088
45.0,60.0,0.65468792398
45.0,65.0,0.648800689329
45.0,70.0,0.646202465501
45.0,75.0,0.643543687509
45.0,80.0,0.64045593666
45.0,85.0,0.644011040342
45.0,90.0,0.645530701011
45.0,95.0,0.645008712293
45.0,100.0,0.647850807504
50.0,-100.0,0.644832072976
50.0,-95.0,0.645650851526
50.0,-90.0,0.647107509245
50.0,-85.0,0.643938422332
50.0,-80.0,0.646278433113
50.0,-75.0,0.645660889672
50.0,-70.0,0.638672316129
50.0,-65.0,0.637347077494
50.0,-60.0,0.638620069267
50.0,-55.0,0.640375871223
50.0,-50.0,0.643892722062
50.0,-45.0,0.647633758853
50.0,-40.0,0.645799917894
50.0,-35.0,0.649565728194
50.0,-30.0,0.648730749823
50.0,-25.0,0.650985446114
50.0,-20.0,0.652417907685
50.0,-15.0,0.65542721299
50.0,-10.0,0.655542829354
50.0,-5.0,0.653975565758
50.0,0.0,0.654077064163
50.0,5.0,0.655048159794
50.0,10.0,0.656512237476
50.0,15.0,0.657287704528
50.0,20.0,0.657675862656
50.0,25.0,0.658871374687
50.0,30.0,0.659613128025
50.0,35.0,0.663107422135
50.0,40.0,0.663450832807
50.0,45.0,0.657356206748
50.0,50.0,0.648922974498
50.0,55.0,0.648638654793
50.0,60.0,0.650569468301
50.0,65.0,0.645377978057
50.0,70.0,0.64375491195
50.0,75.0,0.645783843136
50.0,80.0,0.647064306937
50.0,85.0,0.649112375611
50.0,90.0,0.650731888696
50.0,95.0,0.648825199489
50.0,100.0,0.644832072976
55.0,-100.0,0.647284646599
55.0,-95.0,0.643476808032
55.0,-90.0,0.643479483679
55.0,-85.0,0.643913217077
55.0,-80.0,0.643515765412
55.0,-75.0,0.642747026356
55.0,-70.0,0.641194097325
55.0,-65.0,0.640474270986
55.0,-60.0,0.641900655323
55.0,-55.0,0.640969266386
55.0,-50.0,0.641884761423
55.0,-45.0,0.645300993466
55.0,-40.0,0.641359473919
55.0,-35.0,0.642328427238
55.0,-30.0,0.644392403213
55.0,-25.0,0.647463254277
55.0,-20.0,0.650588110069
55.0,-15.0,0.655374280716
55.0,-10.0,0.656773903281
55.0,-5.0,0.649601059718
55.0,0.0,0.65201653738
55.0,5.0,0.651983722816
55.0,10.0,0.656684686583
55.0,15.0,0.659027911135
55.0,20.0,0.661066251654
55.0,25.0,0.661195866102
55.0,30.0,0.658968458067
55.0,35.0,0.657767335387
55.0,40.0,0.656413554744
55.0,45.0,0.656240542011
55.0,50.0,0.649155023755
55.0,55.0,0.644970926184
55.0,60.0,0.647188383333
55.0,65.0,0.643763520151
55.0,70.0,0.643648724293
55.0,75.0,0.644081084548
55.0,80.0,0.644192657309
55.0,85.0,0.644760104908
55.0,90.0,0.649003457067
55.0,95.0,0.652257828105
55.0,100.0,0.647284646599
60.0,-100.0,0.64559429331
60.0,-95.0,0.642588883526
60.0,-90.0,0.638390090394
60.0,-85.0,0.642639204876
60.0,-80.0,0.645234334911
60.0,-75.0,0.642363366011
60.0,-70.0,0.643264080714
60.0,-65.0,0.642357000124
60.0,-60.0,0.640689500722
60.0,-55.0,0.644007273366
60.0,-50.0,0.642866203481
60.0,-45.0,0.641058224484
60.0,-40.0,0.642904853553
60.0,-35.0,0.645481446242
60.0,-30.0,0.645683300557
60.0,-25.0,0.646043027832
60.0,-20.0,0.64668996246
60.0,-15.0,0.652772610871
60.0,-10.0,0.654843358752
60.0,-5.0,0.649357624861
60.0,0.0,0.655147484436
60.0,5.0,0.656863955636
60.0,10.0,0.656369961916
60.0,15.0,0.659453797828
60.0,20.0,0.663737894039
60.0,25.0,0.660080544318
60.0,30.0,0.658574276896
60.0,35.0,0.65653478221
60.0,40.0,0.651198978744
60.0,45.0,0.648975209808
60.0,50.0,0.65002979991
60.0,55.0,0.646223719499
60.0,60.0,0.645240841372
60.0,65.0,0.645359541616
60.0,70.0,0.643462768282
60.0,75.0,0.643711093788
60.0,80.0,0.640984529584
60.0,85.0,0.64203511318
60.0,90.0,0.643329050204
60.0,95.0,0.646082645868
60.0,100.0,0.64559429331
65.0,-100.0,0.644054556609
65.0,-95.0,0.641277076496
65.0,-90.0,0.642781950261
65.0,-85.0,0.64221178763
65.0,-80.0,0.644181123676
65.0,-75.0,0.643991586928
65.0,-70.0,0.643119240523
65.0,-65.0,0.644513585578
65.0,-60.0,0.641476055385
65.0,-55.0,0.643024918527
65.0,-50.0,0.643244456161
65.0,-45.0,0.640508448863
65.0,-40.0,0.64343057626
65.0,-35.0,0.645081166708
65.0,-30.0,0.644140493131
65.0,-25.0,0.645330564906
65.0,-20.0,0.648611294063
65.0,-15.0,0.654549142758
65.0,-10.0,0.654546727139
65.0,-5.0,0.649442362369
65.0,0.0,0.658507881598
65.0,5.0,0.658172018644
65.0,10.0,0.658568543849
65.0,15.0,0.656022519304
65.0,20.0,0.660068818423
65.0,25.0,0.661613083587
65.0,30.0,0.657020182541
65.0,35.0,0.656163731996
65.0,40.0,0.648412832373
65.0,45.0,0.646732281197
65.0,50.0,0.650699271248
65.0,55.0,0.648860151576
65.0,60.0,0.646051191191
65.0,65.0,0.646947089096
65.0,70.0,0.642140473229
65.0,75.0,0.644159891605
65.0,80.0,0.642442423069
65.0,85.0,0.644937978409
65.0,90.0,0.642984761019
65.0,95.0,0.643061606949
65.0,100.0,0.644054556609
70.0,-100.0,0.64542331663
70.0,-95.0,0.643414715905
70.0,-90.0,0.643316865713
70.0,-85.0,0.642296757814
70.0,-80.0,0.645006216155
70.0,-75.0,0.648158235219
70.0,-70.0,0.645590554693
70.0,-65.0,0.644980842886
70.0,-60.0,0.645141858284
70.0,-55.0,0.642667632916
70.0,-50.0,0.640337735112
70.0,-45.0,0.639542959924
70.0,-40.0,0.640278811885
70.0,-35.0,0.641544436763
70.0,-30.0,0.642821284205
70.0,-25.0,0.646521991446
70.0,-20.0,0.647642906456
70.0,-15.0,0.652189293313
70.0,-10.0,0.653936614521
70.0,-5.0,0.65267863627
70.0,0.0,0.65667520222
70.0,5.0,0.655796117499
70.0,10.0,0.659153969601
70.0,15.0,0.658588722242
70.0,20.0,0.660067221385
70.0,25.0,0.661057455417
70.0,30.0,0.655182021494
70.0,35.0,0.649267158384
70.0,40.0,0.648391451725
70.0,45.0,0.644772156745
70.0,50.0,0.650135415801
70.0,55.0,0.64938263554
70.0,60.0,0.646097924315
70.0,65.0,0.645057245487
70.0,70.0,0.644401755268
70.0,75.0,0.642302888106
70.0,80.0,0.642193734734
70.0,85.0,0.643986888212
70.0,90.0,0.643668937082
70.0,95.0,0.645330913513
70.0,100.0,0.64542331663
75.0,-100.0,0.643491659867
75.0,-95.0,0.64069248806
75.0,-90.0,0.642624935666
75.0,-85.0,0.640731830666
75.0,-80.0,0.641851245672
75.0,-75.0,0.648720480773
75.0,-70.0,0.644505037533
75.0,-65.0,0.639262561065
75.0,-60.0,0.642243368711
75.0,-55.0,0.639354014533
75.0,-50.0,0.639774624089
75.0,-45.0,0.642149374878
75.0,-40.0,0.645730673041
75.0,-35.0,0.641317489263
75.0,-30.0,0.642182028991
75.0,-25.0,0.644557229603
75.0,-20.0,0.645908719052
75.0,-15.0,0.648784995566
75.0,-10.0,0.654730763311
75.0,-5.0,0.657060253508
75.0,0.0,0.659480586549
75.0,5.0,0.65601795726
75.0,10.0,0.661526004781
75.0,15.0,0.664727055729
75.0,20.0,0.661285078521
75.0,25.0,0.660394362189
75.0,30.0,0.652030377223
75.0,35.0,0.651886507577
75.0,40.0,0.646988011923
75.0,45.0,0.642449500625
75.0,50.0,0.645862353437
75.0,55.0,0.647058324879
75.0,60.0,0.642497160221
75.0,65.0,0.641790286293
75.0,70.0,0.642912710395
75.0,75.0,0.642981237468
75.0,80.0,0.643020535106
75.0,85.0,0.643963211675
75.0,90.0,0.647001379216
75.0,95.0,0.646012526162
75.0,100.0,0.643491659867
80.0,-100.0,0.645153399707
80.0,-95.0,0.642870286992
80.0,-90.0,0.64353574499
80.0,-85.0,0.63952861384
80.0,-80.0,0.639488070397
80.0,-75.0,0.643630724757
80.0,-70.0,0.644392226108
80.0,-65.0,0.64120391119
80.0,-60.0,0.640647717075
80.0,-55.0,0.637984731624
80.0,-50.0,0.639052130124
80.0,-45.0,0.640169147265
80.0,-40.0,0.640898774208
80.0,-35.0,0.63974819941
80.0,-30.0,0.639684118634
80.0,-25.0,0.642369097812
80.0,-20.0,0.644666694049
80.0,-15.0,0.648095368675
80.0,-10.0,0.65122654935
80.0,-5.0,0.65650497288
80.0,0.0,0.654423166235
80.0,5.0,0.653417776674
80.0,10.0,0.658329316549
80.0,15.0,0.659680224701
80.0,20.0,0.661759957733
80.0,25.0,0.662564839296
80.0,30.0,0.656750901195
80.0,35.0,0.652256530903
80.0,40.0,0.644629539301
80.0,45.0,0.642178147551
80.0,50.0,0.645492727381
80.0,55.0,0.645228413044
80.0,60.0,0.646588452104
80.0,65.0,0.645515246787
80.0,70.0,0.643732406738
80.0,75.0,0.645376979847
80.0,80.0,0.64480686398
80.0,85.0,0.648073173268
80.0,90.0,0.64560320738
80.0,95.0,0.643473760745
80.0,100.0,0.645153399707
85.0,-100.0,0.644220337662
85.0,-95.0,0.640538751074
85.0,-90.0,0.637984685998
85.0,-85.0,0.638923865657
85.0,-80.0,0.635698220567
85.0,-75.0,0.637599167461
85.0,-70.0,0.642692837111
85.0,-65.0,0.642793299946
85.0,-60.0,0.638456280999
85.0,-55.0,0.63576204594
85.0,-50.0,0.64107756158
85.0,-45.0,0.640985404192
85.0,-40.0,0.638492350652
85.0,-35.0,0.637565224666
85.0,-30.0,0.639053150759
85.0,-25.0,0.641058263926
85.0,-20.0,0.642890172188
85.0,-15.0,0.646160268091
85.0,-10.0,0.651743987566
85.0,-5.0,0.656200373947
85.0,0.0,0.655986543222
85.0,5.0,0.656874173927
85.0,10.0,0.657857035995
85.0,15.0,0.65834697954
85.0,20.0,0.659188198236
85.0,25.0,0.662292853524
85.0,30.0,0.655198046803
85.0,35.0,0.647814094395
85.0,40.0,0.643595634333
85.0,45.0,0.646827605298
85.0,50.0,0.642877607087
85.0,55.0,0.640633406335
85.0,60.0,0.644414734952
85.0,65.0,0.644058390764
85.0,70.0,0.644757430222
85.0,75.0,0.641869753916
85.0,80.0,0.643322816571
85.0,85.0,0.64526182938
85.0,90.0,0.641703079546
85.0,95.0,0.641196147242
85.0,100.0,0.644220337662
90.0,-100.0,0.642755197506
90.0,-95.0,0.638981876406
90.0,-90.0,0.637815855233
90.0,-85.0,0.638058195725
90.0,-80.0,0.63874487006
90.0,-75.0,0.640125442645
90.0,-70.0,0.638437873438
90.0,-65.0,0.641429885299
90.0,-60.0,0.640297362534
90.0,-55.0,0.63403900373
90.0,-50.0,0.639463064654
90.0,-45.0,0.642416122756
90.0,-40.0,0.641463101987
90.0,-35.0,0.638752225926
90.0,-30.0,0.638379636245
90.0,-25.0,0.642836434931
90.0,-20.0,0.645276057097
90.0,-15.0,0.648321215117
90.0,-10.0,0.655247386397
90.0,-5.0,0.65900328654
90.0,0.0,0.657881978743
90.0,5.0,0.657930407563
90.0,10.0,0.65862232931
90.0,15.0,0.661914628319
90.0,20.0,0.661168201761
90.0,25.0,0.657873805833
90.0,30.0,0.652456817963
90.0,35.0,0.646874836512
90.0,40.0,0.644597107576
90.0,45.0,0.650434013697
90.0,50.0,0.647046429965
90.0,55.0,0.642629230347
90.0,60.0,0.643159278742
90.0,65.0,0.643977560344
90.0,70.0,0.644706412704
90.0,75.0,0.640578991908
90.0,80.0,0.641880602928
90.0,85.0,0.6469360439
90.0,90.0,0.642309437605
90.0,95.0,0.641172727809
90.0,100.0,0.642755197506
95.0,-100.0,0.640549555483
95.0,-95.0,0.639719983116
95.0,-90.0,0.636999697884
95.0,-85.0,0.635068125734
95.0,-80.0,0.636692440153
95.0,-75.0,0.639410154554
95.0,-70.0,0.639931859638
95.0,-65.0,0.642705104752
95.0,-60.0,0.643481281544
95.0,-55.0,0.640878227946
95.0,-50.0,0.640747454887
95.0,-45.0,0.642094877271
95.0,-40.0,0.644041856385
95.0,-35.0,0.641375471011
95.0,-30.0,0.642098748645
95.0,-25.0,0.647628017302
95.0,-20.0,0.646612977243
95.0,-15.0,0.6509438217
95.0,-10.0,0.654101824565
95.0,-5.0,0.657927276385
95.0,0.0,0.653895492779
95.0,5.0,0.652470050057
95.0,10.0,0.654178687312
95.0,15.0,0.658342788134
95.0,20.0,0.658535220263
95.0,25.0,0.65513816415
95.0,30.0,0.654444295068
95.0,35.0,0.650208019662
95.0,40.0,0.643842723104
95.0,45.0,0.64746681404
95.0,50.0,0.646307280781
95.0,55.0,0.644333264583
95.0,60.0,0.648172382436
95.0,65.0,0.64575049823
95.0,70.0,0.643480224071
95.0,75.0,0.642225268069
95.0,80.0,0.642634698976
95.0,85.0,0.644758835653
95.0,90.0,0.642592454863
95.0,95.0,0.642168338622
95.0,100.0,0.640549555483
100.0,-100.0,0.64143964803
100.0,-95.0,0.638220765714
100.0,-90.0,0.637142168823
100.0,-85.0,0.636037514705
100.0,-80.0,0.635167849302
100.0,-75.0,0.641405004342
100.0,-70.0,0.644186338461
100.0,-65.0,0.640446797639
100.0,-60.0,0.639743515105
100.0,-55.0,0.639775184826
100.0,-50.0,0.640776142597
100.0,-45.0,0.643124946147
100.0,-40.0,0.645608570598
100.0,-35.0,0.646718435374
100.0,-30.0,0.645683642827
100.0,-25.0,0.646217708927
100.0,-20.0,0.646465594163
100.0,-15.0,0.650848369133
100.0,-10.0,0.656155045266
100.0,-5.0,0.656313457036
100.0,0.0,0.654585301331
100.0,5.0,0.652697353232
100.0,10.0,0.655870963425
100.0,15.0,0.657528436043
100.0,20.0,0.654454704559
100.0,25.0,0.652492741754
100.0,30.0,0.650411345052
100.0,35.0,0.644520546197
100.0,40.0,0.644419213449
100.0,45.0,0.646416727757
100.0,50.0,0.645043239718
100.0,55.0,0.641009874886
100.0,60.0,0.642755859632
100.0,65.0,0.64335511924
100.0,70.0,0.644825784346
100.0,75.0,0.647320095258
100.0,80.0,0.648016849361
100.0,85.0,0.644404947123
100.0,90.0,0.642939723727
100.0,95.0,0.640489917168
100.0,100.0,0.64143964803
