339.309447197573
321.609159953206
340.5379388844
329.736039086808
310.622222428034
326.115793565251
337.539419465018
325.210325846705
303.058423028455
315.653707510752
295.957918778656
296.942910917375
348.057317567211
302.470934660576
289.243460307269
316.311579159353
292.191825865557
334.12519786291
308.413022266146
292.900232339064
346.595985575739
274.602144736762
311.841679275589
307.161604039485
302.677368689302
304.520469617546
350.673698079397
334.211969566945
307.806664702745
298.497224019504
277.550848477814
353.061123164759
327.647762444376
311.962479814144
280.560591990833
319.264223904922
297.849357519709
339.762863581389
319.720209204179
320.258481763848
338.555742481048
282.961294357156
289.857170309409
298.376539529975
331.282437628053
347.560481989147
296.850998222727
287.53939803385
282.980391916426
333.713072035479
294.639224659944
319.450717706817
311.110637134038
308.739439454309
286.545662607531
307.637554412464
316.919609314947
342.618713151351
292.89569897671
349.617998422148
352.780790206391
292.977654647329
331.699581623524
356.134796829523
283.864738772981
286.690935213406
303.867335803336
312.82341362119
304.762963488676
320.410545763456
294.257643369079
291.147544553404
325.226863089421
328.220138247691
273.316133675194
356.489137187268
285.033868932612
322.428574865533
346.030116763443
321.842351884991
346.727340861756
331.068748092096
331.546525171938
291.105854475754
335.417607177367
281.929264438205
324.777198437318
320.301833067952
337.86480786088
280.703998894275
283.77034298732
285.745516588615
278.938368701572
338.337219870978
304.20730527334
349.08170790231
309.320842924565
307.0314297373
276.111542163568
302.204766417051
333.436755029391
311.361963069691
331.247066435367
342.898529786148
327.620647797831
289.304710260506
328.038169329161
313.418404691716
343.117433289253
355.187610336774
301.44367531625
345.479443711764
327.956536925634
299.35271182786
351.278222879846
310.368699043433
309.530696682211
317.2181487287
278.960454796827
310.80104266844
328.370321115533
318.296072766964
316.37002910349
282.899362530734
287.796213540291
351.212014588204
314.07004531235
297.086379253404
299.082493902562
338.669320730846
295.903759457532
352.770268102205
320.222605434842
342.513288973742
350.021919663511
275.980818513382
301.978047752047
317.40957454611
328.061674353648
300.801000775994
355.286186420495
346.903519481504
352.46389369648
322.537145502426
287.277663091684
314.819991523221
317.920623057818
281.648262023533
303.989716981929
334.986729713899
329.515318801383
276.419755707002
318.100591770046
307.235505838842
319.681166885741
346.159378384515
327.102832591007
314.103377376673
309.763165096853
290.945528797778
325.629471578769
315.398992710538
318.625856795333
294.974926262725
313.144042810905
302.83879559314
288.395050383707
342.894803569283
342.003372189019
311.513032309163
338.704376025783
331.526315263469
323.504949752757
298.38614527838
307.413057372828
334.981051156575
279.142429489249
275.29034565021
289.293801604293
342.421523023909
316.327914848026
307.432994929701
307.191532492273
324.393714086252
323.118184245626
292.774315946942
339.037044141573
323.750049379314
322.267814852288
314.597435972304
306.227837412409
343.665195645475
333.868493834649
316.026990106823
281.189428621488
335.274644897955
273.814780178027
319.17455792614
300.621213795612
277.382207242105
314.437413992763
306.493921364375
300.9361720995
322.55307948939
307.517107211884
315.110269161521
334.15185075387
351.232842638432
317.357266596687
327.451834251856
345.454154843625
337.206780418076
319.324259613859
324.108217733566
330.118198981058
340.817883086568
355.574542464591
356.509017800119
352.931884205739
349.729484054757
358.827061606264
358.985396459173
359.313529738805
359.285337438744
357.061889557167
358.736511670217
0.250705300404407
274.671116779723
270.36041663983
270.964414751777
273.376738990455
270.651783081458
270.494453565324
271.010181219979
270.498151022279
272.714073460422
282.14993180452
285.436949242843
280.369659969753
274.806815712873
296.445487389979
305.201213264809
310.737305002818
292.944303062012
289.092908964122
301.498722912845
313.124892101965
0
314.999788018515
270
0
