276.479895297066
349.172900596989
301.579458911263
275.085153344397
280.192164452844
306.48233302996
322.8871963402
338.313946555379
324.293729953557
284.230877136368
321.997095521515
332.078772779581
321.582987960471
273.483661865365
283.007597336109
292.389015372919
333.208966954169
281.796665893907
310.692255564062
290.537107556746
349.248201790139
312.909847389076
273.403522752419
296.213245652159
274.543737888381
293.29936971615
340.077795241842
333.07804029622
310.091050086431
341.408077786261
323.444610602184
294.724249905836
319.674347301781
325.979670753294
288.436256612245
355.687591980903
355.69369436462
310.379149797391
339.197681448687
314.205120507672
313.419348350134
286.368165221519
324.754875864773
304.079034802589
306.279833387986
282.469170017714
295.011361556449
316.241697366929
279.387276689814
291.074153835784
312.061432151666
282.811227012895
336.485569797174
303.127438564891
290.427566980338
322.237153973778
314.366402100164
347.062119998672
348.364872906349
321.247047565664
320.272494165989
327.971630024198
289.859227003956
319.159517124846
285.846305836233
316.862858426109
333.438137182267
355.273406485394
309.032964069961
318.887529255947
309.854213786669
324.56681616841
309.335597443405
310.064699951802
337.949299153457
312.607565234707
334.742062348923
290.857804520138
297.734593281685
327.298253155282
333.168572557374
306.238975141219
327.834357417404
315.49266134363
295.287903982224
350.22714114385
342.40823439844
318.4359412469
303.974057150185
351.473801554481
328.347607140946
318.504627246262
335.868570798749
331.1561010649
282.207074794853
278.625640636652
296.85881656386
279.452690206368
342.302084963245
344.206656999935
314.262113102058
339.817530704096
278.056637926679
335.99091142599
345.197967592585
303.719798508054
299.674945611757
326.343459472523
341.93437886386
350.03325300627
303.61564125096
355.143733341409
321.096805308838
287.500318663822
309.135167287377
321.218396689369
299.697057780462
341.577673723299
299.086499073396
355.839204962448
308.667338582182
326.098324434698
342.252987921899
344.056926088445
331.782674539945
314.138627442341
338.078976744794
300.99458931525
315.669303371833
286.746972730555
299.686571069098
316.796103044863
293.924742583077
320.476530552868
291.891073486103
347.772377192092
318.791495713016
308.409276991398
317.612641045871
349.128188038516
352.443710816866
285.570471573169
325.804013528011
315.005811958501
352.870941097815
288.546701343432
339.164975063311
331.450149616887
329.489194481442
307.159148802665
276.366518529892
345.552096886769
279.385663440955
320.518512517747
333.814455471805
275.629359651612
354.803801902306
351.113623405954
299.289668759933
307.529489715633
305.237981319766
279.124446944226
283.135050655574
317.574680129591
314.173776502134
329.800972606605
326.537141830603
286.639426966375
316.470066291428
303.778195905242
310.777199371811
316.914451556983
301.701294693365
306.151912958799
274.472490763869
330.108690116872
283.218521789479
351.173830179335
323.100157441429
331.334623114272
296.723980475989
297.078909152971
337.248436236637
336.601717872586
346.70684940648
314.991891195137
308.912573118727
311.075806575951
337.512987955643
308.802387616441
326.456442658386
315.554690143884
356.503671957684
311.376121658161
288.260197491419
312.652218589091
328.940484045979
319.384998921619
292.280047181948
344.648213836073
290.094379957706
299.600837925217
295.1191285783
328.81274590894
346.468433853169
296.690359558807
303.605959489021
296.034822197005
303.298759011259
347.905036803716
330.123351190056
318.932892492193
334.968397050446
324.987308028796
339.9144014358
321.813751831759
343.465587017947
355.388524597945
359.352494178719
0.461573394133423
359.86389546755
358.83458215096
1.17026513580056
357.981868662881
359.719130748763
0.0998676719323965
353.344148679126
272.541672002773
270.689578343538
269.918645803454
269.29991676685
269.199264686264
269.998895462862
270.215740656032
271.679216855928
272.45688468102
305.927987813613
284.29256031794
310.261293396822
296.255085507182
302.035473106964
277.687477704063
287.704641971006
313.0350146166
273.746077574048
0
315.000738624836
270
0
