336.946495349915
316.293174289244
342.69869345527
313.26729637904
294.520177524415
327.584463459329
319.718689805538
327.943030905959
319.978571418013
335.446653352955
334.850821242656
316.383137320329
277.857585543779
345.284501924234
297.94566658796
295.133427187315
304.619381924808
335.907731231048
272.684349378289
324.127294033322
302.792704150172
293.830590844791
344.848932958861
323.95409054234
316.972231998739
299.146135158322
308.285170003964
318.568722609333
300.458966132751
302.835336543407
296.416688475826
352.454165882046
291.344967185375
306.507551539533
313.491305763668
283.022568667515
333.046707348077
299.18244381303
298.817703791226
324.318031597779
350.555769967258
283.541374597398
323.703729973702
326.549291614337
273.377856068225
347.347195801892
330.771813898498
295.057283871938
296.477003279784
350.278896434111
356.461939202575
352.98659164343
288.616696522357
317.562610817823
303.398961584824
311.610980079675
308.682310985435
331.25129170565
313.318392900283
328.754553263684
341.057187595029
317.686826368967
286.218935109511
293.394269945363
355.531254495455
344.244170220535
315.009959486168
312.347207588245
343.119364837828
332.170024192501
321.473739318901
349.012504173905
280.138279864728
352.977163875485
349.907335047367
309.392683512871
321.654909542827
339.379696152855
291.132608525231
319.121162991222
324.694022449216
331.222506443208
312.090052029275
285.696348444138
290.698778395802
292.098860086889
309.356465184912
333.968662921654
275.283132639714
305.30372273706
316.049177820159
283.907845065967
326.153348880371
312.690741381787
317.294987682303
355.512679576097
308.814407601848
321.090301180926
281.891842104278
324.129900881829
352.057855698625
300.651301708704
345.487166502275
288.659621761323
303.159383157471
314.249144652003
274.43299058017
328.495826444736
315.504892829341
321.32767162082
343.679586017989
353.542853194935
321.358896735666
323.266500513924
335.999717527508
303.14543823894
353.618488387922
310.520236493353
274.735340157871
310.173019183121
304.621979948348
298.824847882103
349.845537893842
331.407687095495
319.273697843198
279.956595384565
338.187597469792
302.586898330047
316.70438849881
292.205703496479
334.41495426579
277.360200230376
329.173664091012
303.863304439261
337.919712391803
326.722165835428
305.651848285621
334.8937774977
327.400051601616
296.098807136313
309.285702558877
348.298821567496
287.789122594511
286.998125627976
334.929646279989
310.473136330877
320.19611826555
314.130698614977
317.597621224788
318.23869157092
338.720919203319
315.462539894703
324.770372914341
335.65619312188
309.826420980308
345.712797231177
283.382631102293
279.737986347708
345.669313504186
275.678142457918
334.045382371143
301.26118745734
337.681237157264
312.51814786962
320.34247853892
306.722228174635
312.852908183289
293.433047787233
276.033079569339
302.470589741454
289.798425291522
357.259790104733
329.313282404667
309.122093565428
305.521627864801
288.678659256701
333.671642692313
325.353754808012
272.59692407566
311.704921990347
342.650427760522
314.856804915269
296.811813698182
281.588049396033
286.582779562983
274.053376767984
340.418902727406
295.647166836943
341.212653924726
280.279710692446
278.707129525598
287.044048191949
303.32511019082
278.822045067359
287.866036779076
284.172642420647
348.784388518682
327.433645186057
300.212846236722
276.988892958308
303.562609445286
342.469607180272
306.474328456084
280.833996166437
316.658125037656
290.609301507954
333.787762807354
293.117402420317
347.36978729017
320.243820358546
326.87495990058
354.798235743341
334.203142686194
317.37431737685
323.036931139639
340.157699760755
343.634896564802
329.439917736777
358.763536342569
349.971340289141
357.086380567413
359.54291070533
359.29845609518
0.176892051187921
358.996527367702
357.909668857725
0.24169895859594
266.027457943081
269.729755795163
268.605148146852
262.935947033692
270.092581192257
269.186549100673
270.14631850667
269.19527492428
266.513398982514
267.946833831389
306.048553272673
273.719679129783
280.384864134777
301.727880918184
308.692635679693
311.994521339092
284.836057292998
293.243307549313
296.794806872365
0
315.000346466613
270.000002881237
0
