354.152610796204
307.112181427179
287.716788198556
326.604724636626
273.686460136804
317.11051936615
342.748330506202
285.199344183792
294.803603516052
329.238955557301
330.296205384124
274.087731875721
309.33683211677
312.904590638271
279.210563521889
306.11305889461
280.236123065208
330.345891014274
289.76771387736
289.534245495716
316.355164194923
275.944063954725
296.755043107236
343.644630805245
333.444950173496
338.056973845062
351.181172403087
331.922178879155
276.077729053937
333.529991543374
316.757118736211
319.506051059167
308.809972450431
353.567437613886
343.567046344168
299.649477262108
328.838535135597
312.608660607499
312.10650418698
319.993822314603
312.638155328706
301.853552751293
320.427203130075
336.682409631953
312.099892981551
344.122787121823
347.343020544364
282.418625682573
284.058178997742
289.041388791745
324.757095143579
321.956162122894
304.332062151521
327.548724553471
286.592717383636
347.974437157048
338.975102514636
357.279525542466
323.923745425209
305.729198660739
341.621698911096
346.144824419083
306.775991536514
328.917507400981
307.610438023096
282.648718675417
314.827649837127
337.926673808637
335.561566134376
317.924491372094
313.827610329126
337.029413869113
300.332324865094
285.684718348236
323.310520585928
327.018884133524
275.371084961591
325.972981240071
319.156478891093
315.688003177378
293.715362863694
333.424507873269
287.687699019763
281.481017414334
303.485186389227
337.264593988743
337.088287336344
318.014766784758
301.948929872154
341.698934879479
292.302634377958
326.35313749543
272.490077792959
317.636978826087
322.198254422169
309.182537152354
296.716866471923
300.788306359421
304.580854959846
307.008914625923
281.483248276584
278.77986458954
353.256163949196
305.553584093328
308.975145426772
330.136545911594
332.845723190321
344.574633606506
316.200768797451
314.221252462156
350.291316392291
285.791216874203
300.808695589275
309.655400883531
276.935373604898
332.907265107118
313.339685375116
332.991429561432
356.102094235178
323.077338031913
344.402004647996
300.729325990672
294.735594831848
302.565948156576
289.731242813138
281.660908353483
314.137631927433
323.651928816992
312.057075522774
326.756583347341
297.420307424503
306.200903361207
330.958341189039
314.260550637807
357.790677845269
311.405915383455
280.876143273648
288.761955638036
297.596723822085
298.492274198816
292.922123634169
329.623956652464
346.340994113039
310.807041049797
320.936472992917
322.944039111649
288.829620634703
300.036876882869
326.351566424283
319.728675198945
318.141075698755
303.815696199016
295.115088766952
315.928196916284
277.603488820308
350.480262127323
313.59190573235
337.613415702779
290.907227267384
341.310641831065
347.963819400456
342.106499663203
355.393204852183
352.248207569458
349.573654631726
319.165795717762
272.954358592578
343.647106419865
296.179793858288
354.133781467002
336.043369470546
310.701097107536
326.469506257794
285.978134389115
285.307508800934
355.114862094538
302.202686653333
343.78146711625
356.077772418645
313.444546727939
277.907951928999
345.169029511333
293.260168406186
325.464314426943
337.683537656396
352.738090108914
351.534971175257
306.221412209116
298.019280605194
348.115294175905
321.204737468314
295.064765468927
320.826827255185
285.879274687839
330.208843968718
275.906262053261
318.584178803913
273.779334282247
322.55214546415
310.63930900872
355.348129755994
280.793938172076
316.850303427955
297.836386407112
310.204369134256
331.051827279642
336.011623326698
348.036807813
329.019655356131
355.998363528107
343.928696066365
325.9291758903
321.756437925505
316.78120052572
318.235677666157
340.23751638645
1.32908663537089
359.950732995352
12.7691285305388
3.26163673946851
1.38071342434783
0.495799782068086
0.756483946778056
4.55596962497927
0.944363933488878
3.14470483508883
2.41856900960902
268.529122954874
262.989765164569
268.785664681529
269.024328496042
267.339845161976
268.56055871349
269.532199580815
270.018891387503
269.043650904567
267.83651315328
295.908360445514
309.933342972054
275.217235304508
282.62132946616
308.357123754516
302.224058682787
312.287134578505
290.141158548197
305.478600879892
286.767172230105
299.869086913513
0
315.000909047971
270.000002881339
0
