320.350682621284
320.542140961783
312.775907963659
322.635830958351
313.024594103569
335.958395623977
286.90625520686
345.669635587655
336.07406819747
329.299067547972
302.67033362531
342.291320454467
288.964459793789
293.635777844371
283.308310859501
305.744165436858
344.450289386863
299.925490409304
303.569849253615
323.447389892607
315.550453277373
316.515399272212
351.885723374191
311.307222065352
274.036242992001
345.021800057666
323.027738492527
332.719036927444
280.111448695924
319.162690021329
293.380532807757
355.621533475243
315.045718220123
298.142810306181
281.626083287942
314.626542662197
311.165397506618
353.351240313721
337.793973002381
319.961708933884
305.566896472043
297.00784275408
339.686926334963
288.489009295057
333.921796087554
311.587298684687
332.323404740599
333.903161873163
341.438399009049
333.094605741591
285.744055936327
320.611994886763
356.155816684267
308.725418102622
303.465598293581
347.497357725552
354.306288343892
281.892798486898
284.245546868259
355.473514102334
332.296744858702
279.432235806761
297.424619193956
346.194224670779
342.577560831618
340.234135784996
304.765899076503
297.828567511586
304.690809250221
320.478660022512
335.46293505214
297.672386001525
305.896374599196
298.531374748357
313.026089135737
331.67090135103
329.881576317253
320.227139892671
310.933078385362
300.667461371566
278.715809422959
291.104528825294
283.646494175854
307.181319156823
309.13484837745
293.497254367352
279.037518918252
328.745398013785
288.539627665204
336.206714414587
334.583841131701
337.281343083262
323.446382347046
323.756907151759
314.258635289734
276.688249544305
321.436709151696
317.153307442372
353.338195882932
302.355788264419
320.073019791191
349.648870738933
327.589380023429
338.512063697928
346.621929301542
281.986066155973
348.305741374827
300.303569972488
285.856868333516
295.576169546196
304.078142396721
341.815616807544
308.386483372584
277.770054292215
339.744046024098
347.068372961284
306.169160752965
301.07556678619
324.647975568455
288.489355975438
291.369362283211
290.558633036296
323.366835024585
306.494052861674
341.938312550942
320.191768824349
315.435691246696
326.246409037086
356.587485106103
290.380719405334
275.363737798144
338.79819253026
274.380122662452
276.799288753728
340.818691960312
329.596614958072
351.405287554616
290.867866980948
311.581853788396
298.193689826024
307.557996466005
326.960556223267
317.834206432255
330.898922473778
328.784030949877
331.741497154253
297.253867004661
288.046207471932
290.723921231545
349.157367201937
317.986968592386
338.050123761431
295.304127779226
336.107573727473
354.612872443927
314.22705948791
312.789757078429
273.707740440775
332.598500069918
307.588990300547
344.242880467122
316.950721458079
312.573305848298
347.319103326903
277.926574129337
323.909861073217
325.780670544522
314.847137088594
310.541086101862
306.162705150363
323.02048873572
337.131711396715
313.838224513492
284.493558903766
330.280957508773
325.79560708211
358.172000062049
279.073741319711
326.18405678083
301.413977624548
295.349283642448
317.157773179055
356.582216042001
301.03710570243
281.098521503674
348.591571796676
357.187436108829
290.86418095584
350.872544953709
326.036646534304
313.781254007088
353.429744078835
283.791545947421
352.94532188627
313.29127391489
292.381071020531
317.156549640538
274.23008057854
281.931025426457
316.735163453568
326.616704943888
301.264107214523
330.566623088674
285.05743687091
316.412344719186
273.955799317522
305.542031416584
316.014819547416
323.831638736041
329.851227544305
349.465857373733
345.595274930341
317.935451237541
355.113803792433
320.138723471731
332.851647071567
340.006312014598
1.33159624502286
1.57092274574308
6.10913611528088
0.899023685566476
1.31770016449803
3.48979197199926
0.715479404212578
16.8475286033272
1.85423722514804
2.28656083343032
269.92323472059
269.845072068052
267.588845531619
264.729746654355
269.990922378357
265.99132946862
269.685812651565
270.367442643747
268.06087875502
299.023844131481
285.946017234154
277.298500714567
308.001424170285
311.082238827738
290.93716767979
313.103072524867
273.669797496237
294.416697776655
302.815741079162
0
314.999540811354
270
0
