327.313666364856
287.467281706747
351.867005169453
326.742937036654
303.824150628297
307.992640325651
314.240200498735
341.949196045169
335.554334481605
323.156279892529
312.571174503538
322.499185362532
301.505134961244
340.943733491101
322.839403911187
353.149082932254
336.890375545171
331.451105955393
351.191893519005
310.272731854352
342.737566973611
318.698680852464
315.118661102917
314.894563472338
317.422719897414
280.682784689636
343.931774046157
296.524716200314
316.679644583941
272.837415879945
319.261322850323
313.024141268042
277.275024647541
308.198787675733
286.320405979173
297.113165352034
278.952785544164
337.051168988577
334.246170451861
289.828716812461
327.156140361183
346.824367424586
275.087528242983
306.948560840189
290.212177591286
340.092589458007
329.879823702795
348.075681931524
350.072347192711
333.487965504114
317.847958513167
322.382341795917
313.19321602986
322.382965595943
301.894422475966
326.374526844131
281.869826565574
356.518517136555
284.887270223395
341.709476320816
344.577004098035
313.031376543324
314.89727998295
350.569854468461
274.72784862616
302.693907233119
340.637183025073
342.681453154799
290.206180872918
292.108753363503
306.590839313764
337.031538117222
298.09737403429
319.444656547817
292.67978722775
338.336195741465
296.53026481288
311.819137642893
329.495834190063
298.856467619875
296.751663337627
318.8010090286
314.302027470322
302.716875186723
321.853189566179
284.44737291142
304.688650591863
326.122719784988
281.122400811094
355.384864129325
290.542199855917
318.482766177152
316.083126472943
347.479605627699
302.686896350026
311.990511635439
315.326636226052
310.007277799427
280.903786795791
318.194316530917
328.141264837677
348.633445698212
289.457305769119
336.668707177514
282.860458091266
308.765557330884
344.43936337612
328.624437982263
290.352074664086
312.242114911693
295.961082809702
329.980835444174
357.654621427068
326.724489357854
331.098393289985
346.335062092961
320.578621069383
316.569042471526
325.959481254486
281.344278749995
303.781534488845
324.430021705538
344.961189128158
333.695647076506
333.141672151006
306.706066050763
307.551087469286
289.927456396772
310.890494308544
277.117048810747
273.52717225914
314.158046382954
340.751196194542
281.892951975933
319.965323016178
292.026068662672
338.428122091718
293.155813109313
291.645477011905
332.055909223658
313.099923031156
332.393735907818
334.811080068345
273.546814091433
332.402841174752
287.430830256109
341.367638561086
334.874644932573
286.283830702763
326.401104175562
352.8003114658
311.360076843047
309.815102463647
300.298292596642
353.332609361488
306.980760293357
297.426565253742
323.285285560385
318.15764290413
297.9312296396
298.381404292893
274.608136082013
349.431892143553
286.093793881489
310.459082737925
312.281555807307
301.482335927152
356.072886299831
306.500190445198
315.916169477523
285.632789549086
285.806156449475
277.507200046473
294.527522232025
329.716911371951
277.426852880679
309.406167016483
319.109292641841
303.370644958651
309.251848210171
302.113300363347
308.336062478105
292.246950905876
323.151540854882
303.775683142476
345.020660509258
279.816712629619
292.786916290883
287.841653664923
356.781734393892
298.133806747097
302.793804049526
330.20443911051
353.349462324228
319.600296116461
349.958436398976
323.682562573444
272.510405006777
276.530979654343
336.480728248496
297.586415480617
272.055655544935
284.294660131342
323.105637345994
315.829920685612
340.730038717349
276.921170302262
320.934281667615
327.199485530757
316.131499022121
344.022218690965
333.543008757498
339.594480370877
355.630227776257
324.671103624457
350.662500016093
359.57893246447
0.871353477584811
356.080684959601
355.919877807833
1.32442439400391
356.653857990535
0.668869999417446
0.687586723752212
6.6315900858567
358.856291984838
359.761078282975
269.355937518703
268.797017064191
268.695977180648
267.422355038386
268.852871746517
268.35042578606
268.757001281696
268.737946986454
270.033150974196
301.138779167404
295.64966164229
286.981821300602
282.683229637286
309.302141158112
276.600739696573
311.765737327779
299.029665111046
279.992636180593
291.58285624952
304.913914069681
359.999998521221
315.000772032082
270
0
