322.146239500041
276.371145949822
287.021909100118
339.346130627292
301.677145236303
319.941655111003
342.693831210516
328.367936052892
327.031044863941
305.68679720041
291.109877587584
335.983852536443
319.931061569046
339.268726059457
292.166731126089
311.840143054978
320.35634902743
304.916063105868
280.803868788259
316.438283171073
352.244179056955
276.56393159246
310.678985938056
276.407439613602
318.201988991207
307.279931919149
321.602804366272
278.671061839217
310.383543495624
344.761365856507
296.102576489353
302.257529010436
291.49489158474
356.185981613759
353.562286371186
325.135237247281
345.598291768016
330.846471005044
330.140486923713
331.673067754835
296.015803027978
286.144279440479
301.103954883225
285.098891843036
316.30653646817
309.812292398047
299.989673676839
338.369859536983
336.707563010611
329.348196924914
279.438539852375
339.78528611593
350.966995769058
295.351473011447
340.174063197972
347.317704339973
310.351516570151
338.242056430527
355.640495020025
324.263720475069
308.193138637542
337.818143222851
318.124218526997
289.293494578153
352.987997919654
309.871095385344
335.055816135679
292.805388836194
303.405800374473
357.466177956442
298.81075027133
313.586623983562
349.305954765484
329.972524513414
347.169122945134
313.26405387021
324.280881278005
298.460792627567
322.16188807086
317.415800407388
285.277364534614
287.471073303134
322.437509910222
282.789061462671
318.244762496532
325.304386458851
274.232855522892
335.981096234708
320.771492931432
290.925281023103
347.011173765894
300.883557799979
310.712316259843
343.236307810447
323.63292859658
343.981797136625
343.214821246113
348.363054893519
308.816700194055
313.3869246458
325.967547114812
332.567488761667
345.543475512502
315.128528137419
343.469903571967
331.511661261625
335.204611411653
319.328150477857
300.089064061687
287.197230953648
357.077246290739
311.132957652924
326.253677785297
305.413674682594
313.147626442676
280.981178305304
287.001229009987
310.304538333771
299.878224384264
301.338352210537
356.425665210824
317.85921647208
321.967797075673
292.935302349138
314.234915644293
296.529108653154
317.089503082609
316.60072889224
295.606392610582
316.243001926098
310.446042445081
276.172339447422
304.722655400132
312.526464395718
296.257671700896
300.516000166785
330.498085341497
283.117446628019
308.907263266512
338.898964088377
283.170015804536
305.459098487626
331.949853950104
319.21332974843
320.571479159996
327.892479448982
305.280140877877
281.272873109024
316.449380103707
327.371523846956
304.092757454222
313.689804246835
307.490365759264
289.056936675115
339.13314372941
295.610942512386
334.554843622801
314.865059788572
325.21756280055
355.301094322909
290.672646626683
289.358836044978
334.94655730438
338.307085268591
317.186347698305
356.281078064741
319.47105507079
348.834952195303
353.115584519866
283.602129444968
321.997011118953
336.363660543564
325.457280964214
295.03489145065
331.279782181581
279.563901977746
297.871485921689
347.379648311543
315.828732415521
315.88788434657
349.664365829427
304.221341034485
351.68567975017
343.565636128558
300.598358521816
298.332377881439
299.760791537784
313.938371276141
324.810670566789
333.107963535424
323.73372455251
327.424651593211
356.268043371362
275.097646547476
324.380224399411
306.428859487514
286.505775497074
312.559920128035
329.114420060718
308.325519013733
304.691202175928
337.451856349808
349.897722020424
283.266239659407
297.263491547476
277.017329680634
342.758990890818
349.282429019921
332.446261946314
345.718321824655
338.844609618307
328.561426533068
322.933799415214
320.469561652034
332.409025397793
355.937782728951
350.068203882534
317.95962803897
0.325531217666065
0.75915062316857
0.66609919815768
9.9696339756651
1.12970612291109
1.88634530041902
0.634998850175403
3.71376040373481
0.778654364094406
272.777613209157
273.123722232301
271.137110857405
271.463158211007
271.312258227669
272.369244031011
277.273813447323
275.735513784104
271.557465171373
310.834022353582
302.37814535106
287.882701349417
274.044844951337
313.491102958194
284.049346002311
294.679420145216
278.454415097662
306.918501863701
0
314.998554097189
270.00000286452
0
