293.922490647933
298.205834523909
322.872033429181
296.96518299645
333.987397153232
344.313751764653
278.263264675264
307.829582097924
330.459251760481
325.436722361745
323.140611658451
322.720079520996
316.331978009571
310.047015672416
313.893473278152
296.759829062831
279.726194120619
295.246605255704
293.4876250553
293.863040421137
298.61268712715
289.880139627687
334.456605938973
297.466477590724
352.979914264817
304.536068506048
276.398240934776
297.230359612954
300.876655649792
344.553448776687
316.27514688022
333.450320318072
334.024105788578
324.75286551279
341.060214197349
303.620704245972
297.173105215487
309.353164074001
314.979354300425
337.564474832511
334.600849717541
306.471366858046
318.004973614092
321.971272797946
346.322535166108
314.95502166979
303.923628271275
286.38263196113
336.833819063048
287.941578727797
355.189850400816
321.602866696891
315.171380225989
292.403307047788
314.857476267424
341.366428863183
308.693791743102
316.327242907036
289.364451168101
278.65893052387
329.717361159166
302.537600629049
282.454496044584
300.257725764814
290.006825719791
334.386133400086
319.027844706074
275.895332197196
350.974372263688
286.1893588169
343.840747580206
274.394074825464
328.840335066917
297.091426794354
333.380799559093
290.17436681651
356.198925806867
352.15257262902
351.541137473751
285.762412257394
345.792612366276
306.766182449138
323.317090571959
312.642906168964
308.580870967341
350.288427958718
294.39357873762
304.793009271097
349.270691904135
327.522883465326
339.855421426237
285.00312576184
323.975099204572
345.54657938262
348.677280736288
292.535654467146
282.728917965247
328.379644732251
340.4199373581
356.007752794084
278.103517723231
336.187847862711
322.33903875135
286.798568798082
344.053328632553
288.268101165147
291.986707816995
301.466938291743
326.881530354769
291.963309027531
320.734945506471
281.467777030693
300.137177269939
329.556312557516
318.53152596872
337.461320278984
345.589987820064
320.746490773769
317.014838617201
311.429316604892
326.442490043221
297.52106052733
347.244573030058
310.769750641449
323.71238187491
280.078516647845
313.734364196452
310.89657435456
327.825631060665
315.544223767581
310.878172141414
313.443161114454
343.215585218197
328.442367466055
295.778796012466
315.025686390365
323.035545750144
351.683571213703
292.11141495109
316.966399495594
316.20116883592
348.414954046043
336.736597616643
311.531715104147
334.516869597932
318.027200901218
308.186394792561
328.3638372395
299.676690330887
319.321948040777
315.657909513325
274.583833382996
274.296447300044
336.756174530015
341.75513149459
354.312642161707
330.503166959361
303.549865496021
280.112299565259
308.67994817623
305.748608736301
339.275389541359
300.520966761545
334.412328646363
336.194604672583
328.701465225006
318.627686731507
285.771735455283
318.45671127675
331.619482872704
314.562523052727
341.151266217091
322.110590812553
324.622399876951
327.174856131799
283.969797654571
275.258038382934
327.609456266727
338.508774426038
300.656791644398
319.495219744801
281.238942722573
322.568772598048
349.947059540404
346.535989394737
307.640312843725
354.285564604919
356.411902619594
284.805070568448
314.164014900888
304.108660475161
321.71864755613
282.092196673951
303.351289563085
311.584139567578
278.346858629444
308.034817988658
310.078123536371
352.617051881284
332.258465214932
339.254815465155
307.409726246446
330.778851138165
311.598980114726
350.02331167579
303.429572625785
308.775938637536
302.185754633654
319.39586960569
327.611057096706
338.212388207699
321.986866889389
351.988479444303
332.149446279317
344.553536230595
317.308622283437
355.978977362061
348.365163099024
1.85414098881456
359.540004015083
0.594095434444097
0.858717211752563
359.958822007862
0.447965579257788
359.275351611305
359.330324558078
0.0169576872352174
270.744289587215
271.43532941035
272.05047671764
271.243712435264
276.114748229092
272.080474922254
270.861212513
271.084472252035
270.962872242034
275.201898235022
278.064038912496
303.69226099064
308.598119523341
284.655131735593
312.162937534799
289.708962192829
297.038172708813
300.643946290663
293.449690255137
1.70754729250319e-06
315.000001718752
270
0
