312.27014972852
295.345227271241
319.676962659239
332.23580358621
326.811209295557
278.563975595144
315.993420404166
319.779307767177
282.118684969767
313.032811186152
328.991144381292
343.987075092522
320.723299868372
308.078022869509
319.492414090634
349.843020438807
309.741242194638
313.048644192071
304.429092824944
342.197422520523
297.332838835361
277.485121344303
322.760151511062
336.127101706263
295.907449174308
299.526441766044
293.308746988436
335.195790040714
304.720257314635
339.836090908842
306.140370928548
298.632822106961
355.063126854198
282.17441957535
326.310709701102
318.52172379586
342.08593348088
291.778888284646
326.905420007444
348.140725870574
298.643034255572
319.670775224363
314.807939004434
335.391374704719
312.842670885433
321.6274811662
284.114221080377
312.263047195958
328.723054964443
335.68918807799
296.359022954016
339.612719322777
326.972157249846
286.783171273285
293.324259195229
324.726425088284
281.013938130339
296.98552476071
349.152245984055
327.23830598344
323.884663483173
307.295473047039
343.478703794214
341.057091321934
349.077278854876
304.779959909321
291.672257666055
332.377983411295
332.311087954841
308.850630275019
332.232333155971
343.400595989378
275.511721861179
287.811545602784
303.873557098626
299.49273456707
316.743276691346
316.139719734294
310.570293398651
322.59884157725
345.499191457827
302.089738354148
349.75612450612
337.869015769125
337.885084141909
304.287689236623
332.536896697774
313.224685723979
299.427880807795
323.577838723117
317.831750325376
329.148749798542
316.328801158904
279.158813791854
279.01000730749
307.800194292361
338.919147373293
328.395556170785
321.550448036198
305.177350275561
349.799755625104
292.017929451761
310.621924475371
287.335668198515
354.132685232274
292.688361183286
318.638130232477
310.94412711326
313.101278640994
340.508494698097
275.09230744505
321.595039993219
328.113974636108
331.936230683221
338.506240166085
348.389578687345
274.753451665792
307.472801970843
313.083506286673
316.505248717752
281.227272086231
354.689687944824
315.609298538764
345.647606047199
290.255218277826
303.354291979254
300.312061227909
284.731822336821
317.084209483003
351.878779221327
320.330634568457
337.820887971748
278.198449831078
323.156501828399
273.736700506712
355.772259520564
316.115649850892
290.028836224123
277.661258822015
338.597188781287
347.676506698595
319.523097944653
354.079805281966
301.985245535885
278.659287908355
311.126992232345
283.52384212589
323.682099791528
346.570140343579
311.75279365748
298.898835642537
320.164758603847
333.385907858359
329.087602962439
349.321115095651
353.336620732679
288.495689202192
278.752507595851
308.352462526391
344.103258843531
303.067057149429
305.62353620231
302.813537393813
288.446911184914
281.471585989554
284.191895443962
331.646080065484
352.477243109723
311.407615207995
312.815231812543
288.609331732759
310.135500365319
321.047554994158
298.311098368605
324.305951300981
301.950266762479
316.272074887028
294.74183462032
331.155943684981
307.069272371976
329.481844566198
327.738739149551
321.771486003108
355.918819395337
345.81764946569
284.126713726866
327.697295916708
308.275854116977
290.804570914749
339.057905851341
297.867356171895
307.013842462811
289.036643347256
309.611562229726
353.37467933938
290.585252805262
283.693473094546
315.506338629596
309.930895337146
273.688659914382
315.872351159143
286.923602556916
336.749686974019
304.662278142716
349.633289092675
324.078747827075
295.68790999153
349.767203483958
327.286089012016
324.466881681573
354.444394736905
339.95385186069
346.249951797382
316.983091169148
331.977584391241
336.893843851502
319.854140423724
359.085674078784
357.04242392538
359.603017846943
353.141873435828
0.236040936284085
359.267778176984
359.782982208752
359.172950296283
359.812039315202
0.301087542300146
271.606663146664
271.139043245654
270.497041467364
270.260920377713
269.350879779814
271.039469076665
269.775667510633
270.470949429439
270.744385430907
271.118684755197
310.615795727259
282.212795764673
299.092635635562
278.062395797939
295.814136191494
304.853764631678
289.173194704801
308.189817078524
313.058906300504
274.298625974043
0
314.999578347446
270
0
