339.561493323501
348.466552224563
317.014589258924
323.546524891605
343.889513275212
287.054855601897
343.372000802823
279.754842392595
325.394677842237
284.242646458802
293.65259864753
333.812448727875
307.584125381166
313.922903698767
304.230712898625
278.296895180997
302.757194610135
318.597370397694
295.434558881575
293.462838820225
295.901442038791
280.967394140018
315.026912671002
305.273144870105
331.168363240406
315.536954290249
301.049567907814
325.941389814707
324.918240484814
303.354377926542
339.818508254831
294.74443469972
316.834898952688
351.995753754366
312.118195412542
320.989560455195
320.860776237561
311.175614814324
296.524344263408
306.605530939461
328.425395144936
334.128033169664
322.825226315036
335.824009885937
332.679688954779
337.369249887456
319.907301453772
286.956422136176
295.315864089098
307.033201701072
345.432089687609
317.500431859555
310.303044359991
356.545824917168
314.236385071041
283.085586120055
354.643242795585
355.354083092686
281.855814155894
276.468901412409
288.357948545135
354.019197961827
298.900878441523
315.735187095796
315.589219376898
320.090191948577
292.76219914512
299.800183344177
288.35005557127
337.335872741498
312.352512331701
336.249682584349
313.072416053382
317.775491348636
291.92105834889
317.172286773457
321.833540297441
347.779322931254
306.383878644276
346.621199486605
324.604725583667
303.917713700628
309.753261445542
326.661582968996
325.150975529849
335.416078522981
323.409777779119
350.397201556092
330.313821309063
278.334823056663
303.473395883111
311.942205533703
282.679026507491
312.129423047618
341.57903995669
294.295780276925
314.992546762853
308.28534527694
318.662990054391
292.743225746161
310.81222621799
336.449063357402
325.767234156256
320.89409449088
357.335959542971
330.503944881831
300.249794511584
297.675858991792
274.27885661184
318.117637605735
302.331684499615
342.845850951288
298.418053341607
332.6344668183
352.541442890745
351.062396551048
335.64879627884
324.975277816812
325.259679397628
310.074212998273
330.971168629263
293.276844899036
345.864000893521
273.354708552478
312.765052978407
307.318330383567
350.701686461078
298.389214065689
329.562024361288
303.628330908269
326.584117073541
337.469142189489
312.463303164421
315.148043542505
319.389429884348
311.052149449943
325.179757540748
304.988028685854
295.188826142709
329.729881324387
346.314819562885
299.568732232969
316.922741854978
318.488995528843
354.86738534499
330.318757249063
328.52999916845
325.459606462453
348.506128028184
330.595696035003
314.906095517099
342.458792143689
341.344500842497
303.649928242495
355.329119606309
339.123678077252
283.763896252112
322.311017440718
301.313709959757
310.272505322711
291.95479890809
277.1700188418
338.970787236631
332.114497143607
287.806258842547
280.910246146627
308.918649638388
301.1818423053
341.973584596816
299.545109415005
351.695572076072
322.405180680596
280.604764972467
331.096589814333
288.936369189169
345.728724779517
339.594562553181
349.296642676959
357.593317756373
348.444116781206
300.279661496642
356.615525867636
335.951531584978
291.371646139098
308.611559254502
272.887906725994
304.227541858056
284.77000938059
284.81717255735
274.629424793972
313.706230049339
278.547278869723
350.045664060246
276.466118691822
320.00574524569
286.866927454413
292.911895075027
342.770924906174
302.850023615096
298.472322327207
288.916171241807
327.619655245593
276.685291440137
281.396477313153
308.134770634725
322.456570579038
336.900329851856
355.322616864777
321.106946311891
332.578694149621
351.449241021769
346.344124851302
318.768172559136
329.467513085399
342.802310799111
326.654858810656
323.865072843514
1.10456857613274
358.882809945859
0.36641497706178
1.65986416196941
10.6682789595351
0.277266024358385
4.19228756463302
0.637728599357925
1.87803851758048
6.22548564105908
270.203646077423
278.969938347285
269.106395421472
270.610160649849
269.575508609621
267.00108011893
269.724056605897
271.082303942556
272.156730053288
270.222013868572
269.18980289949
313.580187872331
293.898735404424
298.163859090687
309.908638356719
274.862112459777
304.021592808766
282.986455032358
306.662233806783
288.650601089746
278.905567544678
0
315.000925620818
270
0
