289.095390171168
347.111295954931
328.348699270681
285.266169953856
339.1472525936
333.127586575278
288.998892939735
306.389121872998
312.346563704421
342.228339802035
343.520780529199
329.802843643538
318.972413790778
294.489242417829
333.223986335514
336.823898124012
325.504131761139
321.299397625535
356.114474888161
314.722657365731
314.135209850986
332.533826276866
283.860679732604
323.213880168951
324.441447928021
275.040201475383
281.298979862077
315.236682219282
281.852003791315
339.586929578156
317.207666940558
305.485697982809
280.33227004848
333.336919265119
301.945421643714
315.589463554655
298.780588280996
295.356727881406
329.040458210887
319.197017534916
308.989795529319
323.270301804802
301.306965980793
303.80037146081
311.33785022416
294.288869235633
306.301529697207
309.973670186581
356.070375312694
303.205858599047
342.991625420593
297.90941361274
319.846497512663
281.353871652735
317.582784919299
293.078639009645
303.796884702149
332.773396846287
332.490939825059
290.579739189907
303.902535929114
332.022057697763
342.468979222554
355.004019921719
279.211823927848
315.905322064823
339.917846429667
286.49966572972
321.110197803918
312.887660219631
273.447983406227
337.199278053398
291.43269175452
291.67437219248
295.403741831143
279.126160484346
298.968915703741
313.177121777534
309.089881733974
330.928285265142
283.001759833907
352.564723239868
275.140467273189
317.345049656813
348.281011361476
321.492639440187
337.088598632193
346.820479408892
316.30543477709
351.703868333099
327.016709999758
288.958652723388
316.226339454793
321.049990655207
302.770494729804
287.706404495675
299.802509393716
310.640434159015
330.003531800699
284.659539027291
277.938329136326
344.248803984036
323.083556701071
326.572825769651
309.203249019521
353.361398210321
311.508162561834
310.65590137939
285.413452931291
300.102071646244
318.313137180093
291.880780831491
311.535922249151
287.787582240222
287.343370359218
327.421027312136
291.380702042394
274.983367739103
275.712187044847
295.904419565005
344.167533152532
346.468223564085
342.17492929879
285.281172075272
308.981502733957
310.137786452895
350.632755716877
331.439052415745
331.720338029129
346.475732027354
315.717128588497
319.098654264432
303.263408845772
344.101869547089
347.251892785354
354.931491432994
346.888003685634
338.610369532558
327.173756068848
279.480409644129
350.93688891637
293.231534031817
340.174851899785
303.214834834775
308.029366661613
313.679189932045
349.701477501509
337.990180546764
299.432448907799
301.892135401158
347.66437574885
277.148958326069
315.098825079081
353.641007472402
317.629102268701
305.900521105909
282.63410566963
324.625703843084
304.636629165123
334.494044695375
316.780323616263
317.33397257603
322.951142547014
302.868778845763
316.901339091366
336.897578437873
283.016208381942
283.831694996907
290.564603639348
323.804471531864
339.880113028083
334.285017383164
299.953152460795
319.91625615428
319.8176123287
324.221157723242
294.969729950974
326.061791840103
306.098255776296
324.697954650322
342.872736498907
296.90825375866
307.309854371207
311.417853894859
307.494922010992
315.558072325586
329.200913354297
295.932636418601
319.184954788378
317.277180517004
321.411450848589
313.966360121064
326.184255220361
279.465683506189
329.521118645917
314.182401419204
303.751185855388
276.863572279211
355.483800708381
341.252145960236
309.911362706673
298.752319366811
334.184726096541
306.885376622925
294.967639796334
349.759785475051
328.660030093612
355.569988532356
333.296860578259
344.290222678394
351.524187391224
323.72774376194
319.357216588905
336.520965805314
328.288943901026
359.979908577449
359.56193726601
359.394548107348
359.190279571207
0.54591460739289
359.434927312139
359.642369213503
0.418023517220964
276.891734014481
270.812608376802
270.989364805684
275.533935697743
271.105263843278
271.342765228434
269.552336175909
271.074983267958
297.881304884646
308.7922793449
273.655112680351
285.88579778643
302.594688022024
311.825507488049
289.011937418042
305.34792719782
0
314.999510155864
270
0
