350.691018362637
273.378355255962
294.897812279548
279.14531481595
314.689139051653
295.674795797176
294.655466719838
285.778540098778
358.40225140534
289.441328768352
339.128847971793
299.259164061804
309.758474549649
312.471758137181
351.551451035277
275.19482331436
272.020111927372
297.133462122808
306.165626519701
302.645736163383
310.376445575166
324.549818053102
325.489935854359
330.697057051026
285.634183767343
274.176794757471
319.257491036062
354.429543238026
316.526176716659
320.638266982359
311.614869534626
330.880249996122
343.14761402032
292.345753280668
299.719451476806
297.850275577793
310.003802587685
310.088457046413
349.04988776027
292.341554697351
297.650070305564
353.569287637033
333.125751134151
328.605344724939
308.931958211172
342.251224115478
281.388434267672
324.052687288875
310.261472106172
334.447025586802
315.650380955721
283.307667596461
272.615823252869
348.282977896003
300.920922733268
328.602901409237
290.167352938788
341.712261133195
353.828473892899
297.279313271293
358.689561510948
314.58837844444
316.432608954132
286.634928321401
316.579802463516
357.446693899539
288.825037225052
311.323089601522
335.797922710523
292.082645569574
281.428406486005
332.229744052764
298.447812904812
277.295290028518
341.661079094405
348.176818399325
300.861412457732
338.516093027309
279.420652398156
343.970228115436
286.314561357169
275.773007867424
343.050403286904
311.003868827046
353.379261656456
285.623877454243
272.364931855455
280.089443462278
305.433240557486
306.506831914762
302.419075593872
321.207614439502
324.903388375317
338.947129512152
309.690925164389
292.770648201073
328.159005225546
287.99086434055
328.192256759276
343.659539726543
304.835620517193
312.52397095703
346.511495163766
312.18533143165
315.891940715825
311.221103345886
332.137480016657
325.856796735998
297.128940453339
289.702728108334
280.306091908469
335.208082781143
302.668566868621
321.46105891076
274.393903041168
319.898373539412
340.803999748297
279.245324569971
274.571212824473
332.294042923829
338.478218913144
320.656036632537
286.465216227108
291.145943941081
324.306584030819
321.227573093068
296.331198076263
314.728403730481
319.784188947241
304.050264826855
330.809198040634
277.602763789709
343.337147059295
321.258655484395
344.657078286373
356.478421936711
290.882886946026
350.485632270925
315.33528333753
320.430708447476
305.714395463223
309.402857918338
334.991263830878
317.746538220682
313.470002942959
314.893681307391
287.28047713457
347.659297778639
296.486634991701
304.327268685168
274.032970627382
303.967840118316
316.18620361021
351.405319248589
328.944677290213
305.609346601736
351.174860893645
356.897224135359
339.383772474056
331.421726067845
285.828963238558
324.355812395939
352.711868609942
347.38081492411
305.759682485517
337.531690570839
334.928317142878
296.462276171369
293.82747133359
317.608377380966
283.082848276509
304.140337779876
357.861306977465
271.811125907903
300.888730319293
280.258851817474
346.040093559633
297.441301791137
352.116264973958
305.969404792076
325.548605585702
318.96844849328
301.85098653314
316.749909194896
326.434862646935
323.056229485783
326.858171581823
340.012114090043
276.388384518427
327.685750884276
351.225558068192
357.123424067867
318.190817489388
333.109389588018
316.502064714949
281.6529614302
283.172443356909
308.029409744012
354.220201367674
315.506676380828
323.988030869627
337.306055114775
316.475502875972
308.978640288667
339.905613046952
323.18878893536
342.172536568605
356.557446417826
316.829534594236
334.481207126598
346.665738298445
326.829389537686
330.989984129299
319.218601377278
1.40162466067074
3.60554934299687
11.7825337312557
2.2670834343142
2.44795628875489
1.84470749593376
3.93739030231162
4.99878661438941
29.9679540442907
267.767599667438
265.20747884648
248.705106209601
269.091762859703
267.534529170472
265.510620015292
267.333026175822
267.406774862896
267.462753958033
309.466082200004
290.489976555553
277.401340396066
312.643651469087
306.636222862445
297.390871223337
303.043334859823
285.695023018366
273.288287876855
0
315.00018691724
270
0
