278.476123301511
350.679084603498
281.809951151182
325.036214754006
288.50125049419
307.543005395086
292.291012902614
311.687378109326
321.142419846011
284.651690724945
315.48905939912
275.237334380403
312.685906558435
300.772384570446
322.80091375134
319.269259498313
342.158806599169
337.731838405359
320.588284845759
311.591887888407
328.005531898765
354.742444046739
305.125634530093
309.1422937723
313.627556295874
302.769398600252
292.400000299486
276.990050213494
298.270752788927
339.124125263491
288.804877883469
345.523780239809
331.848799411347
280.031572683198
333.130973845924
354.520403413655
340.076420058872
287.818229504083
342.311903020697
310.680036123389
276.301047879292
337.7112193103
291.605086864548
320.574921082843
306.842468034666
308.209456971105
325.100804378574
326.109583699518
273.332642481241
347.778705380872
294.636873162018
307.944274274655
330.059824425827
351.199130026983
329.163785063667
347.103928013729
302.504964341413
300.183746900522
281.801040353366
310.38926152147
277.779084117939
330.998442248131
298.063940490098
356.843371458629
280.03756904164
345.348332480258
335.433626830188
297.304816568458
356.869838253785
289.91688149664
331.492893999783
288.274961122844
355.441418691079
349.978852367313
298.377792013475
309.878888997014
345.41430339723
331.864893507618
313.199402162714
314.693697211887
322.087404485949
303.799622314925
304.469873436701
333.498566102774
350.025946955222
298.182241709214
324.250748603027
317.552282846691
296.161750197958
317.364324621817
353.431616970095
288.952569546554
288.348797681696
309.200534627007
316.72893983726
296.025800175798
301.464372637397
278.312325020869
287.95581997339
286.646614834019
302.151052974991
342.531542301077
276.654910438369
329.950211312142
345.472392676588
316.901808121071
335.125439003845
304.213785016497
320.343943804622
293.318948418568
315.415091993042
313.466386611162
304.067714819211
317.262466268233
309.257745022024
328.578481115827
280.116505590175
306.550877101659
323.523365016003
292.29970360296
352.15074956631
273.453651776153
274.488364323213
284.635324948963
342.826182217504
298.191355839348
304.393912438573
297.657044461457
317.68984106749
330.24765461496
296.362290543098
335.543691671456
306.416917465997
357.038048969036
293.87730256251
314.537982289528
320.112295215649
312.683139173887
333.565500309108
322.249022978467
305.714024078927
329.900533378662
325.017502292447
294.43509730321
324.937398507658
301.124776161985
301.33554576882
336.738976989176
294.356260081126
309.778168387855
332.949780368392
281.866410871151
337.440869873138
340.943767577442
287.854059015177
325.722124103404
284.2068379237
355.520289222659
332.976063202008
274.894114335244
290.641896415965
293.391146205514
343.238579859362
321.696416288456
335.003572756554
306.060628352804
310.020695244797
352.95685837197
322.483582456865
350.511452004695
317.76890295644
343.021211896263
312.451421382097
349.911849742999
324.932843198082
318.483867223641
353.726754659517
337.288610462176
315.216039854413
283.048490012757
307.127052179532
349.713704172183
293.661531540335
318.703446740145
346.977922396373
344.258093005015
282.527538811898
283.241023965978
337.866179641493
318.279142197945
325.61029729556
272.731659703702
315.288515756965
312.397723839422
328.703164378397
333.253258090781
312.008096197571
323.576173762597
343.371681972615
327.12863628384
309.509363707802
337.858963050983
281.670734097564
308.713301346523
313.430933245435
301.80254762045
329.112364066243
317.112214131055
340.490384748901
346.674885752552
335.741353182976
322.77578154983
353.186521034521
319.716306304187
326.449597191015
358.771672208887
2.34606011639829
358.538288958093
0.370620848105039
0.183181901419666
0.106230142001451
0.0867564555662485
359.942565447263
269.990730990153
269.136779888939
268.576771995715
268.225729732372
267.450336848118
270.178646238809
267.131499412824
269.903751157461
270.358176162808
284.209959575086
289.838729231196
274.306179137482
312.951804689529
299.176789702713
306.518722399552
302.979670385391
295.347711246506
0
314.998646487538
270
0
