339.669578348834
317.04427504017
345.400899668858
292.557176213419
297.211479682256
305.081100081267
287.812844151231
319.559731367763
324.30651181005
273.662188424818
319.48902638928
344.330248828303
305.660439158275
285.838509138908
278.835634377615
297.844932500861
279.162258386598
308.639561271634
330.662201215246
284.896543566034
343.076145670076
326.944841784039
353.687510739464
286.399333947199
288.662559485912
335.599367676736
298.60533163638
318.631805330425
284.732488263649
290.543082908257
323.278010088983
303.608649383841
308.725872194531
281.613804139904
312.993503804825
299.150391717228
328.821206262261
290.231103199371
284.760106643196
350.960599015582
347.237175888088
351.389020047462
341.234215613228
335.940850263353
295.012998039544
337.8713522752
308.74497715908
339.237147108811
316.464949713273
281.343280604066
307.155210576672
274.723792069035
329.55075649241
315.157118322185
316.558317540856
322.791620195334
344.407937404815
305.726733315349
299.981891404695
292.022760254864
326.221560753331
310.996121680051
341.043634920886
313.423380597391
311.097918365368
348.402081119799
312.704670480071
326.413378531173
348.562300175226
275.715083830324
344.781589276899
325.61014642987
280.171358348917
277.753857603192
322.340498263425
342.631530070382
299.142582111205
273.135869518997
351.168234478906
350.954306178928
312.145176429979
314.250516759398
331.650242098883
290.065139408858
309.233309726158
316.285243079401
336.234856591539
279.139766484806
272.826282106856
302.33145265866
320.035994615357
316.373412241368
318.227940211547
295.700723572592
315.901544808015
329.371776740946
334.388707274713
354.166708988574
318.677287046091
330.165626125402
329.123316956226
321.768756349433
285.356637846194
333.793146986357
298.407151721474
312.269152447146
285.904333151727
338.247822018807
327.409801167104
347.070907388033
312.362289336845
286.083988818849
293.09398541818
302.363279748918
302.585371752636
353.671550561709
325.542230361071
327.206151752302
301.369741738872
323.381429732534
317.27950040762
320.076103511578
356.579885594932
285.761079256807
279.302292274182
308.2219446245
289.10855370398
294.627912003686
347.787624103209
310.902015457257
320.282828071165
355.788178682676
334.810730132222
332.713303473074
330.097986412364
294.595331699118
337.865609108027
319.631783655993
281.44557221872
321.293888717784
345.594764969599
289.035342837747
346.517274186995
307.006171362458
311.836459319708
308.245509787445
334.273332173895
305.648791693315
342.169663998785
338.150252318323
355.127629607417
297.744715205752
309.983028430064
323.251662495298
328.344066336032
302.174269467792
313.324324869324
348.868682944676
324.034906887844
289.67301377413
302.917203988408
317.160544664741
304.291315341069
318.076035994267
276.634743953752
298.294991395464
305.542349173547
293.691130871005
289.84741533703
311.498991716775
295.524324729072
308.049119236719
302.35194454547
294.915212892961
332.218447533178
332.884085622983
309.336529350225
353.057726649002
316.286926030778
274.726763928256
309.101561958704
331.122929834592
298.935026247613
275.96038880464
272.648802833694
293.045071105651
302.779987873884
338.202174569194
339.520507852287
312.611756687006
301.387029608515
314.381909895582
281.853421188251
314.609734268095
325.847676981095
279.976850095108
292.483134458715
320.519734760638
345.416209725916
273.815503418788
317.977715614734
325.516657283585
281.887293502385
336.56797243309
321.500436952405
331.807888388728
325.209073644316
341.120218831748
344.625385780547
351.346292641305
355.820081727646
316.548025678516
319.286194133193
357.530221776476
358.999507430709
359.787826948785
356.347524367762
358.83201725849
0.140713244249126
354.024444740453
356.086428476487
359.141760253802
359.867011909399
269.016290847261
269.071078307682
269.39676980463
269.438478752134
267.701786087248
270.40261379644
269.223429217025
258.75336573466
268.678126963983
268.993152203454
274.576136558588
298.81802067863
309.279861528547
291.088782249754
305.670067060135
312.87142486675
278.397182028491
285.208579087501
301.89162046988
294.918372225397
0
315.000380992398
270
0
