309.211702758021
332.236706777712
348.225845633661
293.27691597254
275.811183460906
353.467069766179
312.437454073939
309.889399779071
311.100107918786
278.51374477669
340.622172980989
294.723482641154
275.038854001091
350.037933876816
306.470004848672
320.745598553176
305.002128851687
318.738468470652
312.135124635991
344.382815987028
332.638930241732
279.067850500904
316.14144727632
304.052973929131
283.971898933678
341.309502971886
304.329826046724
298.056927301613
309.852772196463
318.300773122975
302.453460763237
322.84000462243
295.070014932502
317.396965992712
313.783433448656
341.644507847174
348.407972686747
291.915396144127
308.403306838348
357.356610497554
343.003695283585
326.204433471163
292.176521442152
311.184033619974
300.631369359446
337.827809661209
356.341677695187
331.391785928807
287.319197875164
323.131970804248
314.723432591591
295.791843145389
291.770340273089
312.666498117902
324.114255981865
305.513625065132
287.496974107884
274.259426398513
342.557616577853
329.723962031882
333.104559378434
306.592859642701
329.054506962433
314.830746296568
296.568646674843
311.922737249117
290.162073713476
315.137640742558
344.399126266091
314.510102826528
320.726834832433
337.20393894782
335.757136126166
344.359423264076
278.962031195627
304.444793189063
351.212423306735
320.157453413668
282.54199482804
334.288169028086
300.145780123572
301.912055146419
295.903828293409
282.511035384364
302.210739945488
288.51629767117
296.651914229152
337.756558879538
285.814426343522
320.827935466732
302.712442761527
321.784269156237
309.125732005331
338.758455023121
297.028632148204
318.530380438111
319.602500556436
326.439061112673
298.606394181602
356.587263646374
352.665138826361
314.010121252945
311.956316559693
316.827483108177
288.070690694036
300.170712672078
337.343438424494
319.268124689742
328.931149054904
327.08707195719
323.878748607724
324.655343376797
286.468600499037
335.165086729581
286.545428660421
329.222672061162
312.305042654503
330.546352206168
344.122473966553
356.4704153872
321.251169749722
340.832423692785
337.30532707204
316.198480733872
335.935749254128
322.49443812907
303.695034465127
351.712371901817
345.742433704351
274.756903642714
308.942994770147
313.361203841741
355.385094191614
302.274688496789
326.769731487959
280.534922287223
343.287733113893
283.077934051176
299.879029281746
328.780335980385
347.909087914324
284.217320645783
305.298321866215
279.831751389445
292.008970296974
340.637376632542
299.431521304547
299.630838928093
313.872462153317
276.879734932855
328.937866642169
355.456488724443
273.720130816995
282.07782772434
307.904481480563
279.399049717819
328.435697250438
307.20022490566
336.24812439757
324.369431340433
316.548707534997
349.504496714448
292.309487615375
310.820053675085
287.548699975103
330.180179962802
305.809448706862
292.36999183704
294.863511921162
353.356797452804
328.771406692029
322.013187962989
316.638550905627
279.973224993335
333.204299929447
312.35316595715
319.705171772603
326.641828672772
337.494609094532
334.453130964684
316.628396508421
346.548875582812
324.371508671159
316.378055568576
340.509754904627
353.389889553936
348.202310245445
301.061519606731
288.805641117247
289.549962369634
349.045565865534
301.533456950041
332.603765597561
336.370330249064
356.371736655647
327.149394993498
320.980384300899
352.774201326794
279.115015751786
275.144563613708
289.784440355646
273.411242402533
311.942400273002
352.127214143418
355.36544598861
333.969696432362
341.38214521891
318.267284551835
321.622697928639
324.33800185421
347.830165726323
351.995035911399
330.378406027366
2.39481526040074
0.358507486964341
0.399172183134713
1.254264570832
1.12317168493894
359.393707436656
0.882073374468681
7.58046030378705
0.34311907753358
2.52637010252757
278.148223487725
271.081483928652
271.414624484936
269.715267419576
270.410323129631
270.398226754345
272.552501288203
268.270506145389
270.067347576251
285.584777698362
290.610356514554
308.22616560138
297.375497747855
303.792790035391
280.305585470974
310.833774070721
276.62179508168
312.922825821788
300.768622401182
0
314.99994199148
270
0
