329.612234582434
325.076797803122
305.025341170901
314.545739006433
354.539778084558
288.374291879059
300.22064603747
331.428885335315
299.431347155986
279.658097770047
353.985199713018
274.116621475581
345.381710828938
350.236635915369
312.172836606775
300.142187435089
323.481367663695
340.270678194261
326.098496553625
308.161172103599
326.129480636834
330.57911708838
347.699921038641
310.881835212121
343.508282347696
286.880700767681
303.000933301227
325.727255657624
351.040328717914
320.844757619505
326.126125917047
281.437760467726
309.172413585289
331.27167945536
279.877701394545
309.391903917883
318.244472921274
316.850961191655
336.727977392937
314.119275366644
314.224624782002
355.601605246451
340.035367929869
323.809099954961
333.360615101397
297.833133937631
353.314529789941
295.808617157197
330.31869803133
288.962395158204
289.414886275554
316.261927397825
312.220113901909
339.374263713216
320.158121150865
354.344746898949
285.58992923397
355.891663729753
351.847901503278
335.796117735608
310.919763427081
297.952778269113
277.990565575527
328.722132893191
295.263192173043
275.236623177031
346.308276341562
296.194508929719
305.543104363274
331.010757884343
330.364528266012
336.66247020601
283.932752504763
317.545417426065
315.386042031276
282.518140093828
289.182309157891
313.120340108473
327.718799490088
315.7344637029
308.93450618895
314.225922490005
310.085901381503
326.676494662233
346.724631152438
275.40345741697
331.751823587756
321.238171869625
312.179522625702
322.089669849421
290.635029543084
332.396666687155
283.528255717972
293.526858804723
356.08803798199
310.280045591387
306.064149479039
327.386724688997
341.386370551398
308.215732041484
314.968609272669
282.626534717693
306.075880591384
340.083740444941
338.93862297699
324.881153761998
279.073580811315
320.507619070909
287.696632139514
331.16723353969
305.484235700032
292.804526238115
276.0527294994
279.601742777246
339.631960686288
333.218847847439
286.617894616696
320.462313840697
327.769149418367
292.200305348482
301.262069127102
353.275946766024
336.567394802922
317.792947433252
314.614787744015
334.417770606988
300.122084111587
288.924589193799
284.912815757166
301.389609005545
336.442055404338
312.641261454488
306.78163657991
275.797635891665
278.140460874396
320.87777967436
323.217196545376
349.928665038665
281.487168234975
317.9175798336
316.888945142609
340.360063920472
349.80558370316
336.786317599786
327.274474839869
325.069019883852
342.878218345658
293.988077214097
294.775513422993
305.771920503764
312.544164559386
318.899060884208
274.055860929415
323.505987611646
348.953261912076
300.110189267414
343.330434866558
309.373974058916
317.114780231767
314.093237112306
317.65341775487
286.853333282518
320.299982341638
282.988230827237
344.00889475225
299.292228950137
345.327672409222
309.284347141263
333.141586652152
317.193895744397
284.899173281388
318.525157346563
351.598359964508
307.370923620838
346.730949023859
299.973632225583
318.119495535075
303.720386968463
314.657198756759
321.989116894465
344.385250622204
330.040726299091
294.667859386054
347.902161561464
339.41942254819
296.261922486588
303.328341750431
322.3377264782
345.415606519486
316.414623832105
293.947749042747
326.685306746299
307.161602131866
292.359273081014
296.107504735629
291.391491178017
348.387351307161
303.45883466447
303.381241400641
336.678084738801
350.611647331156
322.1073729325
306.224162639984
285.37460651651
326.958986931593
319.934927806422
336.260274561141
343.412135123371
317.270681435861
346.663307224131
355.884873816778
333.2057761337
324.009917410986
358.102829407604
359.525823684455
356.353850899937
359.780233610108
359.255061904598
359.930856052704
359.527678630995
359.52468015306
0.0777551906944234
2.17798865514122
271.700980690201
270.398419817981
271.496749401427
270.23650140179
271.224158042767
269.377713335385
272.374603763497
271.073146767038
271.093602593503
293.357183736424
285.218726393854
278.421731484971
313.039715435378
301.486785768169
306.166223879527
309.520899061511
297.329062520707
289.023154433421
275.334015560802
0
315.000406068858
270
0
