329.317968359069
330.270602550655
294.891681969549
325.341755621107
307.26133332122
338.221051215964
337.609948480529
288.474958575312
317.725232412343
317.771329798553
324.926353633639
286.613537743352
346.680689427009
350.999797815579
303.800889167584
303.432014924594
273.293233162896
325.162379084805
308.142513036591
278.726448477789
325.619433700987
277.341524191642
326.894330085393
284.319633333884
340.934203187558
339.420078662036
280.193631703642
337.741954881555
278.680978900636
292.321123962682
305.571405137892
313.424999423606
334.714106771689
344.34842666685
296.385493866301
281.994231351169
313.368928659627
313.901618267871
328.448869128375
336.261521669503
320.206658453814
348.828670455162
279.60525650765
345.996493680896
299.030282092742
343.607364290038
303.965479088124
350.526334284107
321.731960216059
304.510624569579
303.966756262927
306.190204393159
326.351519142952
355.715413799211
291.669821526219
348.077464532714
295.167163233323
322.495708369392
322.789572993874
293.592117749323
289.222203888332
333.888990115737
324.797444655422
286.051148877162
318.695291543801
337.599798405211
299.071443929258
276.396440951575
311.659647304664
351.197350841987
312.914021298077
301.683203360011
308.047348749217
281.315159016026
320.804355538138
290.36452757541
313.958452701866
290.884674796993
336.67861978873
299.796954333841
323.983372823393
282.187179313643
330.954222941572
281.167111742452
323.059110784435
298.227736607771
304.866511880491
319.953356909193
322.797777910983
330.134102703378
309.602443726441
330.0117940768
334.407655960771
354.212861866964
300.782356446559
335.893193652423
317.891336661946
342.029937663258
309.392198227267
326.924691045418
317.741228773817
311.691218993353
348.284472489525
317.594810569617
343.298174360834
307.207228590107
348.823207068703
315.446222914063
356.098400650322
339.231839792657
305.89886627072
311.547590762201
354.547089145801
275.873737813581
347.501616395247
309.239705007538
309.695939723688
288.552443741165
320.10418467183
319.087041629553
316.223131440322
283.063490145164
295.261110112601
301.206112354559
333.366948474294
341.703855807189
334.072257349972
314.919987615947
309.238390870201
333.506435367075
356.805710868006
292.872216984814
317.944139730005
309.458557098812
325.161927887785
315.60334138182
287.183765710629
356.967563306401
320.296127247302
342.968724529077
285.863721962138
287.294584184469
348.114339394712
299.694753291247
314.448486044225
292.968517155478
297.303446560988
295.368518512749
321.319138953255
302.543223325671
331.133950868979
289.288192756266
339.046121283727
316.484340475025
312.430034267318
347.978343432214
316.101382783995
345.365123432705
332.206849454145
281.026937410294
347.102633674621
310.617561005142
300.210606802759
334.446882122226
309.419150766336
275.719273092847
306.187615453276
290.89139673354
321.336432943689
328.236107639171
311.746688056755
312.762206379149
321.628455429773
353.918588737745
353.579159914764
314.477639653423
288.775654491839
341.693004280692
315.512997286985
327.09199656213
356.215432555763
318.525416080962
292.251688781679
287.908729038106
277.635245511092
337.510152914666
334.704765348037
329.599127536732
281.838895289056
302.474878587348
297.385290950968
326.74064631351
351.034358986573
296.969505745091
343.020710174414
312.534031947606
307.797214855983
275.283209638898
279.061190160885
295.499935593519
296.792064091748
356.386870618007
320.745876661459
275.559059668113
302.022836574636
297.946428945446
351.669100780816
341.799711034486
355.772205822347
321.55675760985
328.549164337846
324.390026282859
335.930915141739
333.13235289507
1.44111141379901
8.04449137611899
0.242474984434321
359.981112224378
0.423910862304396
1.77654008851681
0.696273923977941
359.10736856983
1.07574742463328
269.898179695561
271.377418266335
274.131337013805
271.077054574673
271.327992600952
271.010617271374
272.081264617805
271.446408835026
280.749151277604
273.541994004301
310.098015256023
300.062614778504
312.654938201541
294.564849920817
303.787057930579
285.711745296223
306.90774636532
0
314.998978743014
270
0
