287.464430345741
354.182277156421
321.366599700791
292.814172796604
333.511656890046
307.887271414639
352.006061501912
282.563043083562
347.99755702607
329.13052618128
298.18989030168
286.217327465843
315.226706895154
326.68100492582
318.362276590909
343.45537875497
315.645494789489
346.538710203411
334.200188860217
303.094614101477
321.43229900431
283.100492022618
336.223349854703
329.050746126146
295.398782069735
330.467934296796
307.1453171232
285.499852907461
311.415178437435
276.696484120531
315.810047825269
296.565008409476
310.551807641856
281.797737097657
351.127707155627
308.464917370368
295.803612552548
277.770041862649
292.572698833269
342.76380687269
315.851131283738
301.257574142547
281.612344206972
315.410286944183
300.479293896925
312.677057692888
290.971328253601
348.023257639357
341.934951616508
274.516467862017
289.40167425712
351.687131832715
309.224248721905
332.496380072338
350.348519844705
341.404489388348
281.614104418078
339.229093516319
321.869550308586
330.458940805072
276.303402869164
324.348992871019
355.084870700408
291.352480335516
291.879752247922
299.425977367675
290.160860554476
324.258277663643
293.494829386423
328.28744464074
339.187579498837
335.993838407972
300.032228135076
339.972628955601
329.177559286266
355.543129877192
330.385536641856
353.795605333892
300.905873561783
320.820133785474
288.665956404393
356.547501713588
328.813810939227
317.803991439265
343.564140280857
314.47495663884
331.902019279938
322.695804358756
321.124952533754
287.945457828654
301.134195815196
307.414491905046
348.582882127184
318.86744948549
355.832905769892
343.939980747877
334.279563213843
303.358622101912
313.452694150569
308.401805582695
354.165843132341
355.21891609087
305.27350196623
275.081217727491
283.672077449328
327.20108047259
328.515968872758
334.161144529088
342.782910767798
318.791769394305
301.269585284005
336.678956262174
325.661861966178
332.146902174552
343.397769988343
315.659676717775
315.457046333866
310.1026123603
316.980528803486
308.372402061319
342.787488650893
284.905191144285
325.296791938884
286.068633924025
311.025062744339
314.441653059924
322.864574370544
357.326195253877
345.720246050466
291.569927945603
323.911529544707
347.772304243935
301.442711690497
306.367220641393
341.972658197226
325.966926791231
330.179062771058
313.598576500684
317.324134363276
335.829630334625
337.068858901153
298.942204288574
353.526582554671
295.561120749025
321.864887869566
307.721089593476
326.111960744681
319.52223610424
313.359791821077
317.846279256133
326.034006331677
299.472444260659
326.688433217343
312.463476572745
295.884724772914
338.097627672395
285.85732850192
317.235136709034
316.233502658002
285.175969605562
317.416288699499
317.952161431967
345.528933832084
339.934622776079
311.832932387083
334.06078179006
322.796781887328
346.200875930163
306.574649816826
279.763817840274
309.709696898199
306.575429593335
305.656381624508
312.27129755933
299.026960507806
322.112865993298
296.274583856563
333.114866925626
298.348434340112
294.020652250161
330.78390871567
276.86579110217
317.390921200184
348.512587171899
335.888264603792
297.387248700813
347.481939723881
281.618471681517
324.194809325176
304.164469204828
357.29264547619
308.329004524643
329.796873973488
314.063033546497
350.373525277777
338.513720757759
313.374400144845
279.264072984426
332.975428392659
304.090689046984
279.01314541116
304.025368310335
351.872287690313
284.682639077875
345.841176668533
354.937367385959
319.593548701982
327.141683542013
340.530715430504
333.984661479696
322.49708848841
329.833879439252
351.106055348122
0.0891972691698047
0.678119597635153
6.74172852465657
0.382792488321388
1.797815405682
1.65818638943128
16.9725055608674
1.35652770789685
0.376539735035841
1.64464822401272
272.848900157615
276.747597385463
271.266119105825
271.417295990628
273.465990035416
273.467923850389
272.137355322697
272.454838082405
281.617122600236
307.168228603774
300.557791109759
279.60882812077
312.678948271253
294.056863677429
286.573372622477
273.921976016999
310.901419080043
303.502467181151
297.650479538615
0
314.998703915849
270
0
