347.19120840458
321.654585690584
305.706667981171
273.232299877896
317.206934408138
307.505173992219
304.101736267709
334.549074187335
334.026273003249
323.049191194605
319.040961096884
317.973665276714
284.056730948493
336.761113914142
325.103010764044
328.858790235103
274.950418013057
301.951640006144
300.471387630197
282.418765624686
301.286515722338
355.967948704671
319.287941174287
343.422001123724
311.782442906947
298.109883213925
332.261025041387
340.63685275937
315.920824887951
344.415679787316
339.438199808172
294.601928082919
316.035359704845
280.355281825973
274.08847114955
319.222997172983
346.607591976987
335.241666409899
314.312714213238
308.616781469356
297.779195556371
330.102896740694
338.300854193859
315.996793704178
305.727924535147
297.806288166179
309.337165967979
331.04753092635
296.768242303491
324.517301087185
286.654103354338
342.838370827581
272.751771489075
329.813551493222
308.641101573098
272.475528230428
319.949316929171
339.554955457153
326.030077637917
292.328838080612
315.968175938239
299.071367016692
279.34703125205
277.092234790127
298.097244243163
316.734046190734
353.777073914683
290.12615495123
298.683963130464
277.670711194405
334.899333254255
340.272287351891
282.236591566238
347.483688067091
311.693966818863
310.63501162794
288.547513063308
309.683465501238
275.92571415333
294.384504096847
311.683297079401
296.757418019489
351.226652736585
314.244193942805
304.494625822576
307.718894827543
344.711495448668
333.910100619921
333.300414715373
285.43240985341
299.534462411362
301.690095711867
314.769274300219
273.71585992746
288.730241294518
306.29194811419
349.105823856729
320.393273237741
273.049088332354
326.893319323916
305.010634212066
352.777935255115
352.597146093585
348.776100857303
319.165237588955
308.867552416831
354.801358818727
309.691018676509
278.442635742393
327.79201712858
330.594625523256
342.571356294836
304.9176133631
347.173738184454
322.004528156444
316.622788215756
280.874803302884
336.62566390126
294.971217908073
301.335792032746
290.582105964353
325.957759764387
306.015725302859
305.90146672552
314.978014212306
285.675341769523
319.276915867014
290.844030415312
325.99357940659
335.597507256607
301.492056352528
327.34649495645
286.348246161069
311.969647443874
321.903686808532
312.380529328534
292.13619389004
340.299491173163
329.558924337261
311.188333648316
311.96982918227
280.917910009235
323.011994092241
319.727211614862
335.489270401278
329.478689521748
351.881507166033
337.88448879022
305.157936773464
309.96572432722
307.807269604007
339.364293501713
277.197813272542
345.833970312286
313.808797567688
322.858046961501
285.352641127134
353.491248195402
312.110232283773
326.391338872199
300.474091116299
302.314933547408
310.06266421981
343.586209892052
346.979786025091
286.136084773022
343.835740553282
328.759569371067
284.362078163806
323.082076271719
309.372586852431
284.297261359592
283.69687140882
280.292122390891
322.932009788891
293.961586328636
348.445149179123
317.353980816242
314.310049358805
353.833078295025
293.13954290888
279.554714204937
278.685996031528
334.36589432317
296.685308443137
329.094449983818
329.591258633071
340.100357101473
288.434859700336
292.953490209986
313.396756467768
273.670814456416
304.717552617289
295.160148643026
295.344404283858
325.289908974999
322.333580023286
289.935067107641
347.567878402048
289.730840391906
329.007034720337
313.504593114306
304.150064550851
316.024600508348
292.478413269458
283.482091754651
320.028288888157
344.478339791606
327.266629076785
334.452466495758
353.397953819639
323.952537016268
316.748700349291
348.344288185208
356.651190541738
358.301880936842
359.195076848331
359.195226627456
358.847687586074
351.283625492878
357.233629319604
358.428830357326
358.584670275467
269.444669559524
267.981526046387
269.672668422414
267.947108300565
266.335303271537
268.909951882722
269.029875656187
268.011402741384
282.95775952665
308.357927006682
294.666217184241
305.403773318045
301.88043354759
276.333897004199
290.869985688807
298.151703875731
310.800436442816
0
314.999978515243
270
0
