305.772037570951
308.016407698135
305.835868650853
302.607569949377
298.639448451827
291.090002745992
325.245554586834
284.54822576984
287.401835138756
316.161656043776
341.425183430206
284.079110325318
312.869629342952
328.99255345068
323.083288764788
318.294517157061
310.907981926127
342.368486483459
290.1838126095
347.704351128643
276.617326342111
335.163859886794
315.559095472318
337.923719369331
296.114894420495
308.186423600939
311.871532547671
321.139014636562
281.836826155692
309.102087615156
342.830113663669
326.509776640387
296.666325146692
289.721748386718
306.985451788396
273.485153291401
285.714297529041
323.927232864452
327.735014652543
344.833721718609
289.214970985322
294.920370651221
297.493605829197
314.96978565526
299.585695661401
332.330397528277
282.087265242992
286.672123839297
330.930762232713
350.309261893965
296.541093306343
310.157056978947
313.353372927094
276.10179457569
331.989283940438
298.85162514964
291.148631738655
310.90522224343
280.417401542691
337.46973501307
307.853950280681
322.761921644004
319.028324935383
346.554306802899
356.61817538923
294.045934622708
333.486691003025
314.556742342958
335.454228021698
318.047303821811
273.474113316855
304.236076203199
317.577000661423
288.0421990847
300.659872091804
328.762092531945
287.244864745463
299.153286865412
355.898857551304
326.98252415059
349.77540819321
316.239979316169
317.675928040785
299.703710584071
351.565856221216
354.942621135338
313.398988490577
281.788490687749
306.119144435383
289.141853548601
301.074742489381
352.815463724716
336.549790441438
317.281901879188
308.442126406737
356.290617409224
280.657227899294
301.153605162151
339.761475255192
305.8181523618
309.084742509741
281.676418563436
330.426330007171
345.239719574811
342.365589446532
272.384480533327
284.623877015565
339.084954025778
340.896542315951
318.582005589547
314.595874030347
317.301889920847
278.101477733407
353.752339811952
311.087088045157
290.997609253579
305.6817931422
322.947775101503
321.108864671379
294.89390804519
330.172607230312
348.248987249368
302.636129501308
352.876045010397
354.265864660673
297.865349882755
343.680216865212
331.87957932477
297.630329640183
295.385045496788
326.890685755201
292.840147245454
322.188413437734
344.530935127097
295.616170221221
329.299013007524
349.106009201721
321.597022425136
331.34533434636
326.27373897588
316.150482451528
312.497655260825
323.194142190042
284.132467516817
351.492977735973
324.624477789533
318.690496564334
309.081785948624
315.892625708828
337.322985577821
298.496372823877
278.326947300575
327.653577378058
353.052484228165
291.28722700632
283.361525037293
291.271030519991
273.404457321761
318.452419387191
322.063204843314
313.086421835551
294.820183962335
313.085913002497
324.5320222398
356.297950246249
304.446400258634
309.553155749624
348.861219568082
302.011789414941
315.777113062363
334.994995072713
320.565684771196
328.820200011855
277.620657894965
283.000766639144
278.499822375418
276.765150462562
333.542739581282
273.078381629717
318.347835442763
311.651840859843
325.551525334385
333.29884952723
338.543165974436
299.990079176547
312.399368817078
306.657847550804
338.143885882046
307.360878634841
347.446096631694
274.345208314522
339.972396271015
305.558577267649
325.619210958244
321.601302347885
356.229355772758
345.816143434026
340.490122673869
287.794123553789
303.88243345682
302.636771836119
324.820421099535
332.418976568625
338.356509557353
319.78907894915
346.078020004285
320.445139012615
331.478114936487
342.067364868457
345.740324663954
325.3897060223
337.137886140309
352.188933067494
316.572746344895
0.103401951665658
359.769186814596
0.325265514262837
358.624681928568
0.204432481220188
2.05813203265941
2.04783484063559
359.590523319501
1.77168752653227
269.617593216506
268.316675212502
268.21788287438
266.450643541719
269.921947148848
269.645004872856
269.04628898669
269.044732182408
310.272954938697
290.684656924701
304.513963595407
274.277872134125
312.625322395271
285.136252912355
278.093497308924
298.362630010538
295.562261132969
0
314.999293191078
270
0
