158.262424833
65.968632706
299.622641257
204.474136383
308.647965263
324.411224315
280.58851422
199.205380769
202.734682766
90.2839884313
145.086553415
22.5897182326
145.173994875
43.9738814714
189.94164991
283.24315276
273.867044197
254.601206522
48.3984645353
67.0093745359
261.315609901
307.54137907
190.377069703
30.0486505565
112.906845887
185.282752678
17.4121955212
77.8499463874
139.492332612
102.078177245
152.337381175
245.660736456
211.411613552
17.1864568882
58.6886664606
13.9176739597
14.4093539449
315.744163192
320.090965442
162.387740078
317.439659041
139.737327766
141.344866828
0.142489411373
197.300640448
169.427621825
285.482403062
299.693549423
216.265350455
49.7387180086
349.245436614
209.89249144
156.838440154
225.863092054
173.704410836
210.824129384
352.564421095
82.6567093684
294.177316834
350.118487249
46.05763844
7.34389911447
329.666204834
130.846331638
81.9375227232
31.7732946035
263.355127566
246.318767079
297.605302266
69.8209180617
146.701342153
8.65443165252
321.09434189
103.422480943
188.555738724
131.375902333
29.2118343848
281.440310376
36.5696182166
140.331686422
206.652106678
139.394845607
112.145420041
66.9728431188
86.1553833861
45.7595929508
295.753025158
94.3430333218
258.475115981
171.825330598
80.2357851319
19.3784401455
252.075163515
1.3536257886
15.4538246401
189.297345199
53.1810354458
153.298536878
75.9324132819
273.189401891
125.786528082
106.292554465
48.5783107126
278.477655003
306.080536897
84.7893132666
178.614646745
244.026409746
220.0587874
167.308478474
268.888118516
212.494130578
22.9091412559
220.552778978
90.0141250173
334.794982829
75.7646679895
31.7404231008
258.509220582
349.886285547
115.831017724
197.736994443
103.079360625
21.6453115093
8.54561475295
223.173309767
77.1178429281
98.0919626033
349.266245308
162.636594107
256.984578535
312.808953849
193.502264391
116.386714794
286.395858567
174.056740598
120.61781157
145.48593544
286.203715512
290.046570541
189.197063828
24.3026580015
261.113347708
46.0717466064
36.6287111122
24.6609206593
255.035661406
306.454777002
151.606317453
100.594762383
61.1877148268
353.39269562
356.108513422
350.678652091
80.5877321055
339.674441674
123.410221116
45.3054734309
322.097472664
75.9556622823
237.198211106
92.2629956505
156.927786639
1.63674194318
322.994804388
66.2879646782
305.667034363
330.228313215
108.346742803
20.7242376157
215.330958227
249.567362557
24.1375978538
137.892311837
117.569988469
324.371366918
43.1463967236
256.390503566
100.057566242
290.995263274
141.610310244
136.341304716
85.3692645586
182.626910431
194.410501831
214.218260334
257.439994441
318.920031516
68.1691858734
51.8443406068
52.9092757983
340.140842759
270.347229794
185.992844297
91.6715733293
285.63866606
140.763139434
238.70419986
220.995798742
350.115140646
145.634884273
308.366437825
161.366869345
272.995868725
266.005680052
306.734089262
236.132366419
97.32150116
152.516609566
57.8623170188
143.606601446
330.520137779
50.9500902001
202.487322295
9.96087931196
328.479962195
202.432149618
243.941482241
208.624604302
81.0394781521
337.422845595
334.066873352
50.0344028573
236.132407571
97.32150116
152.516609566
57.8623170188
143.60657204
330.520137779
50.9500902001
202.487341251
9.96087931196
328.480004444
202.432149618
243.941482241
208.624560798
81.0394858715
337.422891359
334.066873352
50.034434692
166.552635067
166.552646593
166.552623542
166.552623542
