74.6576999288
338.029740717
328.24171891
326.344857313
314.344946613
78.6152031366
41.3157192918
230.463208191
260.199039761
69.568363134
251.402321145
206.598907541
314.688901888
57.8369260941
144.781511485
246.732450222
41.8946007577
13.8331821176
221.516336141
238.716099764
239.379610847
143.71844208
72.2421359301
290.525866926
187.247253263
332.969177581
276.41734676
112.118275184
141.681108828
107.750448394
250.332642116
296.755888408
317.644516244
184.987966589
187.242370744
62.6335300683
54.9730039322
195.606073066
220.988949786
318.385625125
156.913142585
150.07648878
194.182472027
174.122562443
227.316245467
68.281201955
280.820833339
21.0102935464
223.119554713
161.753363005
28.1395436545
183.587023438
261.367875206
89.8159020672
283.634178208
354.554419325
25.5568720884
275.834890485
196.406805691
292.210602391
155.333045064
249.371950288
218.707069938
280.311779545
19.7568005202
187.1056891
143.813868366
108.449449999
3.05483048598
77.4294325403
279.051556872
294.141678511
240.132472933
146.382880146
356.21307744
35.9472241078
319.152344436
213.946944463
99.0754356772
21.9453820946
98.7863159428
130.295455137
186.599718422
269.728996882
58.1097762846
286.4525828
357.288447495
129.749907421
333.711541394
64.6231873095
167.502290689
133.658971908
47.875303291
279.435377254
353.749157431
107.068327562
58.8592870002
113.866016542
141.534180834
169.031740077
275.094343309
214.82529048
14.4131389115
319.960519382
85.6544467311
354.333324788
345.166335092
278.807717741
211.964809071
320.385688434
322.173918171
187.38673882
131.494760772
47.7567454269
154.286566181
125.042291965
328.677557116
124.202410712
261.687196118
245.37205741
341.340621257
356.407935774
57.8997548422
256.317038813
316.648563636
142.034864721
207.066652586
10.6664182185
189.368337683
304.022381103
52.8056959194
297.097199373
292.487009624
82.3939838
78.9025234837
111.779533154
234.612879384
14.4003969898
223.548375696
268.589063977
139.360044042
359.223645538
38.7004597981
85.8394261583
49.340615567
345.893883298
23.6602836681
254.493594876
274.913599011
13.4883086821
358.046206338
17.1240071377
46.1283279907
94.6806588238
136.319693338
5.53055312105
153.695926399
284.704503963
354.171089057
161.778576663
302.840458688
344.22405362
46.9995749032
192.921988973
178.831160002
0.230015413939
78.6299359206
289.17439209
71.1284071267
154.929602752
324.563537147
22.893542669
187.022699154
193.025410575
319.267129659
85.465200485
211.072671974
37.8653304312
225.384554591
319.421318239
128.967103439
103.150158904
198.435125141
72.2869396384
232.518036627
144.834845616
131.962431061
281.640473255
36.3054825977
150.682559642
120.320110134
247.319370776
86.2433006768
274.870320611
243.099574899
281.41614082
84.9581994487
242.807202245
219.738616055
74.9639195313
39.5144103038
196.523189638
107.765622448
217.049251005
281.196680635
199.952083765
130.92339193
62.8419753637
180.494282614
10.623260004
343.452355447
322.99724775
105.952579825
206.579746273
159.22734344
236.783909353
148.280605336
99.2989493655
4.86151678786
287.748593293
351.4446237
151.221865197
294.974063382
130.92339193
62.8419753637
180.494282614
10.6232691407
343.452355447
322.99724775
105.952579825
206.579768448
159.227325862
236.783882204
148.280605336
99.2989493655
4.86156617102
287.748608402
351.44467271
151.221821757
294.974084308
37.2701197806
37.2701197806
37.2701197806
37.2701197806
