261.446718984
211.353575923
185.423578183
136.145469042
85.5874445311
248.234313273
352.1989323
48.985509705
179.188849862
28.7939941826
34.0063289933
20.985442351
275.02621354
82.5182481696
85.6521621915
66.1331632348
60.1287937658
94.15679732
283.241848044
219.380929528
123.464071019
250.890239179
352.955538481
148.067044249
203.455543009
7.73493621271
328.898949446
349.246824168
333.141743567
157.089236604
261.893276315
276.026181931
215.105978869
312.091098743
68.6459644884
277.670069218
32.8644944903
142.977760234
331.64352025
260.611544223
316.110215484
109.777360469
230.202043746
121.727601138
235.911405388
330.267116779
71.4448335446
165.597194276
54.1599533588
15.7978623134
251.986165184
28.7784453032
309.537388209
186.406061098
237.839803687
71.6438888625
290.195153333
22.74970839
205.229781686
239.23020962
306.00587478
331.08454715
270.583274225
197.082744376
18.2623919946
281.671695003
43.8439198085
72.1022772746
198.41464091
20.6985143248
101.202647657
121.698913304
205.247772134
279.674609955
316.465822846
216.248181462
60.4388600578
42.7806066819
73.9615824065
190.244835911
212.516826539
321.747039488
310.669979953
118.362548058
45.0786809508
171.988878085
338.849961068
163.310741941
177.570873248
352.44520658
87.6483908733
98.1415236001
221.992902241
256.278524722
53.2553343463
225.363395381
260.854895731
126.240672571
58.4095682256
336.494636384
0.0642812349414
19.3669754765
226.400127372
120.070956544
149.900171915
275.762507573
327.325930065
86.0178006434
331.551851882
80.6138602103
321.175812943
153.6684088
285.067326699
124.631984635
359.978093834
5.73212243712
263.194733261
31.1320300662
227.856880237
153.616587675
330.366273457
92.6944601842
34.6673501518
70.2995885114
71.779070379
281.390112392
176.037723614
231.601053835
186.330013055
138.60897994
126.159867725
254.597404139
116.434136131
304.83655875
112.927486833
120.314623291
340.369411732
243.644293592
313.615017075
118.71183758
261.243230569
266.254252582
247.651271553
153.72257951
217.35851079
7.187006169
286.839887532
133.435577766
148.400243183
213.490552573
2.45741573983
191.231295604
325.513333183
243.958383283
191.449472493
324.792210404
300.282625831
321.020914571
99.6752669548
140.733643075
201.803756336
267.023202335
5.54834987669
173.307625418
320.95509848
97.8384861202
297.749167135
144.332322511
204.052951087
91.0352465796
249.916017062
14.4725108938
35.068312261
198.510475656
125.373834906
256.189518687
213.815567548
173.797967845
270.250434979
338.400995264
258.469213645
188.826754157
306.34270671
199.179039572
199.889697341
104.892423568
251.17188258
49.7471923934
183.744506171
32.2438901813
68.6650114483
359.970163988
235.691610354
307.480575599
75.7063654105
328.326141229
203.339169167
176.954254333
50.3617365522
355.427712024
132.667979963
98.2112671271
358.985225458
113.81776514
305.433471268
89.7481277514
261.602128138
240.74664183
325.972484537
143.573215863
193.715104221
138.874223811
331.83574561
184.412108355
9.58801925594
164.188152629
160.55283106
208.137890582
304.878126502
65.2142853385
209.025810745
193.278045226
121.384475189
240.74664183
325.972512271
143.573215863
193.715104221
138.874223811
331.83574561
184.412108355
9.58801925594
164.188104943
160.552784326
208.137846878
304.878126502
65.2143061159
209.025810745
193.277996989
121.384475189
102.351651385
102.351651385
102.351651385
102.351651385
