97.6411266601
167.332630925
232.970920575
21.9828506418
213.435963869
289.792489667
85.6122249667
0.11374365891
260.618325285
259.704444913
121.470295487
230.633374485
353.527535146
128.729779658
218.438074213
275.837156522
193.358131718
210.137305364
4.58864551737
96.6365394353
327.742416171
73.9317233945
50.8765564548
178.271230837
20.863465123
252.285638709
129.581456391
161.012682517
74.5766327267
5.311025866
236.243904137
278.690582012
84.6525651626
64.2725524316
346.115466383
229.486450185
34.5716384622
114.191983282
136.43242693
154.054521403
166.100032269
100.111298492
79.6070571213
103.054495138
17.6539671624
196.625006271
314.329770608
91.9854330922
216.693845141
211.736179457
337.688010449
249.198786103
321.138628744
9.09536070447
77.5544430404
267.965967461
66.4149088131
236.285024943
98.4525387756
239.320336107
34.9781098375
172.27401466
283.637878988
1.55245592385
81.3763930423
144.652849259
343.030086554
302.449508399
330.950265096
237.411296162
102.720817195
5.67393506723
323.680510456
264.541972002
302.822814078
20.298535427
204.855821752
302.122873308
250.020043814
256.084567894
20.9005498873
139.316680282
329.388525218
342.97623103
144.700098909
138.566825005
237.391597898
212.966052767
183.816178179
296.148974316
105.585792429
95.5384299727
348.181452737
16.6287849754
125.966315548
134.066073176
203.66694134
33.0769347289
42.8788225357
356.091630188
276.502684202
242.559813586
294.014685533
45.3244681522
266.119345045
4.08613805982
234.723689192
99.7583840636
29.0725067415
126.259863375
269.585563502
108.34011908
250.158997448
285.459307025
268.575654976
238.883679635
75.0034391338
195.072099547
256.599071448
231.877907226
167.702807454
249.653103501
173.649681562
84.4666877235
8.09906978701
159.332110759
141.575463512
210.773251908
333.250001857
100.10286485
154.627654576
220.278901792
120.523043709
300.797743964
52.0291258251
86.2950288433
126.346323163
30.0290896187
181.43455738
114.251486585
72.4610928415
309.532294242
199.811396049
285.179195352
220.008608352
53.6223429413
351.746583503
356.520133136
30.1134724879
74.8317380081
291.969681195
202.943376272
139.377527802
232.80424382
39.0389724398
117.830002362
285.824319228
186.756004153
347.682498579
228.961515164
9.98798638659
328.53428591
196.753057648
66.3801093062
231.679036263
21.4081400013
212.09903551
287.511849018
66.2041036605
181.769080181
306.536723846
138.385027291
71.3842230787
232.311594433
276.203632903
30.6586422188
148.419765863
164.911778047
6.17571246754
250.452046221
100.399595593
154.90897317
220.550583017
256.836352636
131.207649384
288.271889709
17.3412093011
28.9013674658
112.887173941
309.781225833
256.413654006
340.244348014
221.132816305
146.567462349
16.9143133728
309.621423436
325.777533098
74.2680765148
334.022452897
137.340656684
153.091961242
145.286916888
119.441746612
320.230707239
138.890778695
260.272997865
358.164524381
187.709534467
169.789913718
338.509084894
176.091228437
140.736381344
240.258530479
294.383975087
186.34597686
177.980449627
319.489362451
307.806264617
17.0709729808
224.431013334
109.746485557
159.330849147
49.33035335
338.509084894
176.091228437
140.736349977
240.258536626
294.383975087
186.345982339
177.98044788
319.489366476
307.806264617
17.0710203587
224.431013334
109.746485557
159.330849147
49.3303856491
356.571321837
356.571321837
356.571324801
356.571324801
