315.675197021
106.339480783
349.357886695
224.757766517
307.832916702
176.181835512
132.99280637
278.979584663
240.385039817
106.693906093
232.512101054
237.661545391
160.596835055
114.252875523
112.437032375
67.2418690323
326.649381998
141.559104491
138.174312676
66.0290166641
228.298985296
358.718927866
288.677124296
231.715613448
326.670616375
113.523445323
357.597175319
164.256053867
105.257189967
140.262557088
268.469557414
230.415398867
96.1097633945
29.8716887892
149.804556634
146.145847714
164.169349477
36.2462497434
168.662028321
292.895980068
204.284924124
157.897683864
223.576797493
335.803823637
46.1204372852
264.781450778
144.753742408
160.540020587
11.7539715747
324.061230081
351.634918612
345.848192099
332.576688201
234.436687926
84.393386195
304.188705364
321.613861041
266.290331164
2.92765186231
313.559892791
336.283098435
229.994240892
7.48726012018
311.283104926
277.914137268
32.4437134915
45.1699171311
186.362481123
96.5918313778
192.327033439
353.994950145
79.2736618259
57.8033507517
36.3546548644
81.4466172779
228.042306401
50.4616677456
290.531078855
74.485711606
162.500542061
13.5909182731
40.4321410379
225.368358758
98.1056337446
22.7552765111
124.558494237
31.5391294286
240.025358126
164.823784936
101.157533076
130.658647941
120.705257925
320.964464211
124.878855304
207.338487717
80.4383961687
77.30448636
233.175230541
221.138595304
145.192294398
181.658161455
286.942212487
182.823916781
210.850973676
29.2905079563
84.8922728014
143.486045263
51.2534685566
7.2615920897
292.772613352
79.7340811688
230.73387148
82.6500149137
13.8484480851
110.169061226
247.460771108
56.0732587085
39.5160919637
353.433991086
23.7596606388
123.334894779
201.898166432
276.820789054
3.8030289734
181.482053098
93.5866261731
274.104075649
155.181470966
283.288786598
325.49214195
211.151362739
24.8161760557
316.223031255
334.190505284
342.593122627
270.837718408
245.296045639
161.326166945
124.292330414
337.64342749
89.9122266001
188.857104326
254.897303041
187.935628909
36.236484233
132.177540275
88.4470981865
197.16489275
90.6233468883
341.74653765
41.4976933601
92.3885643856
224.044105052
123.118765606
182.119334502
190.872303879
171.533178191
279.977509689
39.0391194043
11.7644862007
220.584307439
6.95412919621
106.024279518
216.029186191
11.5112640312
319.395866987
50.677250045
70.4799772736
86.8878930881
221.244931856
337.184890942
11.7785973454
264.881425265
278.077597538
318.911239135
187.22192464
217.19745626
49.7887958499
152.228270885
352.398284024
197.098907044
16.1199683892
273.721029164
318.151521436
144.680014559
7.08436395625
87.6633222393
106.232668853
329.879934626
37.3717037927
115.695550802
238.672671986
151.483461206
100.310620338
221.40384514
148.570591798
99.4570749941
71.579250649
42.0228728828
81.1591795812
166.221120554
224.912754861
104.63226262
15.8680236031
260.714657662
284.190128942
248.449676726
98.5257662712
346.739007598
166.994677649
23.639565723
26.8318025859
340.22266285
275.265531235
267.972017186
256.112497413
331.437496019
326.205051433
113.079895738
48.7696286303
247.440938877
298.762297145
107.778796028
166.994677649
23.639565723
26.8318025859
340.22267962
275.265531235
267.972017186
256.112497413
331.437539548
326.20509262
113.079876309
48.7696612957
247.440938877
298.762297145
107.778765761
135.674355994
135.674321363
135.674356819
135.674321363
