243.407376105
88.6193814765
219.941622955
82.588819007
332.016782037
121.72759788
320.148308388
215.728213495
250.592764189
62.9136310415
359.565924212
292.025867828
6.45043782216
170.1790028
251.420188183
166.728061888
37.6320561921
66.6505534089
353.36984498
281.388536551
32.9814632704
244.120980613
153.110308356
22.3101995324
117.055292718
263.462444782
169.555153156
140.71851285
237.378334096
137.152455321
127.218168098
160.060648842
161.670998785
255.339457619
59.9535286077
216.180297838
257.605471924
261.519782875
314.212429403
275.077879061
292.896149259
235.370851312
215.56148968
252.552238122
301.679127619
120.309404026
171.410379405
298.467784994
213.111132815
9.24561930422
108.082271394
208.026333543
234.77274537
141.787943845
108.319389934
190.25518235
289.196743409
289.662748813
19.5517486151
70.4478922142
82.844963099
143.449986063
333.073335776
197.146112424
212.520871964
138.123261379
284.581329659
203.497342443
222.956559987
283.803996196
200.048255792
140.153468229
8.19925541591
335.077734158
83.5574432274
278.58465801
116.308212879
59.5612020242
248.472878835
23.5807758128
151.263433076
53.412950763
183.851944959
46.416208785
212.819871966
337.92791486
185.787113528
273.231234168
129.038659001
3.04902352584
199.735863803
133.492950527
79.2352206382
9.29663943493
320.024183971
36.8395759417
210.456935217
350.261932893
121.31163311
77.6993104796
347.667373311
58.4108661641
115.202334437
76.1786310683
272.682552953
163.687369207
36.640459678
207.051414061
305.369016732
60.2619599297
327.001833885
192.283514133
80.3360994655
216.792874139
145.493069801
359.54690403
319.683166142
294.957743166
324.621075053
81.2324990523
280.292181639
92.2944167881
292.986301076
302.455193073
101.056823079
289.084845335
301.851275419
75.2126748714
292.788745882
52.4550295178
235.718258402
69.5398597751
220.294828147
180.448436701
54.7784866344
224.620715603
203.149295197
78.2116800118
27.5635874931
209.205684001
241.052039858
160.640485786
241.05890261
87.9460299145
124.334103353
348.25931272
106.708871409
308.921027367
190.762069742
12.2025818494
170.015743427
232.192307474
75.3935942937
59.1405351027
193.454979871
260.721436722
297.62179572
16.6704837751
78.5926057978
221.039116952
319.482017862
11.964974072
356.650959236
349.299787771
234.966757757
109.737500332
62.0378806797
298.311168329
104.295780213
297.744122911
13.1579971396
319.135714625
136.00415038
297.466199672
171.1946373
57.3330733638
353.320473812
4.69555307571
202.106984607
294.675872697
243.880405479
342.953342306
284.708601636
309.592202948
302.220602734
120.094722544
356.61407201
139.264905501
333.845024326
105.433547045
26.7529128039
92.0896771548
178.306584977
54.5289643441
152.840817443
73.3052014514
307.617400439
181.119342446
154.473116182
148.393689358
342.929850536
172.90749695
179.339826671
185.542895614
207.864109666
332.991653147
151.426693754
205.708746856
342.136143094
293.653744134
73.6613215962
266.992369857
336.954611621
54.3096793804
35.1383513115
76.9215403776
235.216763478
7.67107473096
344.320537826
60.5632804064
156.059974795
15.7188422609
198.022271029
151.426693754
205.708746856
342.136158297
293.653744134
73.6612740363
266.99241935
336.954611621
54.3096391275
35.1384323707
76.9215403776
235.216735205
7.67112384889
344.320537826
60.563304764
156.059974795
15.7188422609
198.0222239
272.779107268
272.779109671
272.779109671
272.779107268
