86.735800375
229.585624031
279.804750034
145.597561499
248.245444703
56.3003034858
60.1610581749
40.6474947462
237.090571566
130.318573536
98.1564940554
167.692229183
1.76099786209
314.28971975
71.7284708063
124.790815902
294.668464986
157.176414127
114.742301533
53.9767915134
112.431193629
0.43783014777
338.78392578
295.562563276
137.72398479
77.0117429247
269.505469374
322.19115772
78.2456544125
52.961642764
90.9100860213
92.0485629219
98.4267529423
200.290449859
88.5647483565
256.462670424
186.254679282
100.008312122
315.5130166
175.211696096
127.491266772
116.734056123
288.97031114
326.942221374
44.2523150593
129.581689597
133.709008279
300.77299079
346.975544158
179.01466946
49.423031743
246.725535717
344.227525654
190.861303181
316.070466696
111.070571253
292.550490299
190.229220985
293.722366612
152.263010332
21.48489604
103.973544927
121.141978985
325.133773058
73.7670585639
303.05532846
307.719010283
185.932794539
202.453709884
81.8736536196
198.546174215
317.1864736
32.0818637489
8.36552738195
45.1484430685
265.083816284
352.109380028
270.569247544
265.220002928
68.7667123815
172.230792697
48.3225475724
215.306495046
177.407250965
42.816717875
140.063622597
3.41571686979
52.2348868316
350.77983687
11.2739983549
348.169586608
166.414959438
113.728729868
194.790631013
262.141103227
262.310771287
49.7289415876
45.8021878958
2.36738284099
329.876224462
196.800835198
77.4531971516
135.762295984
92.2698133499
229.211394255
237.244458026
23.1730215977
197.026653032
335.596594986
193.714695533
196.539818818
306.294117434
179.203918194
340.179910857
233.171981785
334.652129678
7.8435904749
23.8411168165
92.8130491424
276.482064179
172.172206368
103.724350863
6.21297573824
306.099663365
65.2750679668
47.8510376096
155.882760499
303.375134101
235.083601917
356.711178753
234.985810913
38.9508487843
69.9089478618
354.705551747
293.842219242
281.137580658
133.263769973
316.859187831
289.906787038
32.2035589526
43.7441756745
195.657377479
157.320382953
250.836834324
328.044985422
176.236121958
260.277515693
215.677213421
283.012728247
180.553461279
23.8049115939
63.5602008273
38.5142264804
282.286441023
45.1012545887
168.594628739
60.0115802597
98.0071636127
113.818441976
340.734544913
355.148678169
177.552543695
354.994633512
101.920267488
216.519376903
137.963318594
184.344857647
327.954392014
159.898654192
183.056418161
18.3392972546
300.751303469
167.906544455
14.8646117629
264.536197085
313.420363274
228.818604306
244.260780622
249.258377545
359.587682199
195.747571747
291.49195508
66.2935907736
343.243878047
314.826087623
82.2276453868
126.323137195
125.281680511
133.692068082
28.2615445883
21.3664097354
249.630168769
114.105741542
58.846485749
350.056553534
231.922980807
314.085366757
58.1212946492
104.630844255
26.3705733724
251.47741325
160.184183263
65.1830944403
103.707759589
40.5451091696
323.669091282
60.1798936121
52.8030790024
352.361753386
302.824271027
101.293097779
11.431493348
139.311232026
260.334135758
21.0611693153
220.381305865
234.14906136
83.0712995034
130.786041481
260.927628878
223.999652368
212.986838347
306.557183078
323.669091282
60.179850613
52.8030790024
352.361759973
302.824312675
101.293097779
11.4314835251
139.311199714
260.334135758
21.0612155659
220.381343618
234.149090387
83.0713054822
130.786009106
260.927621063
223.999652368
212.986755203
306.557183078
162.101206762
162.1011596
162.1011596
162.101221994
