26.5317322908
258.684560043
288.714320908
318.925904876
143.67526314
141.236956812
156.672271384
279.740391265
103.126391611
328.593590461
316.892436956
74.6462255831
328.769963234
134.696852828
172.959684852
36.7845577632
250.76530154
289.098350219
151.431612329
140.076906156
13.3423715551
78.2901429572
114.473294489
329.562291668
41.5791462367
242.651476549
25.613366273
191.035735855
91.992673307
3.45067203193
134.10177143
140.038394365
222.906073113
86.8971248337
212.322693865
77.5478129636
258.426825274
299.726479225
34.8311261607
34.7887586472
121.370229354
278.863044685
353.858383397
285.39095066
103.811442931
62.6120665994
35.5057534917
225.534863816
287.906865063
331.749544794
220.164816059
16.3174561296
333.85428395
81.6301103875
308.56048597
215.831166367
15.5942308499
262.051133589
1.5147996082
70.0344368014
187.898927472
28.0782302364
59.2116355008
242.680414541
161.214238958
127.674958505
206.588501291
179.990515175
226.777429641
156.831839674
189.994722874
307.505932396
135.399843388
356.070262476
352.636298634
270.841360695
266.655191974
76.4849991832
23.9244052399
268.098398606
318.566768984
303.70635811
200.03164456
90.6876321219
331.589133043
194.087979388
279.765069373
305.765034859
80.9876985937
59.1937009684
30.074792537
118.517439651
90.541206822
245.120735025
173.079918128
119.642125355
67.3655058399
320.188597216
31.3677048795
134.88543698
75.9950201469
330.109578675
337.784533417
274.392995966
247.230415884
115.768464213
93.5131336429
311.798107878
53.9730146829
278.340987621
343.411728264
4.44327430304
166.115024714
21.9286640633
176.704329213
235.704561417
242.462376534
214.228933824
183.639266155
57.2504680823
312.525298331
308.347444133
225.088717092
211.585017604
98.6769961544
269.681516347
315.174709627
108.821233314
63.5532134888
236.608268288
122.224788431
145.265057372
216.896343637
303.757394827
327.145091639
15.8762282945
358.628950029
227.549680977
251.597344799
23.9615932424
204.464372196
226.73375994
297.326492841
288.017098887
256.95144539
9.6820255686
155.378577184
22.9381922204
252.334328244
258.626879048
192.913352963
337.594529923
111.378733292
251.338752285
189.275422309
247.827656774
4.44745087031
281.778195291
339.17862987
31.0321325529
206.873583368
333.188633329
138.482066923
353.595872301
23.0693271927
187.707831365
164.311347976
54.1263382156
148.555353337
95.9097751699
272.918770428
325.613562816
283.600550092
87.9225474367
9.3574124134
212.943947865
121.622673282
359.860434828
169.253990296
335.675250039
185.895823727
26.4977595861
97.7372844282
247.443343092
267.02194777
319.322212565
141.953375555
303.695517766
190.334746454
168.263621868
55.4045500443
137.657315572
122.340894958
250.719736439
313.822834835
2.36782851345
355.331064176
199.13577941
171.771301294
72.2025283782
310.943809155
68.3511175721
239.346663264
326.849734213
274.295655497
131.922876862
226.495497307
357.185278403
236.953472785
61.5107586992
55.4309178626
167.701670407
204.564225998
87.2379602725
108.035303173
190.567586084
11.0880810732
350.714812395
72.3899101786
299.143060753
98.6008985245
210.554372296
24.5300605154
226.495533255
357.185278403
236.953472785
61.5107586992
55.4309178626
167.70165985
204.564225998
87.2379602725
108.035303173
190.567537363
11.0880810732
350.714812395
72.3899251728
299.143060753
98.6008985245
210.554414976
24.5300605154
60.474640864
60.474640864
60.474640864
60.474640864
