133.609118409
112.465131947
71.120915309
321.830357638
165.953455034
204.489096441
168.555290185
162.385655597
42.1440932436
123.076934729
107.108203826
44.4502454687
341.408551133
182.838754295
310.164001942
341.363578096
117.209189042
196.773323141
43.6592724644
57.6676159113
122.836884491
225.684528718
79.6401610321
191.50099497
152.061938835
111.672176198
237.053453937
260.521612259
346.183358041
37.3578561091
211.592005098
222.288678687
184.083916551
150.545372768
35.4308914627
256.872081607
350.811353149
62.53611687
57.6691867509
273.99282981
128.242762588
349.278529284
88.375750636
178.796410489
4.11932914585
292.933390004
53.5123728596
190.87816015
188.882456022
142.919981091
60.4844397858
204.590540716
283.722962651
278.554132618
212.350616582
244.762303326
264.362512153
329.907847007
320.998258484
122.798796901
121.634941621
297.57700748
270.354267618
165.787059099
296.924828779
229.362618293
309.49716552
240.324614437
25.4884939904
137.177254917
90.7560327619
158.764669046
183.636982274
46.1961770125
111.755079905
258.776180165
56.0888500272
299.304531996
312.014871028
76.6756603781
196.868626731
113.225099788
106.229995016
71.7196588222
211.330250072
182.537980445
81.4220567829
127.250740681
229.861441472
192.29690355
280.968106883
340.59709694
347.760731135
162.435037152
284.006282566
76.6417420058
206.317926564
287.72887921
292.395693119
309.267235676
215.381866298
44.6687153573
337.917427483
351.812512795
118.492906022
51.9880911626
44.564795231
230.308960455
344.621144933
71.9545837906
13.9939195658
1.52994714756
82.686792389
211.805195383
248.558866772
39.8288768489
150.247864838
282.724424303
279.875320013
199.906551018
156.024140461
136.956641591
259.79460929
26.1147956948
241.391558101
164.342479354
225.138095884
154.941755151
316.760261887
248.278806766
214.387935541
164.337881669
325.142661916
356.136236123
64.8760188504
112.700280327
12.372202724
181.853526589
170.669713844
192.322380524
284.891459205
127.387733408
5.3561257396
69.1618843924
17.8066328882
132.644549188
289.728701844
339.651580764
266.992520454
306.243478401
157.357439702
117.887738982
192.989386367
251.728317964
134.173499473
149.714602438
151.852619872
74.0275226983
100.791921885
193.705741694
16.9753477813
280.486073076
296.08046994
307.981353895
165.896550377
238.711507755
235.531555165
66.3366755466
282.520400123
251.230938537
351.309417052
193.912868834
325.101600721
286.941984698
328.396488168
199.747139811
78.7865390526
205.095956169
147.851397237
130.679876563
9.1922443109
204.525440964
4.87847825329
267.454677388
218.711799165
263.633424946
292.824119582
235.339489039
126.997320293
75.4414319785
262.757790608
327.090392886
101.554157841
147.023197076
113.193882164
135.672796382
214.657658141
62.4529331585
92.4760203345
87.1363869835
130.440921341
279.407480007
82.809220884
11.7200239753
346.421475063
47.631105762
12.2099237717
190.190645743
252.076928881
210.16346063
299.318626922
247.243940049
232.633549738
191.534324335
39.9559071518
182.620236268
167.047645436
216.374009386
328.607428641
1.02230900733
53.2836438703
56.2247492013
167.151776224
12.2099237717
190.190654512
252.076928881
210.16346063
299.318626922
247.243985753
232.633549738
191.534324335
39.9559071518
182.620236268
167.047693737
216.374009386
328.607470948
1.02235856091
53.2836438703
56.2247767543
167.151776224
268.772814029
268.772814029
268.772863579
268.772863579
