154.180596832
280.460419716
226.073621527
7.88193578101
91.1823229655
84.292582781
162.225772357
175.986449676
246.664294562
267.694620553
305.214799744
2.99502474137
331.909755483
46.7720670308
333.933713083
31.8669742459
179.793229124
133.142478216
310.903383257
261.082651307
23.4162651401
320.087909183
222.814223253
17.721649512
0.000297368790477
198.352606322
213.592732933
241.294960848
107.193733693
98.8173527905
134.608018042
338.617081267
272.881727408
94.2335257998
117.189926948
218.602081833
51.3435848563
47.0394683515
300.111289221
318.441238058
316.475218179
354.623714862
228.638264412
337.820275619
228.068450849
37.299510401
114.686741889
0.646889883899
238.139435089
356.15396617
229.966381442
228.746554634
119.613512456
90.6143757153
234.888873787
310.265413792
46.9276594789
298.471821504
170.873371198
249.087944258
35.6467340463
249.788369281
167.854815463
48.5515181801
288.50419871
315.425181585
103.792355894
239.44547447
270.437285082
329.130654183
215.540519605
51.9433077483
98.7954300015
271.245280248
259.639979844
83.0598007483
220.734497773
84.1601754448
328.286081207
104.086185319
258.575466118
32.9381738325
130.239779425
229.168779469
10.1662269553
354.736656187
50.7811238728
228.443357199
314.761095933
30.4270911551
2.32447607352
303.085746361
276.273989898
195.068610104
261.293523249
335.343482469
130.576057091
217.508542499
156.399895012
194.042397923
26.0319747775
230.82325548
2.72859531168
300.683831899
292.415005073
299.185992999
323.348782971
347.194522963
114.371808283
315.559488827
0.860320371864
28.8074477267
271.30283554
331.811964039
107.827400557
270.463429506
332.712387144
210.613042874
270.323854967
82.2441520343
347.661950653
256.407503907
142.498262812
208.417465791
81.8771765428
275.520368058
140.606153033
192.515336205
137.510429317
69.5891211894
268.835373872
54.1268337553
11.2707640891
181.308288568
282.080201375
191.208402989
346.448245316
279.725946999
317.527563955
94.3142637523
108.364390295
58.5824893622
220.177453568
9.40021110056
351.941677341
156.662935237
167.081967336
335.428965117
190.479013578
11.8381239955
36.6553257015
320.468002287
161.596008686
214.728613401
141.687918725
74.9640097231
347.047387784
281.228922741
267.686536612
3.29025900475
101.958791792
100.192057607
260.221706545
89.2888987995
56.2638837944
230.682523465
66.0657643327
286.335982209
200.90961651
223.615840821
343.801343216
87.6332629553
179.338538016
118.260000089
332.322251332
344.008045628
288.93846872
145.895958006
36.384318216
175.410898394
36.2597794414
152.562606672
127.225647146
297.118708336
326.774960526
85.4868980374
226.087388225
134.160864196
270.864136919
130.732979815
344.234350484
245.846010272
15.1141541837
149.11659562
155.270926688
339.893323166
307.732245095
166.469756717
31.6736330722
297.757058668
115.65711951
12.2897095361
227.139642091
267.749677976
110.305415199
96.494953374
17.6864262248
41.4273797461
182.897730633
45.9444947049
45.3075061206
48.8303883944
177.736552454
85.5053715685
199.373778317
200.105242477
224.768871549
338.648840568
179.296011092
141.058261921
55.7070272004
355.651416212
93.3709804311
45.3074708878
48.8303510863
177.736552454
85.5053221594
199.373778317
200.105242477
224.768871549
338.648840568
179.296011092
141.058300469
55.7070551245
355.651366793
93.3709833454
73.2111157393
73.2111014237
73.2111014237
73.2111157393
