271.87217663877
293.009528023912
288.069070808115
312.058448176732
288.059562020558
312.586302772619
354.217033253746
316.483634105765
284.860470180918
281.785763090921
292.39542897516
306.907063255143
288.251583175632
343.947292128727
303.107118031201
336.585103265185
315.583112868116
304.962778431938
329.629586711736
295.845136401786
299.268706199626
276.364885850188
304.815619211984
318.453514422845
301.514065004338
349.789672426613
318.781798231514
317.196708382085
352.640419140902
311.209624482988
348.863280455603
348.067433937068
318.425076316003
314.667034810693
339.406558677187
282.618193479225
314.614610318199
324.619811269502
310.827775165437
350.639875121291
345.572438365458
328.961333829388
322.224808778179
321.503406887072
275.944807195665
290.196758681775
313.99106548689
332.208099192844
324.548908183225
350.753824705639
299.10871638908
290.962668863819
295.423426729363
304.062932399606
335.017926910787
298.316220045869
307.6486755968
305.971818397316
355.394972125284
289.931129962887
282.939271175384
353.450679557037
312.955043018386
280.538363187044
354.718454574987
302.929070945866
328.621518076856
327.621238360642
355.602697766574
336.750762545543
340.03930051051
283.402968845313
329.932373969552
357.925379246213
334.014795343847
306.711409162531
278.528475446166
346.637849573856
330.963924284221
322.011518540087
335.108112425209
275.984319673569
302.955808916101
305.869438018688
297.316817417327
316.434649339595
288.277128745943
291.007145702877
338.559968024819
342.081841810333
311.659266177173
273.271557032881
321.025494863742
279.412364608883
333.310252142
293.06759044465
314.088506437827
322.638932954947
310.547254118611
289.365486755445
310.38311631747
342.656091728603
345.354599119059
352.824126971224
286.600100945416
299.525495468685
308.143611078999
308.290859658775
313.660834076722
334.012265994534
274.217422818276
337.592062739939
321.73995593423
288.83231901742
273.349267231806
326.3845859894
333.024962707352
328.407005871569
353.190822204032
313.462268208556
318.888614083916
317.02127846802
327.412529944705
308.805358015328
334.218282811621
342.710256649732
350.862570030028
280.395170920681
327.10718415866
355.766005970585
282.801352237043
346.488385893046
353.83846731719
324.040772863202
310.606130676659
284.752947211406
346.317749839532
274.005052383889
280.571914242816
274.745110892683
302.607713544333
319.1176125193
300.734072611392
328.020930219403
277.295974375163
311.049757763946
296.126172859407
286.75539548156
322.34361752914
315.02498073831
292.700914852058
272.124866390184
342.909679493826
338.11393509278
302.627851680539
349.803806440663
324.990667190535
342.73962972853
313.812105234089
319.95787972139
281.054602878542
333.584486231911
309.362013401983
342.673795864854
346.240763466446
303.675928372621
300.342114156489
319.99675023255
330.116686825272
296.581976415418
323.212285251197
323.719016965418
331.894896925125
327.741941204858
314.877444479589
320.309226528139
283.279300047152
316.655867188097
287.113657726869
324.239341721303
292.265519123108
316.198030696148
315.423978565613
317.682497115712
337.766613261637
302.447615728881
325.569699428461
295.236543454901
309.416254570849
310.403612310342
302.070213824835
338.611181012032
302.84426415376
307.091110423823
317.765087192018
299.320807346417
326.719212525507
293.687866584625
296.871748459113
295.946984872877
357.101508968077
277.793088489271
347.249643642455
305.306983755534
310.931102796248
274.22510390121
333.06738953722
338.819454636149
339.72297920616
330.070696294808
273.310708768778
351.70428161546
327.679762102871
318.529389192709
316.681897510601
343.45530641027
323.021074341755
331.180994987661
355.714337191664
1.99402049114461
0.601243376886211
0.430281655385332
0.481781808533257
1.1431393546792
0.254428565703879
0.155174593758814
359.740181460613
270.012948627216
269.996660734152
269.07551507283
269.372545569341
269.223126173627
269.814695783743
267.745700256283
274.490920573039
290.713545937739
284.951715522343
307.793716860529
276.552531492578
296.536072589698
311.341105691004
304.491909751286
300.373068837757
0
315.000354148628
270
0
