289.115463903415
346.025031126296
353.478812636587
317.656232377325
303.571743679177
341.535639409101
288.734760422108
318.686001033482
332.86309889808
315.265025060318
276.591581485725
335.596435764192
330.701574656654
302.315041355468
347.580498992434
346.226624292465
309.950855990251
313.141150868581
304.828575255012
307.203190143048
292.693748952085
286.039660268156
338.24256538621
339.783566553411
308.883046907805
303.9776637042
335.938217256032
336.690626914855
333.532078986458
295.933332964912
281.768447376046
350.522793869173
318.281705044478
333.62711833002
279.992474924327
277.108781207507
342.210472684045
283.524356568988
303.407948867049
315.143314320689
349.530073359382
294.681198566783
314.937609790341
349.916156657975
303.28793191469
332.870854365736
352.922007543939
278.612761571027
274.656998572812
328.674030655593
319.473111730671
332.589116048152
273.451741115897
313.33705308378
319.182643091635
336.569966449041
274.655300049549
327.11592616671
319.103447671067
313.595530964498
287.643192028586
316.494302507673
302.095627050311
277.410457023997
287.084741954108
357.060435182086
320.885503641219
310.857298961961
281.252776623563
343.699067779056
321.944320807103
280.530606217369
297.422125330421
290.474340739749
291.353471078399
298.366803069769
343.553711982676
330.393444260297
331.08212710513
302.091193720657
306.062678186446
356.329453847177
285.440148489426
304.192335367036
312.958115774396
312.973799449585
313.157530611322
307.628402354419
279.713318289437
283.918095944125
320.587174867403
352.623055387731
311.197970432473
315.249469841209
320.767449469103
276.032158795008
287.458890760413
292.083927110801
341.413149355638
307.615775318791
344.748992059675
283.63637246902
293.928725810997
342.861819294597
325.952193366981
303.489138575139
297.648965845642
310.311703688472
307.549413815703
353.962931423528
306.069145719065
312.23623435705
289.371615747354
317.085207554042
308.207700644918
273.097190797606
278.40026646672
309.330758405814
328.231045762426
292.003790169
293.882657163658
339.286296915323
318.339783263154
307.975380494913
348.659094838916
348.714374477863
354.477088033622
335.093502408537
333.95029014248
333.043664882829
271.715297619168
334.329752812638
290.525956236922
336.678326170972
299.400148927365
309.561848877841
324.678139818677
321.431158778718
317.60720793643
321.974112272421
309.977499032428
325.912429913423
282.682755569765
297.750269475489
300.617472436103
316.818469070586
324.682864446009
323.793526612236
323.267370767626
354.230511989353
292.783970648046
296.975419219912
275.840950818997
308.592011085219
298.5510229097
295.413791850025
322.280255293936
304.242897418882
322.873824338148
320.150397182072
327.049829937586
305.304717991807
290.484514892895
329.652111518216
314.862495929536
313.509391216026
348.428577378286
344.008692107088
310.186818983315
347.488051901491
339.612033336411
329.600481337567
301.557691833545
279.043997326328
319.02540763935
339.038436529442
272.923088917839
314.40719199252
300.80891526308
284.065863891747
324.168300320307
356.143060084075
343.900339387787
314.332087288699
322.960871345661
330.810824724644
317.353654413766
286.247724228464
306.522821716008
352.913420380223
327.325446126655
292.56872913731
343.020903682568
297.710823899141
287.809612237705
281.740376994429
318.887447176739
323.717439596143
299.751025637376
294.305317373102
326.929429474938
284.551107766602
312.410752816374
309.859777731678
327.230960906303
352.149872367413
327.949452530053
332.066426326182
303.402469973354
296.236532312328
331.256323725412
326.102210948796
337.38174486678
351.06220354641
345.457410568902
317.351353275657
322.154416847455
354.64566537114
342.014738812385
358.467138048457
359.877731343449
353.362772069551
352.768116263776
359.019507008751
1.25533631375448
357.973401983353
359.055635903757
268.42055547938
269.778984281933
269.022213458788
266.495777539409
268.595212851069
269.790619565494
269.660724041298
258.711771227179
269.359523272718
304.647486811517
311.533818995012
274.863567164597
278.52013369538
301.636043234194
293.572233365628
286.110308471552
307.875317877483
0
315.001264068219
270
0
