296.327147447092
275.075736476065
286.819800177192
273.050173473443
312.804623741364
317.756759581182
305.848145717797
342.083345684618
292.454178261994
315.232097598022
325.934688138695
331.790954123828
277.921224847096
305.600766617715
307.536707712515
352.80214857552
308.726110364753
318.610770776064
303.233229458931
272.173078048128
315.620993519657
338.653653984609
272.744793359811
295.970236575267
288.51059146333
284.086902483952
301.352919610829
326.388308507492
350.906697586907
315.6497161448
310.225757085041
299.401487033436
321.698771890272
299.79790919035
282.845323159145
278.40774388979
354.688497359471
331.92574531789
317.82590756602
325.431631557354
354.591542553425
283.01026144653
311.846695971407
291.224624172576
301.727259960186
277.896724007288
310.110280516196
328.567768656463
291.053608151623
333.251356640558
320.930031865099
326.774999981893
287.012977187604
309.557395881351
300.537473425343
357.409510819334
311.0290250387
352.287147020185
336.921241851728
292.008347042243
320.110294720048
315.093248101359
330.482781911035
315.86216668404
315.243899925863
299.912250698547
283.148077815484
300.230249165528
340.481249665725
272.972316158082
306.103828446666
313.015412860746
316.757003460327
273.838322033252
347.597455381776
322.009180305257
303.711753962964
290.487878067846
303.079231117114
312.252309071185
303.848477930186
331.807619629504
331.988194980753
345.077160230947
277.779760069579
280.394377145777
323.682387095521
354.125247857098
310.834854129861
300.902713536286
283.931660466453
355.232093654387
325.201947109548
292.214630731552
285.899824596275
285.86932906447
303.892691649578
343.54470942422
284.22810998647
350.256519279924
288.643304864376
357.653739656127
278.842342690537
355.294238822988
331.420558973818
312.897019626416
273.322887973103
351.035664447943
313.085701256878
296.930415816412
279.508757332758
320.721123818039
320.476092815412
324.823558231814
319.975519196381
294.935600920977
322.023401676297
272.520087877394
281.56625397149
328.409174843088
308.442702650803
308.092996230362
288.229072765473
290.187479218854
307.134609573693
277.223125673244
338.382466044635
340.303974325872
293.982120650084
296.055099559576
328.33445835612
295.391259689297
297.299863152393
358.794787273855
319.68623652346
298.629032639823
343.067397266653
300.740246127287
347.018198858223
308.32293788905
338.093354078611
357.692517655772
328.725673760059
318.779173068056
308.05279522067
334.944090969116
328.273178168289
333.247955323549
338.413233258319
337.482819348556
337.427973439235
328.232944961368
305.700152222367
323.232021160512
343.55908792864
287.491786103917
318.074531524266
344.216791717314
328.055726996388
332.347506232581
326.30816188048
341.614581182094
348.175030677123
320.911564032579
326.521341470369
334.193456170745
312.922599502083
336.518649355851
292.099972157267
342.460444171503
340.262410110468
325.592922783955
313.78446039801
299.790229251563
303.449202136223
309.902096970864
348.554780849105
293.615933978935
315.669341144919
293.941623314422
351.167509629023
347.307826933654
335.274087625765
346.172034344523
351.929074047329
308.830570045078
282.802104050431
332.705423961338
345.485258188043
323.363296725167
296.842255200351
350.203145002523
335.268707878578
353.552915462893
315.860776386778
277.141271230258
316.553158489892
287.38691855481
322.628917720323
322.836840300154
349.380194186417
318.9459387502
276.672199113768
309.645926300522
276.550582643137
302.630852350402
306.944680323848
319.222695054265
313.417368075021
286.094276206156
320.589028489373
317.31361217451
348.178928949827
340.64804523951
337.326681978291
325.208323738089
352.828444176087
332.237770857833
5.50724869197359
8.99419966208806
2.86901256767914
1.29174926825024
2.5538570591775
1.34951040669522
1.17505249970639
1.77822866445685
5.25989639818861
270.470359454283
269.156399398302
266.441851348006
267.098549469309
267.557061016697
267.824287980859
267.194641975025
268.758230726793
275.074168063425
280.682258860339
307.033676769354
311.543827784565
287.75444542647
297.296475342357
293.816988720768
313.936046448728
284.321357869781
359.999763999914
314.999951073243
270.000002878041
0
