352.995720429444
327.649110192169
275.291471686211
314.69575226115
356.894284329223
356.021863733091
321.492050688642
289.256752927331
280.566442710604
320.082792695122
311.833943238631
296.21941440745
328.495362721348
315.027586940912
348.1446500054
283.78900510001
316.873540231461
300.827246536976
333.541800909956
312.975079589952
295.924168311157
352.537858698268
326.167747444048
342.322622176564
293.768232676074
298.842176106648
306.976563548809
273.673061976542
317.32627721937
309.573705572167
290.205838039254
277.303893920355
292.301394441256
356.779246228499
287.454194807841
286.071570349404
338.188370661319
308.823392725025
314.252714021638
311.478130523057
323.450258282277
282.907839552002
290.494744120582
342.202839210199
310.857847724935
338.257724199704
329.941162727854
340.989547719201
353.670216647141
307.138087893602
333.496057551153
277.150438419363
323.261285921407
347.440148540544
329.186936189249
327.143903743705
296.199608781245
336.141868543238
287.478003120939
292.577128390382
314.934377914916
295.861245148208
350.591570057719
345.606311222266
302.903722724696
302.724646374505
347.155222967134
279.106011063483
310.308313437838
318.616004948362
333.318053215305
292.573192244988
321.5249666709
306.107155074388
328.257091368447
287.243294617197
302.408677058278
352.353167732018
319.281274832176
285.480221947954
273.03915936029
334.97128803872
307.601195010424
281.445101360871
327.281453900689
275.171527277221
352.783856829627
311.838105588328
318.252131524267
319.951217400144
323.610550650414
351.577964457629
356.846277082854
289.168774546882
281.069657315073
354.002483124379
309.009735629971
328.781694550358
292.800831463005
288.761306795719
309.473500161872
299.724694963331
314.975068751021
313.911784482415
304.289973149376
338.03874834392
338.639887030071
352.396165072821
329.778138075305
337.492828182849
274.147763579238
310.674558687893
278.488144797839
337.633728214893
330.394388781984
344.8617556957
351.493995860479
281.389673193873
347.128269366872
340.496325775685
299.129500717929
327.587572704732
327.99369443359
333.574540406971
320.885156617694
273.056047539145
356.844431767367
303.925926363684
298.854463709078
305.781437713475
305.58794247908
322.600308802447
282.989093302919
318.392165388076
299.94442244781
317.063815730395
300.773688681265
337.202334360587
297.135475459065
323.243454175118
319.230212459555
312.094652713755
333.470320773902
326.797165351047
306.598420844408
318.246335290436
318.288649004567
313.808890075954
312.435543728356
291.237002704965
334.166182829342
347.508579473709
311.970863109464
327.889758243575
280.852567954841
308.687661921501
306.8513350482
313.441170441962
315.510768039327
340.612242330073
279.196665347731
342.98425559962
300.219666433836
303.936514917255
343.103860552426
316.803748491509
305.969047687981
346.076471588276
345.309892210336
329.307168942
334.704790368474
315.020358465167
315.252832815388
315.493894496234
293.68318670537
293.020660137908
326.662083954516
343.112550615052
288.401877676421
277.224519617178
305.92331672376
296.463148502099
286.018221001066
356.632795793509
333.955280975269
303.255882923745
299.75816667264
299.644436147024
274.302253897941
317.717560467392
335.506356328862
322.869745454473
330.171398722687
348.899130436533
285.721955947056
282.13325587322
300.819341062902
325.650256061561
272.627799640382
299.294525005423
319.293986419965
338.786388350885
310.92891859617
278.096793859794
280.35070995079
291.110167017174
321.43892502991
324.200071824942
324.283367796361
339.948193360713
316.761874224996
324.346249496841
350.20649101605
354.045148524409
321.506097324847
327.490137621046
336.590845848978
343.283393621132
1.70538164050654
1.7582624765438
1.75801358973574
356.767578450526
0.115112480694966
1.60805998149398
358.763556462841
0.996293167837981
0.89630549582499
269.021212708183
269.377612201706
268.955865331963
265.512720309523
272.238790379972
268.648295220854
269.370996306934
269.225420793344
267.320525841131
297.828962373167
285.79358115264
293.791905324907
280.763113174849
313.078878449578
307.727081881543
276.019262679109
300.921469308741
311.316269460202
2.59103070871437e-05
314.999849618531
269.999991077868
0
