348.019972646783
318.15588540665
311.838220169026
354.310395316058
280.935366471558
309.836751038246
348.066401604437
289.577474439557
285.265053449261
327.238738492452
301.778576336027
322.503544186602
273.271006581429
324.854845724608
322.202000444603
296.241191884921
343.563469667595
301.557923324857
318.009779745398
318.097098310902
289.82703191863
304.565940138701
320.613158402056
277.470617828636
344.896015457987
339.172782040402
351.160267081693
318.52788854088
325.315501029608
276.803833304415
319.929138056382
318.746550502382
341.303659647522
348.927727639972
351.547271603135
305.685310549097
283.355675636181
340.113595719888
333.273095465739
357.984056420012
333.788642401531
314.593838153903
277.111674867483
333.216737373962
321.518326692209
279.555165184063
293.06717221131
309.120191565193
290.685878180117
310.42110818308
304.927312410141
352.227782025921
309.084049436029
337.290427641582
312.538067246292
275.603545806731
285.172717606301
285.690746185033
327.555833950087
335.368756978735
336.534047781477
289.323391697628
318.074013554194
336.678718259814
337.480559184143
275.05274552624
294.589561386529
328.485287907317
338.402789874316
354.744019785295
312.052033249213
334.840714738839
313.185910145302
311.910702451527
312.803111455252
300.017639395664
300.143117738852
307.212608143959
308.636193930503
343.796193055347
345.499755312729
301.928225600544
357.136184412761
288.837153420026
332.939400669895
276.369913153448
315.121978546115
316.900710687312
273.44163861949
356.79477509007
325.578663111423
346.675158291615
302.818546960784
319.515969314015
291.292522808445
319.013767820401
331.442176941095
286.443007663022
297.094371068858
302.852791391126
344.599313752032
347.760924417842
324.06529052509
306.887413075468
295.375243611169
314.572165485016
282.649421332393
356.163620513365
298.55395866332
343.045450422909
311.052639218215
330.398786374143
331.436656517572
307.644137280996
323.105356332917
292.331537429785
331.315915646951
346.813432292279
303.132577728612
338.680976405102
328.047043042692
349.582082037688
322.465347799795
297.506964218472
306.138834695967
314.229717836316
300.845577574147
280.944828162135
290.52285743179
323.245418848762
351.814996732557
326.594755876591
329.731791868918
278.247030619568
334.304089219968
298.376444813257
339.593629185203
342.487218322847
337.768614305839
304.332992873838
314.267524013525
330.388800222553
296.445283234575
321.229219177909
290.58253846793
306.702855882128
301.521089821222
308.972739591631
325.758692454228
350.120722007597
304.521067984282
294.003209713799
316.652715090024
286.747144981235
328.902795520434
348.191831623881
320.734560440646
290.456298299181
356.893828328532
307.954305471627
307.487254740708
295.835926073314
353.788541014007
284.010667183864
326.744356983739
280.996730264356
336.954409252615
328.007964675353
340.229963432896
317.304990569543
273.671186709342
286.400075063371
277.629032366017
342.320628325673
352.0850037258
333.837288387652
314.756620443239
317.455195559445
307.487757974814
307.808582014124
313.633300594008
292.55711788732
316.016866088174
346.945656669999
298.398508178355
328.403633902785
324.944781163343
309.245008639609
321.792260326844
356.185361928562
342.403658825143
295.97918299663
280.434136547591
297.345891504354
329.851177611021
284.307175660064
308.306038296115
335.796018972456
318.493081780641
314.482692186439
355.072255102177
326.459063243197
315.655016338606
281.993875173514
321.258436389414
346.72871570537
286.358045909368
310.267059044382
303.33798679646
280.28197176101
298.496904623814
320.343690987481
353.946810011631
344.103439271986
327.907428217064
333.493271820934
339.307927255701
317.237478678567
324.237137265282
4.01883306950621
0.248393570380455
0.29570685061436
1.23126740328551
0.193401153276751
11.7384831478405
2.09783671541773
0.143989116073648
269.939834976127
275.930012913071
273.101621259781
270.218302746251
270.406237974445
270.495281277296
269.879910446587
271.15995706773
287.464296025582
309.442557051103
299.182721124343
295.62496122606
312.878309076232
276.945490706542
283.498973289332
303.377868966851
0
314.999597064921
270.000002878087
0
