334.437678326298
316.13778183636
272.561935308551
298.421122125431
290.045221101823
308.674502295251
290.54424171998
272.903629670861
345.704378528067
342.891976622676
276.787825488344
326.5529017352
333.320032659796
333.010781615827
286.995037498794
350.159860523636
307.710690964817
321.679789775555
315.527588284979
292.969921445758
288.514689348879
333.661233691048
296.067913413199
341.133000632868
279.83873367143
309.072261257524
306.58805548734
324.470132109518
330.256361328881
355.88976915824
314.446920524455
277.809114913006
336.092593975989
321.145240484865
299.460519565862
312.415608834853
325.800597641196
276.166999826271
295.68691602225
318.875571131019
316.443321810122
284.669779322742
323.657330442362
292.441172454259
338.266639429104
331.222983996894
320.199741784277
304.335631526511
296.938682966663
287.856784750647
321.803487618591
350.456200940384
319.362577988689
308.208427238981
337.634785488802
289.346318184058
284.545429818323
300.85773894847
330.28317101185
288.537618928504
332.497257840244
300.982123149525
321.423755974442
294.032664658482
304.330348851879
301.855008075374
305.584725307877
337.577042522578
346.213745068122
338.503513246102
342.164267340413
312.979076023249
283.74211736058
319.907377768611
355.190473039097
291.101076123958
312.493240347218
340.445190132634
306.792043485191
290.590248645128
331.788419888811
305.872846501108
330.088734098975
348.287324644318
311.25608309575
316.413435338933
304.748441451932
353.201540474079
298.250763619671
280.684789366161
285.823040283155
315.563689411332
350.716010071087
353.278326745831
299.521633913274
275.750650349243
325.364215542797
324.694526641309
354.155455365067
345.963299001757
294.871585145197
346.855856483787
332.421885132363
303.404810007571
336.719929928056
310.689303277072
280.811962732501
280.279791842232
337.726384775887
302.890787811881
300.303338060746
329.571669814675
319.897172663016
335.454294649629
295.571385303227
302.776563397895
350.60963133436
280.60053654684
327.728274066478
302.150667056231
281.981130390494
353.320860961809
305.716020558456
307.969314998621
294.563374814844
345.201383663032
323.799579720989
314.525529499311
342.986218205142
343.648673760505
315.487519352361
351.496333461949
317.236666003042
310.024497513011
310.100665909733
296.558273815845
310.952183016757
313.837160826044
328.929716697378
273.681836629123
347.113625119272
328.636061402131
319.638827296982
312.183502710604
317.018771998282
303.213927195045
310.467059593881
317.726814312526
333.699845510657
286.219433355122
282.94068688271
274.12144268339
325.489587847344
322.636507051214
339.798532852281
315.285060470098
326.55002855756
323.608580645231
292.10689010716
348.103391598934
278.263832404263
275.833470636997
313.612349711379
296.800966222802
271.597103660887
356.781103517341
299.708957310524
300.513718550946
330.135220738741
329.782192429934
288.124762717816
312.820626468687
320.365576046646
296.896729193096
341.231083029567
335.082324689397
310.851051608882
296.476425252312
277.444058554581
284.579066284256
271.721288778181
355.460742643304
316.072376125946
323.566342729204
315.491989887656
318.464567049963
348.323987000753
303.874890926355
343.233089246066
305.815847642889
327.58713899649
286.407803283008
279.557805808352
337.487294796613
352.225232457282
327.026741408832
309.673200607762
312.836215156555
347.259590510212
330.631886303755
309.302491377867
311.099034075842
317.007233490288
287.09356647937
324.333172450337
289.341305493745
341.307459433827
344.547971225122
304.478535857597
320.741662524848
351.760669914475
319.18247972421
326.785752182297
346.416991842758
335.120054428716
321.836286623281
339.672550048169
356.167088616226
357.46366402629
354.714587065591
0.13703895630319
0.0750428517578889
359.381096998054
359.715614239788
359.051049475555
358.621628202938
359.846504951889
271.810763742394
269.9281732032
270.132178783009
271.826253062786
269.328600759306
269.962206065638
270.088426813958
267.855016977119
287.0033978564
277.377270057258
296.842264961436
311.576625729199
290.848615266674
307.800051625444
301.295895145434
273.837455446581
304.22236338821
0
314.999758235686
270.000002878134
0
