352.881991762696
319.08388013795
339.284653817751
316.859297712568
302.580260115867
295.754002347912
349.945797403075
332.033531746979
348.389342353622
314.538806280321
349.643891817721
296.926095363281
340.720632629711
273.345942568279
322.672224859824
283.005755109517
332.584469111416
332.697396765796
302.930564339641
301.359255459477
341.939742152543
328.749394830034
310.602481157994
281.565161450165
275.774940640224
317.834841444436
354.300056855628
326.541993375265
321.881619664854
274.887244800454
290.969723129491
305.105449633549
304.208457563857
332.622374970289
329.515404697969
315.024601203507
344.742792053716
292.133514056895
302.954502009891
324.209362650398
278.303847905067
277.019202697926
282.517485457718
290.992517846701
309.69503565151
288.962993144348
293.223326824229
309.823750180689
352.559488121345
283.746053352307
314.006150682228
348.591503020312
322.151021564075
308.221199510829
309.922618996345
329.590741864693
324.345083760543
293.152433391791
334.394851543771
339.428370176969
324.751581074938
304.231961151507
336.150654093751
312.909713295197
311.226431599718
345.395091351381
314.182256833406
333.955281461216
281.754549270699
347.31748522878
310.744939907429
342.757717491322
287.338308280512
307.026612785731
297.443532807102
317.217030402684
352.580522097435
323.082736945864
298.702925306347
293.465861838274
325.427134944276
305.525299710801
306.867595456677
287.495029214686
329.603735769097
289.79289562351
303.578829071587
299.614028423089
328.434164139034
326.421945742602
341.495209977461
285.539852825101
334.132680579497
356.338402275351
281.369433262763
280.266962542651
289.405866486102
343.336071134177
323.57530614361
302.360603472983
285.266148292149
292.262195941648
333.624577064975
327.102484831865
339.586986630512
298.162235671703
353.776972375529
305.890033774388
322.933032548003
340.08707640359
334.820483262968
279.363200889105
315.239739866033
319.332788019109
330.510834902039
315.334524541372
327.417116095673
297.902301142534
325.536172406975
314.607676535086
295.236162042306
288.765332620375
296.572211778478
309.408138437832
313.774983624288
311.424204492906
312.996580800952
278.775318249655
317.265898708607
346.462811068414
319.987549742503
326.087314769941
322.593115449639
309.136180007876
275.131235677613
356.752952502239
284.571968810291
337.20924471432
349.021592693713
356.619011288239
319.824824839262
318.933096642191
334.445285615937
308.531236983283
349.155481056639
330.63322053336
314.703245060296
292.240965824964
297.756375669725
287.064912280419
345.621592165037
287.297101011325
273.153832780159
340.419963522251
321.135356588852
317.245003354368
354.143096109996
277.809164080934
292.83511762577
279.453158675815
351.324745709681
339.559438883192
334.457850619429
310.790676730462
308.723383461149
320.891875494909
314.299384672933
319.71744024004
304.909952761148
315.440968207977
320.917525184759
274.777058959113
306.862728762715
314.417642582005
299.840885312308
342.246026533676
297.11633583274
347.757775433766
336.03965233189
301.224353692795
285.051503791927
355.568588900629
324.243708278041
295.354126712425
308.174552066342
343.920040230055
346.500541065198
302.514503370876
345.127991929644
315.944518733339
306.939787251198
351.921040816719
293.538494019126
312.2047612515
320.214233807814
326.284761425089
300.702625947725
337.614705573661
298.96293004955
313.010193773188
284.174602149632
283.19924079029
317.220728670083
329.482559543995
314.849531529275
357.385753178702
315.975771164886
332.513526013105
339.808993112599
278.10886234075
325.836080373372
319.667333086274
335.809113746742
353.968781470966
344.113533065576
332.746556205721
350.037376920777
317.433435497706
323.101598381797
0.352310072845815
4.84749768709985
359.350170841604
8.47458472148745
2.6165012765052
0.935278425261558
359.21527506511
0.731265840575759
271.640663013144
270.709660864445
270.406046961318
278.452336719231
271.297795014669
270.475962271472
269.774408226209
270.69667816513
270.052305336145
311.595187845374
288.102777124806
298.578934232657
274.168953248134
282.590311071675
305.373114164805
295.564833379209
309.594820440706
4.60484064669916e-05
314.999981292767
270.000132389942
0
