296.060580701028
285.507199356646
353.136426323925
279.929298753541
278.826507324901
272.562159877215
306.568331849263
313.806367147711
351.417647568232
298.978032519372
324.851242726435
308.384447766074
302.942637162286
306.603864071481
310.726842572423
282.043243921109
338.812674588908
321.094232317497
351.652557954946
291.87374347079
288.064320718818
277.272577372308
313.102262224287
355.605479054876
325.947046038189
293.479795170059
347.878293614247
316.002421013686
320.558046572666
336.035755058846
337.491985283075
354.780506099768
310.132090035108
316.094680255105
295.403353261143
330.339874400355
328.053214941292
344.412538565374
314.977975404498
352.082633857174
287.014789381459
323.23720317429
357.174886748071
334.102238784252
341.040238601442
293.536336830287
318.330057127661
310.744726871716
354.11932560724
322.975599713172
296.971770424065
355.884596626382
279.827183156735
315.897992477957
349.148829941921
287.689150686808
299.275079772777
321.775781774096
339.324620085434
313.953014330574
314.274207292516
343.551513240589
335.453579256872
321.932431489514
354.003570954398
330.900567033298
297.613251931405
314.864152269572
301.839553686142
316.734766376293
279.600947209339
341.36039868354
332.868085376455
313.752114470474
334.64756689774
318.507756535688
354.405186763095
343.396556111568
340.900463958971
306.642398828306
310.401975519188
326.360145151822
316.015304209236
318.310311721793
290.422832404912
290.562103768639
337.436457533258
285.108512237354
344.564061173047
302.854564553201
305.228860366804
298.409931653349
303.586220248373
314.086190900075
321.951498383951
299.145738312688
344.704835120682
285.067260402186
275.009317258981
290.056724192153
309.557340154239
302.054454150309
347.635948040051
276.776059027927
319.393366964371
336.810195395774
293.200716997815
301.716928969872
294.241015680386
345.81980555573
317.204972957101
289.640052141066
277.307536194498
356.340591359543
326.632816612643
291.563677777156
323.054924828855
347.471119640689
330.126001173795
339.169313521171
295.421988200391
322.235260812876
330.074365494857
271.542115632745
319.540344464094
315.402534178825
306.931702043779
304.934760967327
308.629690431661
325.199032064503
323.215959515811
281.198055838728
281.242654106571
319.288142439715
325.528694978636
273.013916962657
289.241585839141
329.406130317503
298.951255111011
318.624381982996
306.645911392271
304.120189098242
275.447474648086
304.593145617672
311.439983310801
288.671721917679
327.104745629779
311.711105772189
307.075041247762
346.623888062467
312.442865548419
338.038439704488
324.088918474649
285.138956904734
321.761560797064
302.913275418129
348.135644142376
281.340749936543
325.447091009607
328.771129033325
331.264497464357
353.545923162883
297.133537788675
339.999921680566
309.947117772234
317.949818500561
324.288769077707
287.606558930366
324.722224138794
303.20929099971
346.811942872117
295.560548417676
330.038311289248
343.05824293634
309.297543813195
332.759397453381
292.211157575159
284.615237412936
318.71446329605
307.449053620588
334.300863296316
317.197577195719
342.032787223654
326.755482065394
275.214165739405
308.675940592477
336.419094506748
291.979099148515
279.68220229617
310.04384116437
277.197483048169
347.77323927439
335.592683798079
279.808981022372
272.484111828736
283.025041786343
355.645020001676
302.059200115363
350.901401202454
295.459182292801
291.206249841505
341.280147245935
313.225444529973
331.105431543937
349.553651572399
319.778543228431
299.178971879476
298.664378898246
311.009889596864
329.283951560907
356.377390883861
344.705008589472
321.627175446771
318.225965882605
351.21868899768
336.669587090074
332.346849704805
328.922938304866
341.164130228415
359.694774773614
4.85952423417213
0.159297762876069
359.335809731064
359.877234107342
3.83869844310666
0.0896592528593305
0.81300946951999
278.386510783434
265.884126831018
270.146594261883
269.08340141407
269.038180687969
269.668149356083
270.820202247877
269.583182354458
269.183500885215
299.167590798148
280.585284144974
273.723082742421
311.703383631267
309.487386541787
284.368149769318
307.22634361284
295.640191659916
359.999938409832
315.000577622252
270.000089220468
0
