291.401745702907
289.936448238689
339.613956811739
354.634524027609
333.548538729577
279.565808037337
309.969143873338
303.177170358009
341.154161087191
292.820354621529
300.004456766062
295.949604634383
315.074031069453
299.966298611334
312.289318351471
289.44755359649
302.847119835556
345.636542862228
317.608174423045
322.022412200754
283.713389303662
329.301814219505
309.327649681217
354.018831421523
276.507791738209
347.910774715759
287.105334426751
272.59906583966
295.850559338634
282.581460261143
279.09516255475
274.514991934484
289.159370382915
302.448861999561
336.253347207549
307.163929423852
290.674566872267
282.208932331269
318.525651277707
299.246723623
314.293626790227
279.291981963973
285.979275316131
303.810052638591
299.483232004582
328.573814532883
309.196855435152
330.153274764032
350.989365421622
325.242069363246
355.741194748552
304.173468968654
339.520365254651
296.287026163724
320.232871309987
311.755501620918
328.183410574041
298.068567230877
287.715282063724
319.21630476775
315.878949669338
339.751004891039
343.305968945177
357.028984580872
347.877797937225
355.012082287457
299.236147968404
277.592358939795
285.239782317736
327.658490332706
328.235145471843
331.499791289049
319.025110387882
332.338177574301
338.65082078994
332.844138537973
342.325995021239
273.958523780089
335.922928831612
311.636520895819
333.986820543105
315.312796454965
315.414780673097
324.310587433434
350.571257531895
282.194563679376
309.296073833976
311.978094707227
335.66840199137
324.444825223352
279.637586893014
313.211006392255
288.182326537644
285.50032692475
298.074848851727
336.582863353394
347.499981704939
314.356232835711
312.723820937744
292.714247106542
353.518810239494
320.333406190214
350.602785306011
305.272486476533
308.70606518381
311.958320430415
283.244318425725
355.696456215284
297.522534047493
320.338351079167
280.735670670171
323.85079739004
308.433343829447
349.533779045821
321.062794674819
303.75696404745
347.148058804625
317.295168282704
356.2806166615
345.27113458426
301.99309277834
290.849913225593
309.761978129362
320.887124085891
331.388421362913
353.18770879625
327.070956329134
317.665149940916
314.221905051926
318.7665494097
329.352719528976
353.293708949664
324.428647997193
308.170474183362
350.517636083261
337.888407273897
319.480826969726
330.256119189254
313.417453955728
314.041627538663
345.097479828866
327.740486976909
323.312440223631
315.985574555985
288.753671914019
306.037124546855
344.787034358606
302.040836302502
311.093212792567
310.892064954539
295.838768456303
286.000026617346
305.614773403884
284.17421266353
325.095959850517
320.156099885271
308.717797479651
315.098685222165
321.525603187851
334.860901006704
341.934323837507
304.140254829721
330.533182915105
281.536986688652
343.61382834506
354.139445404896
340.366162886826
328.147881835284
321.381786501291
286.320958554084
338.234073533968
299.42760376916
292.128238751988
324.639570945841
309.741658200462
316.916043500047
326.442965408765
289.290382411695
300.517480395433
297.662787143017
295.378143148212
305.062323738927
276.300235150197
326.631267711874
340.088302714158
298.980837953559
322.276032523158
316.057548306132
344.287407671244
304.964480558986
347.53552851309
296.455698097608
316.420373563466
343.800712469307
275.799258233621
272.004727345637
331.153984166836
276.110384278229
310.194799082728
292.502370379992
302.846458008089
275.116833744395
335.756492268765
350.41924690984
306.042926458021
276.422520713397
332.670181447329
317.650847891456
334.43182600538
319.98411160954
294.67633853956
322.640540599982
338.652677220992
330.299875716797
332.836549171862
320.630290886302
346.319688879048
356.651116600367
325.70531970216
2.08944754644327
0.49475015855924
3.44097752976616
0.404889907027904
358.625967086573
5.61279135053009
0.697136325096012
1.44911887602304
269.168038707122
270.440734691137
270.674469726432
269.630928648748
270.034632776704
270.094874431709
290.623455268457
269.836133172996
288.790754191343
295.617268197133
277.558086652433
312.477091641454
308.105880719846
273.699331228355
306.467998985122
285.268392113441
0.000195417205950693
315.00041501217
270.000103609793
0
