312.344076433687
315.620727218699
310.096172897903
337.692026006339
283.539824918784
304.325357087819
341.426917922187
308.225674285689
310.73803583407
313.373267476852
330.887681545459
350.104067688817
288.63052032953
314.293223056143
314.49090903654
289.134106021159
287.0541634425
347.885925485572
355.373444774267
305.900285002174
310.890846391974
308.827664546292
320.205196213678
296.80401952726
328.554762705776
324.425345888438
352.886125547843
312.489771242128
305.69519831264
335.195081122243
281.823238349875
317.82237724472
290.802342010496
356.193303804471
324.19304659351
292.177007159987
284.603585759304
278.332125201085
316.277742399555
300.579753369353
298.923429314844
334.452045464134
321.656797240991
302.503426056734
351.583339877262
313.240932624179
312.887870435809
353.274315744126
274.191692244219
356.773281595611
319.214503197515
330.67249158042
324.04690778539
343.960405405973
311.175834817765
296.786233832702
344.274237346567
331.874290000102
335.496181237519
319.614884179877
305.710850183425
331.118919705242
321.044023442206
314.676775530956
296.082202760567
325.107764539603
309.027289292016
346.920823805064
281.708351967987
275.074309091813
282.368623770208
272.403206707467
316.803014077154
283.136090307504
285.353461428605
319.387095722468
313.724551696725
301.884096009097
298.535307935627
321.988230610779
317.975975586454
308.649062639689
331.699452094535
311.273207545748
287.660229713968
287.307268419598
340.559830531585
295.822696233277
349.36630459557
276.217717504009
353.55319093776
329.367095771357
276.946276849126
320.489508957523
317.52235061779
324.792420454694
305.093380425364
300.766159913115
315.277961739018
294.347801527075
339.33934737905
319.310688383354
293.122490943674
343.092590859187
325.408431859901
330.059334305566
273.364896302697
312.608277325037
295.14040244291
273.675770898832
305.657760275762
341.05962554671
299.177630870627
312.94228984756
282.45981136741
339.649725278886
307.077222418133
307.799886317199
330.736604987165
341.085713573001
327.506847152723
290.909673495266
352.106523177864
291.616698825125
354.497666220189
298.131305597157
348.142826322172
284.216415024736
336.492163725039
303.925978530259
331.689854943874
316.516421609171
318.822962738061
322.978506040941
327.410155447742
301.036692480568
357.988609252582
311.973769986864
278.635562439172
325.760612367419
288.724450649221
286.950796070953
342.138606034577
303.499588074741
286.576397878355
314.347670081271
328.050635725825
279.39415224754
338.858894536765
347.4255430469
319.222190953616
313.281360952055
282.467397008714
334.622115424347
320.980565312473
324.60773549727
276.397521816629
310.313456048868
291.94195380225
338.590164592325
294.443792780686
334.741816946275
299.753751456936
324.91476609071
347.864468249054
307.435915134953
319.55398328989
298.885163762514
280.843290683861
351.744746936095
352.248157554719
304.03173000515
290.500905049095
322.812922864685
301.639659167028
327.648686181498
280.013419350071
355.604070947198
311.605070102506
335.774208445173
335.199221134639
292.039412326844
344.662724642049
347.366678355377
307.052441281402
286.378797511351
336.348775905766
275.609555706155
296.385076120523
347.423444055892
276.018225605659
301.925685997309
332.827642608821
339.109386452651
327.787260150958
301.734880459033
356.660441143674
293.79076292627
323.985209465531
317.203520237042
326.403253785081
321.189393347149
309.271839156531
339.659357592102
305.665886791075
332.770592334134
313.739109667122
274.797963514795
342.002716969083
345.325149854642
339.439036378975
345.717809670558
320.914252347226
355.109699419361
330.427712152064
324.810725707772
317.132019957816
334.130712660895
0.918106229264694
359.881304845342
1.07575944974476
359.81946025717
359.772166762417
359.161233206999
0.976001022309408
359.650736555707
0.334630315884505
271.362020854237
269.495928198857
270.22375951887
258.89207205163
270.300414861799
270.339933241855
269.911479461052
269.409346018313
308.716527341369
300.815360593047
274.872083161533
311.298432169885
287.445443821884
279.781652900526
295.938404251444
292.508251903294
305.43123765437
0
315.000226216595
270
0
