232.304123695
244.814134285
48.3250704589
14.6812891752
226.777007473
158.485618126
277.667217673
156.49382096
295.702342647
61.1377847066
175.956514502
356.79587937
355.993413403
267.080897159
124.110799889
179.689083704
26.6198380377
8.86837609312
6.92234399651
340.381672828
277.570509785
6.65284518843
6.19930243505
8.24114432292
279.586302946
109.830744246
314.645442755
146.671495994
311.78620575
98.6307985459
217.476141664
218.52118854
71.7628181205
67.7615731682
161.803719386
194.838031412
98.5706975802
242.905077214
113.934422596
178.762489319
275.923069291
182.366181753
84.2478185504
146.271421398
120.260217977
142.967187722
189.854449403
204.031049315
219.451312995
196.74811916
235.640746105
268.739929724
248.806328298
104.626768153
156.977111149
234.896872672
349.88019727
80.4856337317
131.694392199
189.060713429
155.770057193
303.605088421
237.851458203
280.176071725
130.796362429
58.0598102584
225.339439605
204.586235136
20.2708940151
340.473386508
337.060233026
294.051309311
71.5347908686
3.54656004714
345.140201554
189.463795724
107.476157628
117.052997058
349.818553081
145.217969692
177.608228769
197.764808427
67.1718455044
284.974599137
114.161018705
7.54304820174
286.516748488
303.67592896
329.644549802
156.5995601
269.812583842
37.077675433
83.9967853193
331.356949041
150.302057383
314.504928949
351.555214985
108.06894744
143.207081689
187.865807372
287.251012293
317.649456003
227.45388153
53.4853060377
51.8717073798
58.8963217551
232.849270525
179.960915233
311.726441677
179.087053324
116.393149963
44.153187033
163.250072391
58.7903838209
47.6037699602
123.120774209
76.0161785777
293.584731599
219.632033877
154.991317448
324.205104143
247.856295655
295.401354032
6.72753817975
137.20114565
23.2298412218
47.8099154912
53.6754162749
353.531699651
235.849460174
254.93487883
33.5737038439
78.4221464315
290.626632211
312.086484513
145.48403433
285.304650135
160.283088663
295.213241623
16.534763026
38.291390816
221.824222
96.3962859679
94.6236674014
186.112925963
229.703265964
247.450573523
309.452121973
80.0601534111
249.141830528
111.216582307
169.238909117
358.089782878
188.482108706
299.574950512
224.761486449
183.695483358
168.737466848
103.341469193
90.4708131502
325.258041105
110.971644935
344.381905028
262.984402431
299.621752668
13.2678679668
245.658244679
89.9704292861
253.643193487
103.994761987
318.729798996
253.21584037
151.821101701
189.325140185
59.8555558506
301.086172635
45.7226362393
300.15132657
178.96250753
264.589598269
270.192779293
145.66974877
223.117065736
126.635285418
109.755963383
155.586090641
93.9854499466
334.811571096
259.81392047
302.985439377
215.932761591
244.388564455
28.2523121038
172.956349441
217.30948045
30.2747129133
247.774602445
226.912302283
242.133151428
246.416799676
353.54554476
272.976518615
314.238717134
337.490528691
311.189297856
122.377924126
235.744074982
109.032685588
4.50755107237
195.113520301
303.768638361
21.3539621923
183.028053432
275.848246055
32.3704268312
40.9304706784
218.238596155
46.3828725774
61.9136665901
79.9782556818
21.9840294857
168.379177228
325.284789861
19.1569058374
127.149486951
55.4366955593
275.84817297
32.3704661651
40.9304706784
218.238596155
46.3828725774
61.9137314061
79.9784003749
21.9840294857
168.379249189
325.284789861
19.1569058374
127.149486951
55.4366955593
167.152873195
167.152944824
167.152977495
167.152905866
