7.64307317904
36.6721666551
78.7853344355
248.294266031
16.5662604117
297.712908475
359.393917583
130.716930235
230.941191009
17.2113574714
213.735914051
46.215551226
321.081389931
184.846775967
87.7051410519
130.270118783
120.056520042
190.472092114
268.38327839
222.57371926
320.106178847
283.874976855
262.454390879
84.7659551707
310.106050976
332.703006539
210.361784384
57.5750546087
342.847043499
313.87630112
67.9913387714
321.854438601
354.238555054
240.66850781
197.148190239
86.8456197992
203.173513754
317.627642783
304.672744065
54.010177804
215.540726729
353.972481957
136.492805443
224.727264462
329.512034577
106.731814612
354.603919085
28.2583689486
278.230268686
315.100223494
249.482485686
77.1883028391
57.8636494844
353.53022103
346.560660639
15.7041568255
124.419271321
341.509873987
267.803773266
166.833724871
341.704167502
285.425154168
243.900025356
58.3642669784
214.287937864
280.782469557
106.206162027
9.5131826688
36.4390209445
122.463996772
183.36851852
273.516419068
344.827609843
126.1450467
285.483952467
298.151067023
165.754524517
327.246790393
328.289438934
78.1331932584
271.80039757
41.9198920274
68.7980906764
116.0966387
179.267692229
169.25423576
271.50831634
181.657806806
133.619971768
165.097953382
216.073476065
26.434178587
345.854139257
186.242688031
301.80069487
98.2976421223
19.1755747345
138.119766028
36.2196653932
233.678884067
338.918552971
289.957390634
99.5568325421
280.877524437
116.802270176
107.658493515
258.642167529
331.05142798
77.9756519593
354.046316875
287.909980045
20.0265793688
32.1440094998
171.104404963
220.182273752
232.52127594
198.311450546
188.414931983
59.787347412
279.945816489
77.1551495855
325.465792746
131.382047692
292.802560867
251.685331662
351.326358798
149.893872723
250.478077099
312.361999437
196.293576622
181.538228311
288.461224713
143.137528093
310.065445737
72.3979657371
57.7198126337
14.9330853711
8.45536450815
304.872360828
278.608666079
33.4797841276
319.974691123
330.041944106
225.196706814
331.837930104
295.622116264
6.28559436952
90.0885468337
357.375390238
246.696505645
220.829219412
178.846481088
116.310336496
48.4178873295
76.4772549363
247.951945457
55.8300054475
255.752170199
284.416440923
226.521361584
349.907513609
245.715835113
263.282686487
86.6326576288
303.215346617
292.148451882
199.052410594
348.383229642
345.594234013
228.281165035
310.612077766
233.658852428
293.046208238
159.14390079
107.059139302
248.280698481
229.458681624
28.5520080811
208.228046097
310.015745762
224.964778275
244.091937594
232.9516567
353.404367808
200.380811434
206.761680624
142.529504628
165.330402557
20.0620933343
200.221247453
163.354475593
80.6254954302
165.242302234
26.4864602941
352.315784145
181.416599365
93.4710436933
218.815090776
149.025492868
329.242663068
255.205365342
138.679512565
17.06858779
64.4278808164
270.174338792
302.166040527
302.950924207
311.759680732
64.9003425074
87.9423144852
24.0364425533
118.149161212
325.156972099
209.811725171
82.3082979337
297.018530427
77.9401452628
358.942585922
330.049757974
52.9888572164
107.056778812
0.687526345514
151.910001855
63.929351104
214.415684358
260.186204236
82.3082979337
297.018530427
77.9401452628
358.942584566
330.049794652
52.9889158817
107.056778812
0.687526345514
151.910131483
63.929351104
214.415684358
260.186229281
200.041593385
200.041593385
200.041568207
200.041568207
