137.791905699
26.4161817658
334.929206229
191.956378135
226.08985985
346.806326382
99.1251463477
357.588083242
161.756394335
240.059125972
89.0146041452
330.920104828
351.218759937
25.0691239106
170.948591413
7.60208285704
146.248355486
154.013087662
55.3631181692
233.549212974
211.538059964
190.92755292
65.3945330469
226.802007298
288.549206332
18.6137929245
140.988629267
118.692388313
285.117819763
269.649410493
351.274350294
203.923606325
274.630114868
304.550848272
20.8396368272
121.551329481
272.051947527
262.785088445
153.129110051
340.442687604
103.408057722
146.373282216
58.3172605689
88.6968304179
96.370267152
322.099601441
177.866153465
125.984569677
2.80000818109
179.764829513
238.926939148
14.1227077285
100.507803104
216.249384024
217.587091934
338.012955452
118.80693214
9.75148875615
215.604396723
196.940780025
97.1075066161
273.9315429
273.908420692
151.733627384
220.90862038
319.433801413
108.109750336
268.904237656
108.494107459
23.5087378192
69.5012223499
204.922139324
260.897900438
171.905919399
87.455127118
199.166397166
174.477047912
128.159267068
254.92726422
240.542073501
229.226005962
70.6461200557
34.1925394065
243.640001744
283.788418468
83.0026184591
335.250952852
74.5844532307
196.184365607
141.696940305
314.547048599
40.584948888
284.605852676
65.9760036881
235.240178823
82.6617840753
15.4367800055
359.86118285
30.7501551195
224.898205015
273.847374783
45.9216128962
71.4895049045
4.93415696837
127.609850643
306.144136426
286.705675985
322.077825504
300.812914056
270.851080152
286.552045764
198.025519172
91.8321533759
236.050114262
159.315190857
263.068042025
62.9771880362
4.1046174657
316.893495668
341.693027469
226.824025755
62.9137516593
137.427231816
247.408018812
166.077652448
68.8213664782
358.836927983
257.402119755
298.06069755
32.6269681238
37.3760223758
267.516899742
182.083706613
99.8607182338
161.566166336
216.114290786
128.162307673
26.2895059044
342.290110215
253.843549131
358.422892746
264.219098235
143.249332998
143.333784376
204.380571536
159.849947164
295.089979613
241.648425833
291.863629925
300.653981462
241.392463949
30.5866451121
121.327200369
161.527664303
114.711190453
204.846293584
134.490512403
190.031893488
249.583133946
213.689970739
29.1834446818
325.11712296
189.385673711
2.06415177187
10.0513097913
120.138470675
164.172945276
68.8270011643
281.412387261
222.972510063
153.048201232
7.32392967599
86.9038913168
273.329587497
144.345150599
134.30708171
139.531427828
345.328731977
100.806965277
255.44349357
60.7217949296
137.605356322
174.69611492
103.832328176
354.522989919
343.437272078
122.10147387
246.846532244
67.7434792098
224.343617656
112.910359719
46.3751622794
211.966936094
144.750982678
329.869113435
168.399686552
201.381418637
351.015744501
95.4368169013
195.325574734
36.1834590709
220.669805344
63.9767226582
189.75208667
241.946221362
136.914017393
59.4266194574
80.1003596074
239.426701396
224.339773056
302.281591107
141.45830213
293.267410543
303.731084914
225.869615264
127.066314569
151.140910074
177.3323826
1.44801529546
305.893260861
316.722798719
137.972426683
15.2339178511
185.113811746
223.33696923
88.4018039503
225.869562532
127.066373191
151.140910074
177.3323826
1.44801715199
305.893260861
316.722745231
137.972426683
15.2339178511
185.113884921
223.336915795
88.4018059993
291.325318897
291.325318897
291.325250459
291.325250459
