304.513071079
25.6158086637
347.67757357
322.201394787
327.559094238
357.123047989
207.400215108
113.761141506
179.526275492
327.888577591
79.2561087312
213.528027827
301.662931431
300.204923667
198.211503982
304.17506857
88.3828377598
103.868981109
170.286750606
234.26571569
7.20150698965
291.235162996
325.471400324
240.408327895
290.526100124
276.576889154
266.740689255
153.301160259
304.939759835
273.700445439
323.989360295
224.622480912
22.0966669691
65.367722325
142.516812252
70.7376103674
151.024567661
209.176834259
131.489344474
94.8897640035
350.29040427
330.001641344
252.246534256
330.361334467
193.673768023
69.6479493233
10.8909870579
51.7092578967
204.906755982
264.87409094
299.173898757
315.493616521
213.077984096
103.259403981
87.1894724771
31.2949383877
53.0194601161
31.6093600715
267.612935796
181.321064339
318.833728704
45.4396068475
121.937530328
280.126169139
345.059359259
284.997766328
348.764212028
338.41717599
36.8727775759
129.788745107
262.269371397
8.09006753433
36.9873798214
271.955132323
318.222253598
60.7425415126
212.360444805
264.676300149
25.2872203006
117.90479047
32.4837858656
319.780320255
196.156309737
102.212389866
25.5187030202
145.587015405
287.275569838
287.180201862
61.5825504748
14.960801036
323.27906543
256.96172803
355.461936868
244.068814083
148.675547931
196.7957363
154.062604007
298.791320783
332.333623637
88.4213484883
72.390734116
240.754063332
262.911261784
91.2502982105
350.958412274
232.868248003
69.7629004825
17.487600942
137.861120434
202.877166051
192.143003183
350.872342876
20.3037833071
176.155642923
169.90139903
3.28554243842
100.193797438
124.651829621
146.542983745
164.377333373
334.967159574
234.50006345
235.914150091
263.314087078
180.569860561
98.7020022193
154.140608497
181.668538151
254.639242754
93.5282701426
318.300574331
190.704986366
48.3614455174
7.65421026308
222.273627232
234.14472762
40.5970931619
355.970803291
147.692610299
19.4644007325
113.031004278
321.519396955
113.080248752
71.8637294731
118.742232759
292.837867809
37.5912913815
58.2719169949
174.750267661
312.603302569
326.819895509
243.670771465
107.11278646
191.012057163
18.5682686282
238.461119418
304.93933248
104.439230175
181.07621617
250.071297292
32.637519836
7.61060619549
302.453888113
134.496376138
266.125306938
346.356325789
247.649863738
20.0269708624
14.6107662853
60.3212255856
81.8239899278
102.347838789
249.036462879
290.439689237
316.018671654
316.914719187
350.424760514
235.442920788
132.697397152
342.246928904
223.25152485
72.5340671315
191.762541062
170.495961893
77.1811550609
229.912691927
262.352317232
87.0961814007
137.562922037
181.243242593
221.759519995
141.845121304
228.088947974
237.868986036
89.5036467278
194.939812565
358.138297507
287.717998163
198.553062823
34.5817068667
1.87934299979
313.781434181
270.036880739
288.785407319
247.837516581
210.60980188
256.147271865
182.505748397
42.7376901531
139.209468814
22.7929068118
287.585283058
127.468904395
60.5329608566
134.584193318
58.7479416626
56.7691566875
82.3515160641
86.9895293184
108.401633437
356.675121427
331.899483005
325.552484694
48.724069629
161.0000274
26.4225969877
134.584193318
58.7479416626
56.7691566875
82.3515888781
86.9895293184
108.401703148
356.675048083
331.899418197
325.552484694
48.7241180945
160.999957935
26.4225311948
174.694824556
174.694890916
174.694897709
174.694824556
