155.793964956
163.465777025
281.572601677
108.802245354
13.4647416703
8.32633534849
8.10194575265
294.7070316
23.8790319715
260.337949554
268.885867446
262.329057424
180.868860822
40.7473606751
347.445246257
47.4750546669
303.595154912
263.877725658
229.185397272
234.684758575
36.5969866072
82.2388318536
124.068935965
175.150863243
90.111964616
348.969039704
202.798562411
131.055323099
173.24288655
162.917816101
237.078248753
327.515933809
165.168130229
235.66593565
219.744832913
78.7615897418
14.2865630345
203.664196943
55.1029428961
292.749524059
239.625780775
242.558102511
142.607718485
53.9052273784
211.22693137
6.75858029031
115.28404905
311.068344015
40.6786187787
321.701914158
219.626375917
10.9651786536
235.053228403
271.597906884
279.538061075
335.974097745
21.5539867804
174.167624474
20.8616111915
305.256219788
303.5647128
329.456169529
198.278271788
52.8350845901
224.585972445
336.023690442
346.009657036
69.2096130014
88.9468371373
310.542370198
343.355696517
62.7675111168
168.947891915
255.747688675
66.4882259212
182.91545969
81.1450240753
305.424569311
195.760780992
345.576397022
196.914110105
205.433575084
242.558685883
328.238153609
166.259611874
216.721773054
140.951149768
279.483863302
273.632558245
274.956719028
310.139082491
291.576674441
343.201816657
97.684644324
99.2774190915
335.234603577
22.1367935661
358.241607677
324.280513145
26.7085403996
193.637221748
49.4076302725
162.583675156
135.3526871
133.071208172
66.0430459724
39.9515704715
171.859931148
192.694779553
113.355341055
107.648817913
70.8748204408
258.947103123
239.081699652
44.8221767856
113.171965437
131.599250863
184.410645294
49.1254902704
353.366792963
304.001509714
258.468505963
6.20307953905
280.129050133
220.716533772
53.8923233322
357.065154331
109.221299624
232.872555497
10.2560196214
297.240843222
311.475970808
259.924873836
113.008568096
126.360587765
151.524397514
63.1685209428
152.496004178
136.619583156
263.712409799
31.3987803111
314.520189532
168.423572893
314.629507007
182.885410417
335.35396563
241.507663536
26.5086872363
91.6805916203
103.272911823
95.7956201529
311.71124973
182.892177508
169.013111129
178.491315725
207.74678184
8.42454654159
281.50439377
100.619225405
148.479093654
61.7216175362
133.44520994
178.145134439
350.852531593
234.71207891
243.552835173
290.824429836
134.002039995
182.208099923
23.3427543701
110.084176518
282.202958727
293.097661185
339.298524206
56.3661377891
290.96163762
83.8257692257
235.145248377
341.600916339
178.643221285
72.589403333
305.324871103
341.898903957
96.6025877136
140.640149093
335.368799953
19.3463163212
250.230322622
307.908889541
225.291879052
340.662944209
279.274593516
41.5476823516
25.1813552048
279.540243447
49.8392701206
42.8997345034
121.015874763
99.2987858942
312.984752115
105.617100986
231.876056583
93.5471512071
344.657867796
26.3335655883
358.973198639
117.433111338
78.6521812494
259.009491274
331.747169797
217.40190977
241.179721226
314.712926599
178.199122818
29.5936860454
102.451503513
247.343690175
344.819001307
90.8899483935
225.490545291
212.256859148
126.642250417
215.593374208
249.060302402
125.779176292
69.7315319575
241.179656858
314.71287439
178.199125127
29.5936860454
102.451575253
247.343622377
344.819001307
90.8899483935
225.490648296
212.256859148
126.642250417
215.593374208
249.060276146
125.779176292
69.7315319575
192.659916496
192.659916496
192.659916496
192.659916496
