108.526426839
264.744254753
174.923514443
170.224668762
55.669208663
235.012996386
320.025665571
350.829386848
203.823333891
256.959006354
128.148332239
69.4806369683
126.065180794
288.613554738
22.6976275797
193.014066204
24.8631714375
107.342305276
267.42813727
285.452702785
47.0711033655
226.951559015
19.0828004236
289.342113707
44.2765326355
71.388948605
157.994578828
129.71801365
272.990331219
51.4303865894
60.3360015169
178.694662014
267.814911619
348.379324851
126.842076388
37.6833800175
115.399422907
45.8579767794
88.1058804861
98.0559808212
291.540347405
293.503217474
24.9622885752
353.905434245
3.11391297341
58.5128571001
62.1981339428
273.737297904
28.8504282876
212.673036272
39.3713849196
97.9296756587
165.018281464
274.384855252
340.110687314
70.9628597639
312.077961511
173.189766298
216.035232485
76.317082017
108.744790483
91.7913585907
322.275495601
123.818947424
239.822141869
169.388608174
136.698238499
174.619037568
126.702235083
349.657797417
281.040731771
239.363259646
95.5908796246
141.600163919
49.1107241583
30.0820468863
12.0702004451
187.267563837
221.132024314
193.534151713
319.003128974
353.680591575
11.4425958925
190.779610251
165.139399419
80.1255667162
8.80098598782
280.987308553
163.423912481
214.228008115
164.424426606
156.187163792
210.522823528
139.73790715
357.976355689
23.8438305694
132.826355238
177.539401102
331.447734083
211.286285567
213.798846123
51.3204569709
261.208426505
190.103979374
92.4207420615
182.712850742
137.016859147
46.5460987262
61.0015814293
16.6355609904
294.691628367
91.6730209816
321.178968605
239.839465108
335.619100146
252.968724036
297.139279066
44.9481544596
170.8251532
147.496581425
317.394189261
255.632945235
277.871405671
44.7273683595
153.205911228
112.889448816
331.948295745
255.729353428
98.6241188262
23.7208339153
292.753296281
321.644149013
242.120374598
184.537617896
134.198364929
127.822042769
240.964420838
63.853332781
296.766407738
233.29386545
319.684393673
263.097858376
119.307972243
98.8054580042
140.186891905
348.252724665
69.94011616
153.840481782
53.3614229322
32.7955645584
260.867867617
179.677475805
95.7823765933
348.230776814
15.3748026147
174.484723338
60.5290668829
113.915986415
2.52089836142
283.293333462
227.281364205
165.267285169
95.3338066999
59.7636967576
323.099152298
70.6342106188
228.28047709
142.835305084
121.506265091
149.037314433
12.9249772744
64.6087188352
142.417757007
358.525195755
159.898187352
10.3788144469
2.24140555158
93.1450356583
53.1658076122
18.7231721614
231.290134815
103.391605233
135.966669368
61.775232382
220.059257322
299.920352463
198.150059362
86.7367161532
114.621461002
276.364014977
147.16824303
46.1736717675
27.3783352092
23.5329486685
194.884471131
294.652970463
36.8564971559
197.161877511
24.8678716337
260.018386332
218.688687583
157.541385319
326.835891217
205.366305983
167.22117125
260.584688377
199.628279042
291.834717861
348.618033793
84.7933889746
328.060873375
80.0245009501
326.172280674
134.504935387
245.15650159
261.2268591
288.751556683
129.370588596
45.5520238386
304.471581997
323.958577458
351.290490686
200.847298351
272.73182531
86.9854092354
160.884154884
326.172321573
134.504935387
245.15650159
261.226786492
288.751487115
129.37064539
45.5520238386
304.471540415
323.958577458
351.290563306
200.847298351
272.73182531
86.9854092354
160.884154884
319.869524371
319.8694682
319.8694682
319.869524371
