166.687340758
334.241106477
139.94410302
328.223265658
63.7426603646
218.289457574
218.755688359
10.007126501
353.508427041
30.9838906763
215.467621679
16.7412792913
99.9489201417
23.8640293348
42.6528336839
299.266090948
203.169471743
275.335206783
158.111857775
298.243264753
182.004536556
221.80778389
65.410863107
337.251928228
138.950350991
324.530886971
163.246261861
3.24400304313
240.895155377
259.698637469
284.898825298
99.6415358094
312.48918145
312.042142678
37.9437627499
105.189822345
19.3112959498
353.433686624
112.722420195
198.976721015
48.441010664
169.83796098
237.542902935
87.5225625738
335.506640376
115.49152627
14.2245676901
348.732636498
105.997357301
127.233593949
29.0123458722
30.1459589716
320.87974122
115.945232688
79.7213526717
33.4010535563
125.933993209
108.913381041
161.697220843
246.172177433
161.83729053
183.659336614
172.982912532
182.717298687
6.32502828817
149.889257276
105.155611144
37.6775075139
144.586026176
304.91421495
277.553641254
357.338855274
318.71865805
77.8536281593
28.3859703933
317.740884852
61.7780020494
63.5377543849
261.62361505
277.066381739
49.638884023
155.089529075
320.837553656
358.999908698
91.8711100261
346.790182989
322.943714707
32.174061701
276.809566269
79.4770239452
214.762063125
113.389254262
248.970193938
237.808381131
90.3368508196
56.140483453
253.587414561
282.462635785
189.264671446
304.302156022
255.945448012
205.287434359
117.532829212
234.968912475
246.624323414
317.257604911
116.83130649
276.115956212
161.999415747
90.624450133
188.33331859
97.3439271931
188.218763175
343.226847061
301.101148877
32.2851284449
296.075364008
158.986901453
265.154913954
176.021105088
261.339909669
217.871677313
290.678259085
147.762002087
235.948786723
240.850596753
347.002302251
192.389889582
284.070615394
268.118891715
42.704597818
47.0089711077
132.242433545
290.623179823
320.079216104
219.156640654
165.626975785
54.9583225265
115.52259757
339.462317372
33.2751629461
29.3919189015
9.30287886871
238.414614795
246.316885359
320.71444933
237.456987722
231.131071637
273.530661225
192.024798306
253.265349515
180.423030117
358.210038907
170.690343882
34.3457486158
337.233635626
61.0257022528
288.29227788
57.1029298352
104.830991923
310.47137317
96.7347418029
54.692246253
80.3801715286
33.3251267128
169.306835718
175.09416172
231.746466937
21.6746425543
267.515724569
25.1435016657
312.524929554
109.218154862
151.880552151
160.449240638
346.368799062
151.092243704
219.537558395
90.6491000492
194.244194849
120.206335697
255.387959532
171.21306188
40.1383016506
131.797989935
173.167925505
140.492815811
55.8767093708
49.6555286789
342.829558528
65.0859117151
96.2598351553
282.269756947
307.592939795
116.114315553
122.023341293
29.4402935158
69.2441111966
130.619288919
238.4566746
227.693894184
94.3032251087
58.5891678145
170.457546328
151.745066856
114.943767387
170.732230519
216.139189431
8.25847990807
138.12094966
325.386219999
170.166844787
94.0635173642
49.6367145317
13.0999015307
268.323671706
107.78556345
323.266943091
23.2419382443
84.028033599
209.037507609
74.0004679806
269.916908075
285.259184572
196.249339589
188.807414408
49.6367145317
13.0999015307
268.323671706
107.78556345
323.266899151
23.2419672357
84.0281797367
209.037507609
74.0004679806
269.916908182
285.259184572
196.249339589
188.80748701
348.001109189
348.001037326
348.001037326
348.001109189
