61.3626246176
138.075297309
202.00496381
252.891734545
139.482013951
65.8956124372
84.079774436
285.239009867
63.3340324756
260.687982586
311.367314658
281.117690983
35.5736463591
252.254651743
313.783668606
262.426729006
61.5237232514
148.794820657
8.85275858534
286.282956331
115.336186926
104.773972599
202.221277506
329.456575601
36.5562040761
283.897383649
96.7721677176
157.805612525
228.022297485
109.654554233
329.209626471
264.396276151
276.484123036
71.1770307977
254.625916833
247.175689848
30.2786375052
261.887295513
118.116718712
180.245823311
131.256537405
149.946129437
160.538957279
314.492499275
230.143522941
286.435079139
69.8758474449
359.133783917
286.391416405
141.714443813
271.305337986
104.378164777
348.762863066
76.9347331684
63.3772870501
282.118798013
201.539532315
190.819400006
242.669864486
183.161444131
345.242889301
28.3119551637
146.945867598
290.56500939
16.0921399008
29.4271575843
75.9290282902
97.758952063
42.1440809958
33.5292783995
6.64511738406
336.567100349
35.0769530467
172.658961493
81.983905952
183.944503841
311.822416116
21.5071000104
131.187058611
358.446190712
319.026838221
211.449076565
21.0763140907
255.566084438
85.5421929036
323.16160525
202.045203239
103.03532936
311.387941366
282.763469971
215.864724846
7.8837632778
253.961761863
203.269976604
196.959596373
341.489470071
203.94031189
166.745122472
149.022535114
249.00883748
251.452547786
253.754396616
349.180590974
160.530333019
144.230773333
197.236633652
40.9941376419
140.455005668
9.12023505712
308.067917888
80.3944733582
236.696757896
60.4816295632
196.247129677
251.379376793
207.613824447
163.747214048
304.687147616
31.6349209869
50.5316609371
56.8242459368
48.3846542908
232.637451838
237.036986296
202.964028737
18.8049518073
252.074267708
292.05688815
102.737555597
98.4572153608
307.588995124
114.621953554
355.269486036
34.5966755365
267.612647531
354.095033167
7.8038791222
293.495258451
249.238130839
88.4191815117
320.110870417
291.261236617
193.289822934
15.1928322703
179.40692189
269.711858919
138.022939144
333.489735723
40.3196932216
197.08801545
120.563911701
115.669967745
59.6425137261
25.1678549285
312.033412288
154.553575653
136.547450322
128.952618574
67.1206128577
181.606505392
160.215121746
259.045047051
132.092051759
171.008765755
310.487095944
122.994018503
207.730523499
286.005844311
225.815009343
48.6218449988
138.95171082
91.8397975859
252.78903146
86.8954295775
299.56864921
21.3335351309
57.0193591121
235.160818822
206.457465103
13.0601019628
82.8212288183
114.190810051
137.192944204
268.844276212
240.585577608
308.941824393
172.791686007
61.5186925484
116.567827484
12.9064900332
153.430361346
349.327988494
99.4380544924
11.5980252014
242.084511873
146.228305278
58.8201882662
272.427874468
132.824797877
48.0022713635
23.7047920337
177.811090584
121.029192597
165.225644593
189.931787071
135.507325115
324.998013212
326.165261083
329.054090773
348.237228186
38.4656955997
336.682667335
170.356471322
163.995724935
18.7167367285
84.3981402768
90.7711382856
32.1305525677
45.8885785618
4.74422781913
13.7238234054
98.1312374491
146.960253916
150.783698455
29.8297827847
157.583844031
170.356471322
163.995724935
18.7167603035
84.3982133935
90.7711382856
32.1305525677
45.8886313107
4.74422781913
13.7237520353
98.1312374491
146.960315504
150.783762577
29.8297827847
157.583844031
161.728701051
161.728701051
161.728678018
161.728678018
