192.789766969
326.553240799
213.19308482
305.209620811
121.893577332
189.551177076
346.887508205
72.8718518491
349.869307897
172.139162903
270.962177202
356.818983983
29.75516022
357.510869916
26.1965719385
288.607183237
5.4329835406
239.6930806
5.01700804982
180.168681814
128.988465906
262.928733928
162.256118362
205.548902573
104.124576523
173.963910399
188.497449757
263.822793139
37.7270464231
114.295876549
211.966114483
234.00444113
328.233181169
71.7444062822
283.270546062
300.687101585
341.496062319
278.910614847
313.259738548
63.8366295756
5.08489789143
98.2678307796
29.4652121695
215.660267227
120.970322488
305.084719483
200.292194435
304.241120891
56.934211638
161.287840129
115.598718865
260.024803104
199.355506009
39.8152657252
327.934321624
106.680504914
52.7283250514
63.8302880931
112.820632418
168.714583044
170.349876712
174.900054462
268.075520936
56.0963074314
232.148762385
271.9245329
189.754173148
262.845367922
79.6375640277
110.743093738
312.668256049
306.505136272
359.914336711
290.266468841
219.340995069
204.994503719
250.97946543
270.309373499
226.115840239
238.864227342
102.998124516
274.468124972
299.994005055
276.03296804
172.742138769
3.73391350738
298.931661358
167.764791596
20.7554286917
91.1296373557
122.684379755
230.004439613
214.75021222
250.754878495
311.892299242
306.06698761
94.2545948214
297.12659695
26.1108658124
305.44483576
253.966378707
143.141952675
162.069835718
44.2260339428
114.689328929
293.572139478
10.1320744843
331.472393912
320.791424618
175.596427668
38.8294014222
310.049777891
152.576331847
46.0810016069
242.243466241
343.005637562
270.998768766
146.837890832
215.759746857
164.104648101
343.18623335
216.084408626
52.0844204697
299.93484721
11.1885281763
275.637219685
177.028963547
159.45255351
22.8142605182
330.462342705
32.8978339191
81.3034923069
21.2300109427
54.4685460474
119.983688436
316.528831852
50.8422724524
297.298460263
212.751327219
164.809867583
219.058706527
284.689341506
150.244917221
195.474872543
253.50545335
118.627914863
68.3186778349
247.016021601
196.16793527
301.321898861
230.730568059
193.926289853
86.405665026
55.1470419437
271.461575013
195.548613244
142.476587148
137.377109467
310.275015384
353.116142925
190.339358109
343.398326209
303.884100749
80.7814063654
232.157458735
3.68156914522
223.737371149
257.498991023
86.3028235941
322.581564493
162.972669842
259.651678846
172.832300558
345.28360041
257.482364373
66.397208887
318.432835083
134.530891605
271.228619406
269.420477927
62.9413515474
81.5830290911
352.966938171
305.645099449
184.741939898
96.3085058888
86.8469393684
352.237567062
148.949640184
327.346757773
232.541014384
62.0527397326
12.7572844139
353.568189615
309.20146844
47.7636376479
284.759905418
48.8114554718
243.046607877
20.093364118
155.596387105
246.399325391
154.774566093
176.740542558
54.8611294285
204.229314506
195.105099758
5.53542359797
232.774917242
332.368046254
216.925314237
19.9793530197
44.4227932215
237.96556924
106.521582806
46.760012066
261.502030759
328.432849503
145.12381277
260.480560931
118.499473335
128.455558741
86.0744235617
155.015444292
100.716758715
314.233164232
106.521582806
46.7600655865
261.501958098
328.432811042
145.12381277
260.480560931
118.499473335
128.455604431
86.074418532
155.015444292
100.716758715
314.233112982
212.078274807
212.078274807
212.078196774
212.078134523
