200.495984161
158.341865101
217.624020105
319.288426779
134.728336061
183.442558251
351.833343433
52.3664723689
271.602390763
354.655421282
75.2028793319
297.301153788
309.390347723
118.060487952
19.8038733805
308.369131842
271.713483048
47.723980858
228.0917644
182.657246615
6.93920713016
218.375494453
179.060674181
189.673458306
135.099041669
345.421130787
127.030347354
107.578061683
349.962876035
309.831803649
16.6211467299
109.685502053
208.847336979
308.084776052
38.9846206773
81.0231949634
220.040928493
37.1797928765
289.771251357
141.782593673
311.397777944
63.0919825395
274.123916519
61.3170810231
281.421840937
225.871381341
227.927637173
95.9416073738
123.695074989
8.22251001212
215.392793493
208.738714743
290.149222821
161.018777619
259.248131724
215.600509737
307.321088833
189.439440445
127.307074562
247.115297571
177.255818149
4.82591310878
299.252269838
349.292734006
16.4974425499
143.474164185
45.1181590251
10.8268799175
100.891515144
242.840364883
296.665146133
312.355666352
51.1523553201
145.722708769
162.784968797
19.4626687324
310.510027339
268.976689105
346.158477443
225.348160732
257.412285821
200.990848675
236.04494366
86.0750832188
299.884644937
281.789038812
347.513588649
47.4287911
74.8260150479
341.060466727
213.358248789
150.178541481
10.2326558978
56.0935770726
119.766749107
158.00527983
95.8605841577
62.3262943731
223.973294512
255.037162818
350.359708153
210.742097764
61.4757594794
41.6520319281
249.363526501
51.5506544266
291.40836345
334.783606694
272.945806197
347.512988006
88.1854140235
225.219610264
193.100975316
187.229199972
54.9096191582
172.183362068
176.876520908
347.645085084
304.857180905
335.665033193
210.025359383
185.815905352
248.79778452
343.183228631
343.102368363
270.263455389
227.53101287
171.69645907
236.846589321
67.4452386561
325.590922241
4.05423686733
271.222446397
45.8343114085
285.270840927
94.5651801001
151.714216585
302.58111841
265.814835019
310.218038207
311.368824747
318.560289355
112.787984451
298.138905975
161.844945715
47.2096835184
168.652505391
5.9180452022
329.439319792
80.3831306013
32.9645421212
340.691522418
285.765533908
240.976472331
340.376519604
79.7371825489
69.0770099694
222.306182433
169.967731992
276.179557534
311.694013945
169.634903536
210.764769385
346.177080223
90.7030286463
114.736115231
82.4889260409
149.968893012
57.5298895732
151.544400459
182.615178923
90.6230543314
240.744380411
95.8477344584
188.619957519
30.194188425
272.125536779
39.144285221
106.559233978
180.540803005
142.212078191
224.908075479
102.53533406
54.2316923908
142.493125138
355.748050902
275.60791446
249.289865391
24.8431854347
150.396860908
280.091701169
277.76367333
283.483842974
104.543509497
358.767706681
274.526931646
122.920785668
15.0648537755
87.0776622329
351.539170086
233.983309322
101.511714003
39.279750865
45.7316661722
317.774595086
6.25288826822
23.6199988009
359.470731934
325.913507351
324.524037527
317.204835327
279.59975183
110.112806425
46.5716667534
124.425609117
189.119498023
357.722384785
45.89704772
227.356821644
306.32105674
79.8924457644
352.541387319
230.687667911
319.874999065
270.886513628
46.0251718315
46.5716667534
124.425609117
189.119486379
357.722381865
45.89704772
227.356821644
306.321013224
79.8924328711
352.541387319
230.687621365
319.874999065
270.886513628
46.0251208199
253.764662598
253.764662598
253.764662598
253.764662598
