-100.0,-100.0,0.640786791577
-100.0,-95.0,0.640356253076
-100.0,-90.0,0.631169812623
-100.0,-85.0,0.61879066509
-100.0,-80.0,0.625197575428
-100.0,-75.0,0.611666648782
-100.0,-70.0,0.624582696395
-100.0,-65.0,0.639240410358
-100.0,-60.0,0.634381381573
-100.0,-55.0,0.638474373416
-100.0,-50.0,0.646128910354
-100.0,-45.0,0.648349307368
-100.0,-40.0,0.643837733452
-100.0,-35.0,0.650002611478
-100.0,-30.0,0.651162601108
-100.0,-25.0,0.652638930101
-100.0,-20.0,0.638172127219
-100.0,-15.0,0.626777499523
-100.0,-10.0,0.620628828811
-100.0,-5.0,0.623066029188
-100.0,0.0,0.629409266347
-100.0,5.0,0.63151739936
-100.0,10.0,0.635816875805
-100.0,15.0,0.629144018286
-100.0,20.0,0.625816211871
-100.0,25.0,0.63251566167
-100.0,30.0,0.635327276214
-100.0,35.0,0.628295983532
-100.0,40.0,0.628530315458
-100.0,45.0,0.636343416915
-100.0,50.0,0.644146800838
-100.0,55.0,0.644097091865
-100.0,60.0,0.640093489436
-100.0,65.0,0.641649386442
-100.0,70.0,0.641517818002
-100.0,75.0,0.638592327662
-100.0,80.0,0.63736299582
-100.0,85.0,0.643410615814
-100.0,90.0,0.639760734203
-100.0,95.0,0.642298365317
-100.0,100.0,0.640786791577
-95.0,-100.0,0.65008872938
-95.0,-95.0,0.642132718154
-95.0,-90.0,0.633827013992
-95.0,-85.0,0.631219185177
-95.0,-80.0,0.63228625521
-95.0,-75.0,0.626712730191
-95.0,-70.0,0.622186320699
-95.0,-65.0,0.637195916444
-95.0,-60.0,0.638937954689
-95.0,-55.0,0.634536895082
-95.0,-50.0,0.637544345435
-95.0,-45.0,0.64799428745
-95.0,-40.0,0.645726898208
-95.0,-35.0,0.648610680593
-95.0,-30.0,0.649435271331
-95.0,-25.0,0.650498153046
-95.0,-20.0,0.642406840336
-95.0,-15.0,0.634655435612
-95.0,-10.0,0.639444761433
-95.0,-5.0,0.6335267633
-95.0,0.0,0.632231280244
-95.0,5.0,0.632623521119
-95.0,10.0,0.646057435505
-95.0,15.0,0.643409813192
-95.0,20.0,0.62748557185
-95.0,25.0,0.630693846226
-95.0,30.0,0.635990259553
-95.0,35.0,0.630848581687
-95.0,40.0,0.636328653214
-95.0,45.0,0.6450722292
-95.0,50.0,0.648399898848
-95.0,55.0,0.643540776451
-95.0,60.0,0.639714429673
-95.0,65.0,0.638985974775
-95.0,70.0,0.644726728691
-95.0,75.0,0.638402468874
-95.0,80.0,0.64022091189
-95.0,85.0,0.642144765592
-95.0,90.0,0.642599884357
-95.0,95.0,0.648620630998
-95.0,100.0,0.65008872938
-90.0,-100.0,0.642145907545
-90.0,-95.0,0.633152522278
-90.0,-90.0,0.632863129193
-90.0,-85.0,0.635384721561
-90.0,-80.0,0.625928982008
-90.0,-75.0,0.627079493545
-90.0,-70.0,0.626522189394
-90.0,-65.0,0.636181760554
-90.0,-60.0,0.647227685867
-90.0,-55.0,0.647938766738
-90.0,-50.0,0.648065291185
-90.0,-45.0,0.647265369131
-90.0,-40.0,0.649106571306
-90.0,-35.0,0.653590687916
-90.0,-30.0,0.645103975864
-90.0,-25.0,0.648103211572
-90.0,-20.0,0.649688729757
-90.0,-15.0,0.640211434176
-90.0,-10.0,0.635219706319
-90.0,-5.0,0.62095674973
-90.0,0.0,0.632095151383
-90.0,5.0,0.640121838809
-90.0,10.0,0.630590305426
-90.0,15.0,0.626890419567
-90.0,20.0,0.628653166529
-90.0,25.0,0.630232128554
-90.0,30.0,0.635609086126
-90.0,35.0,0.643778631243
-90.0,40.0,0.640837273692
-90.0,45.0,0.644954412086
-90.0,50.0,0.659233750416
-90.0,55.0,0.645243355676
-90.0,60.0,0.644797854394
-90.0,65.0,0.650823603356
-90.0,70.0,0.649369311168
-90.0,75.0,0.632510166767
-90.0,80.0,0.640055486144
-90.0,85.0,0.644058306371
-90.0,90.0,0.634302070025
-90.0,95.0,0.644426423513
-90.0,100.0,0.642145907545
-85.0,-100.0,0.641293313945
-85.0,-95.0,0.640256927706
-85.0,-90.0,0.644629763558
-85.0,-85.0,0.638272172278
-85.0,-80.0,0.635741818224
-85.0,-75.0,0.625705025407
-85.0,-70.0,0.628972851956
-85.0,-65.0,0.632074867406
-85.0,-60.0,0.640200601147
-85.0,-55.0,0.648242335461
-85.0,-50.0,0.653031517713
-85.0,-45.0,0.648440779672
-85.0,-40.0,0.649976234767
-85.0,-35.0,0.656962252409
-85.0,-30.0,0.657980622619
-85.0,-25.0,0.654526659434
-85.0,-20.0,0.659315572509
-85.0,-15.0,0.65971730531
-85.0,-10.0,0.644535483686
-85.0,-5.0,0.627337826181
-85.0,0.0,0.631797136277
-85.0,5.0,0.642511078985
-85.0,10.0,0.631112759162
-85.0,15.0,0.634924096895
-85.0,20.0,0.627802736274
-85.0,25.0,0.6299262009
-85.0,30.0,0.637504045735
-85.0,35.0,0.639448314315
-85.0,40.0,0.647709315943
-85.0,45.0,0.657034810457
-85.0,50.0,0.655331459276
-85.0,55.0,0.642922762462
-85.0,60.0,0.647780243839
-85.0,65.0,0.65001572668
-85.0,70.0,0.647646527743
-85.0,75.0,0.636330990962
-85.0,80.0,0.631653935502
-85.0,85.0,0.651104026324
-85.0,90.0,0.644750079547
-85.0,95.0,0.645542255949
-85.0,100.0,0.641293313945
-80.0,-100.0,0.640811411066
-80.0,-95.0,0.639783243029
-80.0,-90.0,0.642038629051
-80.0,-85.0,0.636750442738
-80.0,-80.0,0.639693772699
-80.0,-75.0,0.623666250128
-80.0,-70.0,0.628403783762
-80.0,-65.0,0.63162908417
-80.0,-60.0,0.652650116852
-80.0,-55.0,0.658378613552
-80.0,-50.0,0.652373754861
-80.0,-45.0,0.656039284068
-80.0,-40.0,0.649861234496
-80.0,-35.0,0.655596783858
-80.0,-30.0,0.657734219491
-80.0,-25.0,0.658851618779
-80.0,-20.0,0.659248791909
-80.0,-15.0,0.664220692352
-80.0,-10.0,0.655700275376
-80.0,-5.0,0.639008796689
-80.0,0.0,0.649772812832
-80.0,5.0,0.646724923078
-80.0,10.0,0.63986302453
-80.0,15.0,0.656433031211
-80.0,20.0,0.641551037176
-80.0,25.0,0.643873949949
-80.0,30.0,0.637258332184
-80.0,35.0,0.637931038369
-80.0,40.0,0.652692107766
-80.0,45.0,0.652987428746
-80.0,50.0,0.65046256103
-80.0,55.0,0.649940653482
-80.0,60.0,0.654613561691
-80.0,65.0,0.651832829287
-80.0,70.0,0.6492854065
-80.0,75.0,0.641429871552
-80.0,80.0,0.637487098985
-80.0,85.0,0.653227380639
-80.0,90.0,0.662075703134
-80.0,95.0,0.658491224356
-80.0,100.0,0.640811411066
-75.0,-100.0,0.646069825168
-75.0,-95.0,0.633878631725
-75.0,-90.0,0.636266952451
-75.0,-85.0,0.646953424408
-75.0,-80.0,0.642203083049
-75.0,-75.0,0.643534305879
-75.0,-70.0,0.634862558604
-75.0,-65.0,0.633078882484
-75.0,-60.0,0.651028689794
-75.0,-55.0,0.663937457324
-75.0,-50.0,0.658546037451
-75.0,-45.0,0.652191077523
-75.0,-40.0,0.661784158995
-75.0,-35.0,0.664465181807
-75.0,-30.0,0.662939767985
-75.0,-25.0,0.661621912222
-75.0,-20.0,0.660214736331
-75.0,-15.0,0.673149506746
-75.0,-10.0,0.669808281348
-75.0,-5.0,0.659905488371
-75.0,0.0,0.662049785101
-75.0,5.0,0.651229684566
-75.0,10.0,0.65730373373
-75.0,15.0,0.657551016628
-75.0,20.0,0.639071058532
-75.0,25.0,0.636660422125
-75.0,30.0,0.635529007044
-75.0,35.0,0.631575407017
-75.0,40.0,0.649804573168
-75.0,45.0,0.645902473727
-75.0,50.0,0.647397355255
-75.0,55.0,0.647143623101
-75.0,60.0,0.655190666999
-75.0,65.0,0.652971692215
-75.0,70.0,0.648706372382
-75.0,75.0,0.649797600283
-75.0,80.0,0.655088191888
-75.0,85.0,0.649992139631
-75.0,90.0,0.648438382375
-75.0,95.0,0.646753933432
-75.0,100.0,0.646069825168
-70.0,-100.0,0.646923175814
-70.0,-95.0,0.643417770245
-70.0,-90.0,0.644707398833
-70.0,-85.0,0.650597569834
-70.0,-80.0,0.646396674481
-70.0,-75.0,0.649379357828
-70.0,-70.0,0.638448175545
-70.0,-65.0,0.643374125806
-70.0,-60.0,0.650416448733
-70.0,-55.0,0.665970269487
-70.0,-50.0,0.661942111696
-70.0,-45.0,0.665663762726
-70.0,-40.0,0.667328061079
-70.0,-35.0,0.671807168041
-70.0,-30.0,0.682521784815
-70.0,-25.0,0.677653466069
-70.0,-20.0,0.679412508262
-70.0,-15.0,0.677729638135
-70.0,-10.0,0.681026485453
-70.0,-5.0,0.666824540015
-70.0,0.0,0.668915101593
-70.0,5.0,0.666009659748
-70.0,10.0,0.65924257888
-70.0,15.0,0.656285202076
-70.0,20.0,0.646781006314
-70.0,25.0,0.644935586282
-70.0,30.0,0.64677173574
-70.0,35.0,0.643250336205
-70.0,40.0,0.648984838283
-70.0,45.0,0.651704216178
-70.0,50.0,0.655884173001
-70.0,55.0,0.658992002854
-70.0,60.0,0.652545707482
-70.0,65.0,0.642653670784
-70.0,70.0,0.644631268148
-70.0,75.0,0.659641397385
-70.0,80.0,0.65394585889
-70.0,85.0,0.650741410789
-70.0,90.0,0.649214104542
-70.0,95.0,0.645008270054
-70.0,100.0,0.646923175814
-65.0,-100.0,0.641113243514
-65.0,-95.0,0.646156608686
-65.0,-90.0,0.649611888719
-65.0,-85.0,0.650953917699
-65.0,-80.0,0.647886175027
-65.0,-75.0,0.655146647665
-65.0,-70.0,0.661061753323
-65.0,-65.0,0.671791667242
-65.0,-60.0,0.664144698635
-65.0,-55.0,0.666355763217
-65.0,-50.0,0.674813268384
-65.0,-45.0,0.678607261788
-65.0,-40.0,0.676716897959
-65.0,-35.0,0.682426166101
-65.0,-30.0,0.685231624486
-65.0,-25.0,0.684966521644
-65.0,-20.0,0.688062225438
-65.0,-15.0,0.691577058348
-65.0,-10.0,0.690007337784
-65.0,-5.0,0.684832652105
-65.0,0.0,0.678934123237
-65.0,5.0,0.683224368001
-65.0,10.0,0.671894174779
-65.0,15.0,0.658988072835
-65.0,20.0,0.654597221775
-65.0,25.0,0.667266151484
-65.0,30.0,0.665807572373
-65.0,35.0,0.658948130733
-65.0,40.0,0.652814151042
-65.0,45.0,0.646799831659
-65.0,50.0,0.656666331369
-65.0,55.0,0.667272365087
-65.0,60.0,0.659804554586
-65.0,65.0,0.642372018791
-65.0,70.0,0.650125853599
-65.0,75.0,0.665991879514
-65.0,80.0,0.664995584373
-65.0,85.0,0.659186618658
-65.0,90.0,0.654292239177
-65.0,95.0,0.650801188366
-65.0,100.0,0.641113243514
-60.0,-100.0,0.646078007747
-60.0,-95.0,0.644377103942
-60.0,-90.0,0.643622953525
-60.0,-85.0,0.651914272908
-60.0,-80.0,0.658852385755
-60.0,-75.0,0.672958096021
-60.0,-70.0,0.679735726468
-60.0,-65.0,0.684350693694
-60.0,-60.0,0.681216245314
-60.0,-55.0,0.686863126356
-60.0,-50.0,0.685445840102
-60.0,-45.0,0.683660041377
-60.0,-40.0,0.686488202227
-60.0,-35.0,0.686119090217
-60.0,-30.0,0.691510863694
-60.0,-25.0,0.696492601969
-60.0,-20.0,0.697318435648
-60.0,-15.0,0.709600783692
-60.0,-10.0,0.705716165463
-60.0,-5.0,0.698282292793
-60.0,0.0,0.691984347461
-60.0,5.0,0.6927486765
-60.0,10.0,0.679199904667
-60.0,15.0,0.672489844446
-60.0,20.0,0.675928699201
-60.0,25.0,0.679162417412
-60.0,30.0,0.677063528319
-60.0,35.0,0.668697748522
-60.0,40.0,0.659693665542
-60.0,45.0,0.666005787104
-60.0,50.0,0.67550679559
-60.0,55.0,0.678006643639
-60.0,60.0,0.671022462585
-60.0,65.0,0.656751177307
-60.0,70.0,0.662476767521
-60.0,75.0,0.665279781166
-60.0,80.0,0.656261660727
-60.0,85.0,0.663894491987
-60.0,90.0,0.654038269386
-60.0,95.0,0.647941163881
-60.0,100.0,0.646078007747
-55.0,-100.0,0.652405872845
-55.0,-95.0,0.650107001604
-55.0,-90.0,0.649215614723
-55.0,-85.0,0.657917012243
-55.0,-80.0,0.666841482571
-55.0,-75.0,0.676726889756
-55.0,-70.0,0.682039489721
-55.0,-65.0,0.689439321284
-55.0,-60.0,0.68710961019
-55.0,-55.0,0.688102653952
-55.0,-50.0,0.690129109678
-55.0,-45.0,0.695527934623
-55.0,-40.0,0.694028509127
-55.0,-35.0,0.69355789908
-55.0,-30.0,0.694296073517
-55.0,-25.0,0.711042119733
-55.0,-20.0,0.709420336243
-55.0,-15.0,0.712612518844
-55.0,-10.0,0.705825748884
-55.0,-5.0,0.699294685961
-55.0,0.0,0.703859078732
-55.0,5.0,0.697099115419
-55.0,10.0,0.694183914255
-55.0,15.0,0.69427072252
-55.0,20.0,0.695904213393
-55.0,25.0,0.699697585178
-55.0,30.0,0.684161858579
-55.0,35.0,0.678187966775
-55.0,40.0,0.670823222225
-55.0,45.0,0.668185321147
-55.0,50.0,0.674241830473
-55.0,55.0,0.673327661114
-55.0,60.0,0.675586579116
-55.0,65.0,0.664723135399
-55.0,70.0,0.660831988385
-55.0,75.0,0.652945061014
-55.0,80.0,0.659835847407
-55.0,85.0,0.662983965444
-55.0,90.0,0.666834174094
-55.0,95.0,0.664537796401
-55.0,100.0,0.652405872845
-50.0,-100.0,0.661816976294
-50.0,-95.0,0.652441181841
-50.0,-90.0,0.648061274496
-50.0,-85.0,0.638683081401
-50.0,-80.0,0.658374354193
-50.0,-75.0,0.667543023716
-50.0,-70.0,0.670515465531
-50.0,-65.0,0.677788968779
-50.0,-60.0,0.6852058853
-50.0,-55.0,0.682252887675
-50.0,-50.0,0.692365892331
-50.0,-45.0,0.697854468778
-50.0,-40.0,0.69348067624
-50.0,-35.0,0.691919036702
-50.0,-30.0,0.694539245715
-50.0,-25.0,0.703481366023
-50.0,-20.0,0.708679181017
-50.0,-15.0,0.710627895267
-50.0,-10.0,0.708973844442
-50.0,-5.0,0.701375770042
-50.0,0.0,0.699190371918
-50.0,5.0,0.689740015058
-50.0,10.0,0.688864479677
-50.0,15.0,0.694142444675
-50.0,20.0,0.705066708055
-50.0,25.0,0.696313749069
-50.0,30.0,0.680310973487
-50.0,35.0,0.689228940453
-50.0,40.0,0.681828036486
-50.0,45.0,0.666054600961
-50.0,50.0,0.664030896161
-50.0,55.0,0.667048124783
-50.0,60.0,0.669285448275
-50.0,65.0,0.670061562406
-50.0,70.0,0.664538708191
-50.0,75.0,0.652861269953
-50.0,80.0,0.656532837267
-50.0,85.0,0.66630476302
-50.0,90.0,0.668130848499
-50.0,95.0,0.668068984018
-50.0,100.0,0.661816976294
-45.0,-100.0,0.646326363776
-45.0,-95.0,0.642464821489
-45.0,-90.0,0.643772278028
-45.0,-85.0,0.644372684167
-45.0,-80.0,0.657216340007
-45.0,-75.0,0.674846621209
-45.0,-70.0,0.673114005431
-45.0,-65.0,0.674780434744
-45.0,-60.0,0.684244755769
-45.0,-55.0,0.682477065972
-45.0,-50.0,0.680396364851
-45.0,-45.0,0.689300758434
-45.0,-40.0,0.698101954475
-45.0,-35.0,0.698610747604
-45.0,-30.0,0.699024218108
-45.0,-25.0,0.702466456194
-45.0,-20.0,0.709418780918
-45.0,-15.0,0.716371050027
-45.0,-10.0,0.706220076773
-45.0,-5.0,0.700292355819
-45.0,0.0,0.687648801972
-45.0,5.0,0.680913394892
-45.0,10.0,0.683744437883
-45.0,15.0,0.690020226282
-45.0,20.0,0.688948752172
-45.0,25.0,0.68831788899
-45.0,30.0,0.688103416833
-45.0,35.0,0.682676194093
-45.0,40.0,0.671309039001
-45.0,45.0,0.675007701484
-45.0,50.0,0.673590756558
-45.0,55.0,0.67686744248
-45.0,60.0,0.67870429542
-45.0,65.0,0.671177872716
-45.0,70.0,0.673360783043
-45.0,75.0,0.664853330987
-45.0,80.0,0.655311071869
-45.0,85.0,0.652508591949
-45.0,90.0,0.651641654117
-45.0,95.0,0.656428234193
-45.0,100.0,0.646326363776
-40.0,-100.0,0.641113532504
-40.0,-95.0,0.646533322256
-40.0,-90.0,0.641138614599
-40.0,-85.0,0.649582956177
-40.0,-80.0,0.6536657832
-40.0,-75.0,0.667576924454
-40.0,-70.0,0.668945026912
-40.0,-65.0,0.669255451501
-40.0,-60.0,0.676929458331
-40.0,-55.0,0.673518569229
-40.0,-50.0,0.667640848861
-40.0,-45.0,0.676598747466
-40.0,-40.0,0.692652680864
-40.0,-35.0,0.711264084361
-40.0,-30.0,0.704710897518
-40.0,-25.0,0.700379571985
-40.0,-20.0,0.701729815642
-40.0,-15.0,0.703453420149
-40.0,-10.0,0.693940303406
-40.0,-5.0,0.701434386578
-40.0,0.0,0.693854261259
-40.0,5.0,0.689098106648
-40.0,10.0,0.699265262389
-40.0,15.0,0.700206190713
-40.0,20.0,0.685333864242
-40.0,25.0,0.694742520796
-40.0,30.0,0.684399262533
-40.0,35.0,0.682124435073
-40.0,40.0,0.674763843855
-40.0,45.0,0.671722975329
-40.0,50.0,0.67224084253
-40.0,55.0,0.674015420588
-40.0,60.0,0.675326078449
-40.0,65.0,0.67254780765
-40.0,70.0,0.683535623938
-40.0,75.0,0.673167620993
-40.0,80.0,0.660860285816
-40.0,85.0,0.653342417894
-40.0,90.0,0.650992687713
-40.0,95.0,0.651609299838
-40.0,100.0,0.641113532504
-35.0,-100.0,0.650287667828
-35.0,-95.0,0.652305539108
-35.0,-90.0,0.648954828623
-35.0,-85.0,0.665722124542
-35.0,-80.0,0.660349633324
-35.0,-75.0,0.665142126109
-35.0,-70.0,0.667280082325
-35.0,-65.0,0.65913500731
-35.0,-60.0,0.667966600631
-35.0,-55.0,0.670570103073
-35.0,-50.0,0.665362613757
-35.0,-45.0,0.681616875603
-35.0,-40.0,0.693191091043
-35.0,-35.0,0.695836599784
-35.0,-30.0,0.705860973148
-35.0,-25.0,0.710133641433
-35.0,-20.0,0.70698479507
-35.0,-15.0,0.693579739671
-35.0,-10.0,0.695119739486
-35.0,-5.0,0.69012365666
-35.0,0.0,0.685471240137
-35.0,5.0,0.677512929182
-35.0,10.0,0.687981314429
-35.0,15.0,0.694046825818
-35.0,20.0,0.689974029414
-35.0,25.0,0.690319582512
-35.0,30.0,0.67577953903
-35.0,35.0,0.665325216351
-35.0,40.0,0.663218518767
-35.0,45.0,0.670269461589
-35.0,50.0,0.680329026765
-35.0,55.0,0.68082714468
-35.0,60.0,0.689005688021
-35.0,65.0,0.683329954335
-35.0,70.0,0.689422529879
-35.0,75.0,0.676458306273
-35.0,80.0,0.663588987518
-35.0,85.0,0.672994786947
-35.0,90.0,0.663694798681
-35.0,95.0,0.658800058547
-35.0,100.0,0.650287667828
-30.0,-100.0,0.656737460478
-30.0,-95.0,0.66280476646
-30.0,-90.0,0.66370320979
-30.0,-85.0,0.669986359136
-30.0,-80.0,0.661540511604
-30.0,-75.0,0.665237014881
-30.0,-70.0,0.657469158836
-30.0,-65.0,0.652854983989
-30.0,-60.0,0.662653717188
-30.0,-55.0,0.659643769475
-30.0,-50.0,0.664274287605
-30.0,-45.0,0.668467483065
-30.0,-40.0,0.682873050937
-30.0,-35.0,0.677157540729
-30.0,-30.0,0.692919881373
-30.0,-25.0,0.694395826711
-30.0,-20.0,0.68788831135
-30.0,-15.0,0.685388279688
-30.0,-10.0,0.683075800025
-30.0,-5.0,0.67950303042
-30.0,0.0,0.684430963496
-30.0,5.0,0.679923391977
-30.0,10.0,0.685917600014
-30.0,15.0,0.687108650285
-30.0,20.0,0.687093056034
-30.0,25.0,0.682411501481
-30.0,30.0,0.675304077422
-30.0,35.0,0.679130186768
-30.0,40.0,0.683070607342
-30.0,45.0,0.681107858539
-30.0,50.0,0.674019402291
-30.0,55.0,0.677244154753
-30.0,60.0,0.685225090123
-30.0,65.0,0.679571531778
-30.0,70.0,0.68180307097
-30.0,75.0,0.663456895052
-30.0,80.0,0.658915037826
-30.0,85.0,0.666084992008
-30.0,90.0,0.669416778844
-30.0,95.0,0.663799249134
-30.0,100.0,0.656737460478
-25.0,-100.0,0.654764436341
-25.0,-95.0,0.648401890633
-25.0,-90.0,0.658286459844
-25.0,-85.0,0.65794541995
-25.0,-80.0,0.651657538437
-25.0,-75.0,0.65309777192
-25.0,-70.0,0.647279390962
-25.0,-65.0,0.643212687215
-25.0,-60.0,0.646484930558
-25.0,-55.0,0.655576086438
-25.0,-50.0,0.667964916463
-25.0,-45.0,0.664206998146
-25.0,-40.0,0.675713428393
-25.0,-35.0,0.674165040291
-25.0,-30.0,0.683325600224
-25.0,-25.0,0.685883605782
-25.0,-20.0,0.680639370359
-25.0,-15.0,0.692725752246
-25.0,-10.0,0.683476366422
-25.0,-5.0,0.67732046026
-25.0,0.0,0.681858590865
-25.0,5.0,0.680033684326
-25.0,10.0,0.682751678447
-25.0,15.0,0.690079945706
-25.0,20.0,0.684929990005
-25.0,25.0,0.682737456265
-25.0,30.0,0.685038481139
-25.0,35.0,0.683311813793
-25.0,40.0,0.679959169416
-25.0,45.0,0.680334992285
-25.0,50.0,0.676357321593
-25.0,55.0,0.68186835912
-25.0,60.0,0.684910023217
-25.0,65.0,0.675191219302
-25.0,70.0,0.67351082844
-25.0,75.0,0.673031498938
-25.0,80.0,0.657019268901
-25.0,85.0,0.655702789644
-25.0,90.0,0.663829064782
-25.0,95.0,0.657642803375
-25.0,100.0,0.654764436341
-20.0,-100.0,0.652288755969
-20.0,-95.0,0.644509977387
-20.0,-90.0,0.651510340417
-20.0,-85.0,0.647126168223
-20.0,-80.0,0.641894639055
-20.0,-75.0,0.651553342183
-20.0,-70.0,0.651120024597
-20.0,-65.0,0.659747390652
-20.0,-60.0,0.651847955173
-20.0,-55.0,0.659263387001
-20.0,-50.0,0.662265269844
-20.0,-45.0,0.660209023756
-20.0,-40.0,0.667341070347
-20.0,-35.0,0.66836936756
-20.0,-30.0,0.663944617445
-20.0,-25.0,0.675009261699
-20.0,-20.0,0.673412556554
-20.0,-15.0,0.686352126481
-20.0,-10.0,0.677307090199
-20.0,-5.0,0.678564898199
-20.0,0.0,0.685662151246
-20.0,5.0,0.684163446003
-20.0,10.0,0.688804092724
-20.0,15.0,0.672708423885
-20.0,20.0,0.682987725642
-20.0,25.0,0.677594995212
-20.0,30.0,0.681242624584
-20.0,35.0,0.684029614163
-20.0,40.0,0.682178094125
-20.0,45.0,0.679973752561
-20.0,50.0,0.683312218066
-20.0,55.0,0.675744011414
-20.0,60.0,0.673072559265
-20.0,65.0,0.668727781927
-20.0,70.0,0.665820616384
-20.0,75.0,0.662387743126
-20.0,80.0,0.658839797076
-20.0,85.0,0.657837548462
-20.0,90.0,0.646753192164
-20.0,95.0,0.647452928383
-20.0,100.0,0.652288755969
-15.0,-100.0,0.653398133433
-15.0,-95.0,0.657721652852
-15.0,-90.0,0.65362681211
-15.0,-85.0,0.643443722133
-15.0,-80.0,0.641870508449
-15.0,-75.0,0.649835536899
-15.0,-70.0,0.640685282778
-15.0,-65.0,0.647259538463
-15.0,-60.0,0.64807208778
-15.0,-55.0,0.641820640564
-15.0,-50.0,0.654367244286
-15.0,-45.0,0.658131106615
-15.0,-40.0,0.665511851483
-15.0,-35.0,0.662403369748
-15.0,-30.0,0.659630296002
-15.0,-25.0,0.663287685524
-15.0,-20.0,0.662378204021
-15.0,-15.0,0.676918627139
-15.0,-10.0,0.680993353903
-15.0,-5.0,0.677200979705
-15.0,0.0,0.675753319584
-15.0,5.0,0.685449522701
-15.0,10.0,0.685030145598
-15.0,15.0,0.674510376114
-15.0,20.0,0.68372062075
-15.0,25.0,0.67976699241
-15.0,30.0,0.679917162908
-15.0,35.0,0.685028706239
-15.0,40.0,0.682742596546
-15.0,45.0,0.68000323565
-15.0,50.0,0.675774435043
-15.0,55.0,0.671665862094
-15.0,60.0,0.677412376554
-15.0,65.0,0.676135860516
-15.0,70.0,0.667728126985
-15.0,75.0,0.666355301961
-15.0,80.0,0.654568799515
-15.0,85.0,0.65053373648
-15.0,90.0,0.650777931454
-15.0,95.0,0.649709145556
-15.0,100.0,0.653398133433
-10.0,-100.0,0.65702804077
-10.0,-95.0,0.660991322091
-10.0,-90.0,0.642730579663
-10.0,-85.0,0.645762015074
-10.0,-80.0,0.648052953005
-10.0,-75.0,0.646467918289
-10.0,-70.0,0.640817693401
-10.0,-65.0,0.643118445051
-10.0,-60.0,0.643248692501
-10.0,-55.0,0.64628451494
-10.0,-50.0,0.653256739818
-10.0,-45.0,0.653609531999
-10.0,-40.0,0.64796786909
-10.0,-35.0,0.655244959596
-10.0,-30.0,0.659916598607
-10.0,-25.0,0.658173751745
-10.0,-20.0,0.666507738392
-10.0,-15.0,0.669969376495
-10.0,-10.0,0.681088865641
-10.0,-5.0,0.682621409158
-10.0,0.0,0.67508095581
-10.0,5.0,0.684122529191
-10.0,10.0,0.692995046449
-10.0,15.0,0.676330941318
-10.0,20.0,0.668306284228
-10.0,25.0,0.677159775077
-10.0,30.0,0.679191846845
-10.0,35.0,0.680793072361
-10.0,40.0,0.673791920551
-10.0,45.0,0.683641058414
-10.0,50.0,0.667170336944
-10.0,55.0,0.673499068991
-10.0,60.0,0.669628762001
-10.0,65.0,0.673383512382
-10.0,70.0,0.65998016311
-10.0,75.0,0.654601932067
-10.0,80.0,0.653623050288
-10.0,85.0,0.655034137057
-10.0,90.0,0.654637525414
-10.0,95.0,0.655034097256
-10.0,100.0,0.65702804077
-5.0,-100.0,0.648340866845
-5.0,-95.0,0.654423354929
-5.0,-90.0,0.639174861143
-5.0,-85.0,0.629012080175
-5.0,-80.0,0.644614719126
-5.0,-75.0,0.642369443535
-5.0,-70.0,0.639774194111
-5.0,-65.0,0.643026423836
-5.0,-60.0,0.650144080697
-5.0,-55.0,0.654747759773
-5.0,-50.0,0.664828580756
-5.0,-45.0,0.656665726215
-5.0,-40.0,0.649908670237
-5.0,-35.0,0.651867273625
-5.0,-30.0,0.658594363905
-5.0,-25.0,0.649161005136
-5.0,-20.0,0.659394496861
-5.0,-15.0,0.653274529596
-5.0,-10.0,0.662505129631
-5.0,-5.0,0.67781162776
-5.0,0.0,0.67020267584
-5.0,5.0,0.677879729669
-5.0,10.0,0.682762535483
-5.0,15.0,0.674429891723
-5.0,20.0,0.669396182792
-5.0,25.0,0.668610739128
-5.0,30.0,0.665029330419
-5.0,35.0,0.672844886957
-5.0,40.0,0.674490612705
-5.0,45.0,0.668982295236
-5.0,50.0,0.669402307228
-5.0,55.0,0.672596757302
-5.0,60.0,0.670957431849
-5.0,65.0,0.672845504479
-5.0,70.0,0.653978945715
-5.0,75.0,0.640303320189
-5.0,80.0,0.64371035627
-5.0,85.0,0.641284128404
-5.0,90.0,0.650638029318
-5.0,95.0,0.658506877722
-5.0,100.0,0.648340866845
0.0,-100.0,0.643159353346
0.0,-95.0,0.652018407739
0.0,-90.0,0.651180429117
0.0,-85.0,0.647088580061
0.0,-80.0,0.640435900698
0.0,-75.0,0.639166523106
0.0,-70.0,0.643342661507
0.0,-65.0,0.639777621683
0.0,-60.0,0.647301583761
0.0,-55.0,0.654498429223
0.0,-50.0,0.65868188576
0.0,-45.0,0.65117505455
0.0,-40.0,0.641120365985
0.0,-35.0,0.647808229343
0.0,-30.0,0.653051519892
0.0,-25.0,0.648909046104
0.0,-20.0,0.645119030321
0.0,-15.0,0.634708561908
0.0,-10.0,0.656423244896
0.0,-5.0,0.664453439141
0.0,0.0,0.658985331578
0.0,5.0,0.675851090173
0.0,10.0,0.669470678087
0.0,15.0,0.673941964249
0.0,20.0,0.667304833368
0.0,25.0,0.662483527253
0.0,30.0,0.668679003335
0.0,35.0,0.664249873901
0.0,40.0,0.670631541041
0.0,45.0,0.663699560632
0.0,50.0,0.676454302143
0.0,55.0,0.686812139591
0.0,60.0,0.676781688381
0.0,65.0,0.675281167314
0.0,70.0,0.651749876106
0.0,75.0,0.640968638031
0.0,80.0,0.6423825531
0.0,85.0,0.64970894626
0.0,90.0,0.650026084273
0.0,95.0,0.642335256809
0.0,100.0,0.643159353346
5.0,-100.0,0.647602671847
5.0,-95.0,0.653485314356
5.0,-90.0,0.648335659931
5.0,-85.0,0.636785259905
5.0,-80.0,0.639973752578
5.0,-75.0,0.645819679662
5.0,-70.0,0.644840757642
5.0,-65.0,0.649130116457
5.0,-60.0,0.656721375784
5.0,-55.0,0.651020446391
5.0,-50.0,0.656967547133
5.0,-45.0,0.65630936973
5.0,-40.0,0.64083162604
5.0,-35.0,0.649063274774
5.0,-30.0,0.645279467776
5.0,-25.0,0.64823294894
5.0,-20.0,0.646501744734
5.0,-15.0,0.630290482602
5.0,-10.0,0.642978073905
5.0,-5.0,0.654194783159
5.0,0.0,0.656897569303
5.0,5.0,0.66979933317
5.0,10.0,0.666101650479
5.0,15.0,0.668317839075
5.0,20.0,0.66863733838
5.0,25.0,0.673936514503
5.0,30.0,0.674149547679
5.0,35.0,0.670209777516
5.0,40.0,0.666535291384
5.0,45.0,0.669389857012
5.0,50.0,0.678618887405
5.0,55.0,0.689510965283
5.0,60.0,0.677722194377
5.0,65.0,0.671829998879
5.0,70.0,0.65734954977
5.0,75.0,0.65019263177
5.0,80.0,0.654888528662
5.0,85.0,0.655709999521
5.0,90.0,0.654532213863
5.0,95.0,0.652806101706
5.0,100.0,0.647602671847
10.0,-100.0,0.651224277182
10.0,-95.0,0.64297659517
10.0,-90.0,0.644135810458
10.0,-85.0,0.631874851051
10.0,-80.0,0.637873896112
10.0,-75.0,0.653688344901
10.0,-70.0,0.65244925707
10.0,-65.0,0.648191403025
10.0,-60.0,0.646272732419
10.0,-55.0,0.654997267121
10.0,-50.0,0.661759809205
10.0,-45.0,0.652482691167
10.0,-40.0,0.65020019802
10.0,-35.0,0.645888862606
10.0,-30.0,0.638280085335
10.0,-25.0,0.642648987958
10.0,-20.0,0.635780695786
10.0,-15.0,0.633792699393
10.0,-10.0,0.650171275243
10.0,-5.0,0.655767182159
10.0,0.0,0.655663687619
10.0,5.0,0.66079071816
10.0,10.0,0.66032622926
10.0,15.0,0.659621042961
10.0,20.0,0.664041390148
10.0,25.0,0.670038995772
10.0,30.0,0.665443045048
10.0,35.0,0.6704657148
10.0,40.0,0.666060290178
10.0,45.0,0.665650447229
10.0,50.0,0.671968387397
10.0,55.0,0.663521736624
10.0,60.0,0.667555519328
10.0,65.0,0.667603977522
10.0,70.0,0.647023262464
10.0,75.0,0.652550708366
10.0,80.0,0.655141073925
10.0,85.0,0.643643241234
10.0,90.0,0.6465280806
10.0,95.0,0.656787891758
10.0,100.0,0.651224277182
15.0,-100.0,0.652266027456
15.0,-95.0,0.646214097867
15.0,-90.0,0.650797433549
15.0,-85.0,0.638011435701
15.0,-80.0,0.632502729155
15.0,-75.0,0.640545352497
15.0,-70.0,0.646437769898
15.0,-65.0,0.649720278013
15.0,-60.0,0.648887861518
15.0,-55.0,0.658381928548
15.0,-50.0,0.659365286172
15.0,-45.0,0.644075292947
15.0,-40.0,0.649494155942
15.0,-35.0,0.647448318277
15.0,-30.0,0.646833506147
15.0,-25.0,0.65043177962
15.0,-20.0,0.637947347322
15.0,-15.0,0.642179512656
15.0,-10.0,0.642229662696
15.0,-5.0,0.644057983432
15.0,0.0,0.648469093103
15.0,5.0,0.653346328513
15.0,10.0,0.666383702041
15.0,15.0,0.664005447632
15.0,20.0,0.665702865537
15.0,25.0,0.666747268931
15.0,30.0,0.65730645245
15.0,35.0,0.678744389821
15.0,40.0,0.677213815334
15.0,45.0,0.679252157154
15.0,50.0,0.668249566159
15.0,55.0,0.665338392278
15.0,60.0,0.672047700625
15.0,65.0,0.666702604924
15.0,70.0,0.656927879973
15.0,75.0,0.654715096495
15.0,80.0,0.638303242512
15.0,85.0,0.642724727107
15.0,90.0,0.645048221574
15.0,95.0,0.647214766219
15.0,100.0,0.652266027456
20.0,-100.0,0.64400253694
20.0,-95.0,0.648616949588
20.0,-90.0,0.649688843026
20.0,-85.0,0.619757038441
20.0,-80.0,0.617540917655
20.0,-75.0,0.634519618439
20.0,-70.0,0.636006559975
20.0,-65.0,0.637028389341
20.0,-60.0,0.638286116154
20.0,-55.0,0.651572838343
20.0,-50.0,0.653462263852
20.0,-45.0,0.647333717056
20.0,-40.0,0.649011957483
20.0,-35.0,0.64821683985
20.0,-30.0,0.649630931444
20.0,-25.0,0.644129587911
20.0,-20.0,0.643121765205
20.0,-15.0,0.641504276376
20.0,-10.0,0.634515563994
20.0,-5.0,0.639649597447
20.0,0.0,0.64932531319
20.0,5.0,0.658719925598
20.0,10.0,0.66719771749
20.0,15.0,0.657892007998
20.0,20.0,0.673229224674
20.0,25.0,0.671675042301
20.0,30.0,0.657142218095
20.0,35.0,0.663103230396
20.0,40.0,0.6693203877
20.0,45.0,0.67011044232
20.0,50.0,0.666386336189
20.0,55.0,0.670650872534
20.0,60.0,0.671826202913
20.0,65.0,0.655516103302
20.0,70.0,0.65892352642
20.0,75.0,0.65518291231
20.0,80.0,0.638640582802
20.0,85.0,0.639545320672
20.0,90.0,0.648694332973
20.0,95.0,0.645043830942
20.0,100.0,0.64400253694
25.0,-100.0,0.64269463448
25.0,-95.0,0.642409402156
25.0,-90.0,0.63722431467
25.0,-85.0,0.627097097278
25.0,-80.0,0.62199949056
25.0,-75.0,0.622526049382
25.0,-70.0,0.630340986326
25.0,-65.0,0.639740676017
25.0,-60.0,0.644602037065
25.0,-55.0,0.652135720211
25.0,-50.0,0.657437655154
25.0,-45.0,0.643971239901
25.0,-40.0,0.648011414904
25.0,-35.0,0.644414946431
25.0,-30.0,0.651821816691
25.0,-25.0,0.64079728366
25.0,-20.0,0.63929072039
25.0,-15.0,0.642089415082
25.0,-10.0,0.637887816462
25.0,-5.0,0.636407367369
25.0,0.0,0.640117179065
25.0,5.0,0.641897603322
25.0,10.0,0.648117442242
25.0,15.0,0.653546639777
25.0,20.0,0.661536404837
25.0,25.0,0.656280567095
25.0,30.0,0.659502164688
25.0,35.0,0.658782156609
25.0,40.0,0.663255312646
25.0,45.0,0.672673370041
25.0,50.0,0.67120117026
25.0,55.0,0.6684445738
25.0,60.0,0.6659281836
25.0,65.0,0.652725396352
25.0,70.0,0.651853851314
25.0,75.0,0.650786213867
25.0,80.0,0.643203920407
25.0,85.0,0.643976223171
25.0,90.0,0.648012775776
25.0,95.0,0.64175619401
25.0,100.0,0.64269463448
30.0,-100.0,0.623850707022
30.0,-95.0,0.624473909129
30.0,-90.0,0.635574869462
30.0,-85.0,0.645851810508
30.0,-80.0,0.633484890173
30.0,-75.0,0.62554517555
30.0,-70.0,0.621656661458
30.0,-65.0,0.627233543953
30.0,-60.0,0.647200627382
30.0,-55.0,0.654775638045
30.0,-50.0,0.655512461456
30.0,-45.0,0.655465207122
30.0,-40.0,0.651503455094
30.0,-35.0,0.644791582768
30.0,-30.0,0.648903512593
30.0,-25.0,0.644320734603
30.0,-20.0,0.647524217082
30.0,-15.0,0.638171477658
30.0,-10.0,0.632873890184
30.0,-5.0,0.638211329781
30.0,0.0,0.63860711353
30.0,5.0,0.649079039737
30.0,10.0,0.657648563973
30.0,15.0,0.652649341717
30.0,20.0,0.656283737989
30.0,25.0,0.647095054677
30.0,30.0,0.655270927765
30.0,35.0,0.654017423367
30.0,40.0,0.666523281829
30.0,45.0,0.66290792522
30.0,50.0,0.658551359927
30.0,55.0,0.665069658415
30.0,60.0,0.667244265377
30.0,65.0,0.652445881524
30.0,70.0,0.638260802261
30.0,75.0,0.633524790319
30.0,80.0,0.638953960725
30.0,85.0,0.642217834698
30.0,90.0,0.640650447272
30.0,95.0,0.64039497282
30.0,100.0,0.623850707022
35.0,-100.0,0.631046640244
35.0,-95.0,0.637737197124
35.0,-90.0,0.639830547967
35.0,-85.0,0.650034381309
35.0,-80.0,0.639494506626
35.0,-75.0,0.636228512776
35.0,-70.0,0.623235152824
35.0,-65.0,0.625136361082
35.0,-60.0,0.646506604056
35.0,-55.0,0.650666622514
35.0,-50.0,0.651780022135
35.0,-45.0,0.654195074994
35.0,-40.0,0.653617661715
35.0,-35.0,0.640726549163
35.0,-30.0,0.643894427543
35.0,-25.0,0.65003684986
35.0,-20.0,0.642014513927
35.0,-15.0,0.632193265529
35.0,-10.0,0.630289948192
35.0,-5.0,0.640767339158
35.0,0.0,0.645085163069
35.0,5.0,0.653704541709
35.0,10.0,0.645196191457
35.0,15.0,0.648193440026
35.0,20.0,0.660552824891
35.0,25.0,0.657815013931
35.0,30.0,0.659755786666
35.0,35.0,0.655024051813
35.0,40.0,0.660645877544
35.0,45.0,0.654326978787
35.0,50.0,0.641621220681
35.0,55.0,0.661629865451
35.0,60.0,0.659509219646
35.0,65.0,0.651752342725
35.0,70.0,0.648077727131
35.0,75.0,0.640465659451
35.0,80.0,0.636285150168
35.0,85.0,0.642109378776
35.0,90.0,0.642914609731
35.0,95.0,0.639143750098
35.0,100.0,0.631046640244
40.0,-100.0,0.631678153953
40.0,-95.0,0.642080152216
40.0,-90.0,0.647302225678
40.0,-85.0,0.650668780528
40.0,-80.0,0.642937297632
40.0,-75.0,0.640195415396
40.0,-70.0,0.638598241313
40.0,-65.0,0.6313153788
40.0,-60.0,0.650459575717
40.0,-55.0,0.651264794765
40.0,-50.0,0.655767732622
40.0,-45.0,0.657455517332
40.0,-40.0,0.643462724671
40.0,-35.0,0.63907955333
40.0,-30.0,0.643538704882
40.0,-25.0,0.640305899284
40.0,-20.0,0.643208066732
40.0,-15.0,0.641932880999
40.0,-10.0,0.64241288508
40.0,-5.0,0.645846029091
40.0,0.0,0.635411934378
40.0,5.0,0.639483417556
40.0,10.0,0.646667065811
40.0,15.0,0.647866672321
40.0,20.0,0.655571830319
40.0,25.0,0.655541148239
40.0,30.0,0.658638932616
40.0,35.0,0.651273030684
40.0,40.0,0.655950146729
40.0,45.0,0.660373806617
40.0,50.0,0.656261440921
40.0,55.0,0.670098656601
40.0,60.0,0.655478403154
40.0,65.0,0.648972895781
40.0,70.0,0.648709196933
40.0,75.0,0.634574296024
40.0,80.0,0.630199419099
40.0,85.0,0.628759867791
40.0,90.0,0.630842551074
40.0,95.0,0.627130398539
40.0,100.0,0.631678153953
45.0,-100.0,0.633132447214
45.0,-95.0,0.644561012717
45.0,-90.0,0.646439320726
45.0,-85.0,0.640754613103
45.0,-80.0,0.643275705345
45.0,-75.0,0.647027491979
45.0,-70.0,0.643534116056
45.0,-65.0,0.638113492149
45.0,-60.0,0.645018625618
45.0,-55.0,0.655172309227
45.0,-50.0,0.659980973523
45.0,-45.0,0.652070147745
45.0,-40.0,0.645835584285
45.0,-35.0,0.650425043155
45.0,-30.0,0.647348001254
45.0,-25.0,0.643256693701
45.0,-20.0,0.637430354074
45.0,-15.0,0.644676178374
45.0,-10.0,0.639350130298
45.0,-5.0,0.649177255483
45.0,0.0,0.64141739171
45.0,5.0,0.640935032683
45.0,10.0,0.652917314968
45.0,15.0,0.653791994958
45.0,20.0,0.648562323262
45.0,25.0,0.643963688415
45.0,30.0,0.656869557965
45.0,35.0,0.657375230876
45.0,40.0,0.663416220192
45.0,45.0,0.660167822758
45.0,50.0,0.673639547314
45.0,55.0,0.671543940236
45.0,60.0,0.653026164304
45.0,65.0,0.637777723224
45.0,70.0,0.64113265859
45.0,75.0,0.637490403784
45.0,80.0,0.629523932139
45.0,85.0,0.623439537332
45.0,90.0,0.618934064004
45.0,95.0,0.61983644743
45.0,100.0,0.633132447214
50.0,-100.0,0.630017729823
50.0,-95.0,0.645881217902
50.0,-90.0,0.64231337103
50.0,-85.0,0.641143798165
50.0,-80.0,0.649827736576
50.0,-75.0,0.66675641569
50.0,-70.0,0.657722038762
50.0,-65.0,0.651066329274
50.0,-60.0,0.66055592597
50.0,-55.0,0.659107215434
50.0,-50.0,0.657142497357
50.0,-45.0,0.6520207397
50.0,-40.0,0.652517683497
50.0,-35.0,0.651409975229
50.0,-30.0,0.645037448205
50.0,-25.0,0.644693667701
50.0,-20.0,0.630962092563
50.0,-15.0,0.648724579157
50.0,-10.0,0.645421065929
50.0,-5.0,0.644844081091
50.0,0.0,0.636799173828
50.0,5.0,0.640538311403
50.0,10.0,0.655580224346
50.0,15.0,0.65192440148
50.0,20.0,0.653143505968
50.0,25.0,0.65989343978
50.0,30.0,0.649660582011
50.0,35.0,0.656466146375
50.0,40.0,0.668693339599
50.0,45.0,0.666581146416
50.0,50.0,0.676986076579
50.0,55.0,0.667196882285
50.0,60.0,0.666687928024
50.0,65.0,0.641806166602
50.0,70.0,0.646797899237
50.0,75.0,0.64093025592
50.0,80.0,0.635581573274
50.0,85.0,0.630532028849
50.0,90.0,0.635091414002
50.0,95.0,0.631536420602
50.0,100.0,0.630017729823
55.0,-100.0,0.632821743906
55.0,-95.0,0.640639972937
55.0,-90.0,0.639184684343
55.0,-85.0,0.646009745086
55.0,-80.0,0.655856992236
55.0,-75.0,0.666476351868
55.0,-70.0,0.654536047307
55.0,-65.0,0.648368875892
55.0,-60.0,0.658165450765
55.0,-55.0,0.654209157565
55.0,-50.0,0.654678947342
55.0,-45.0,0.641142162511
55.0,-40.0,0.645017660314
55.0,-35.0,0.64702422623
55.0,-30.0,0.644584321593
55.0,-25.0,0.637164138365
55.0,-20.0,0.633074035931
55.0,-15.0,0.635886502494
55.0,-10.0,0.640766606852
55.0,-5.0,0.63721887363
55.0,0.0,0.638066293742
55.0,5.0,0.657105094027
55.0,10.0,0.653028800557
55.0,15.0,0.648437620402
55.0,20.0,0.654110681056
55.0,25.0,0.646712455679
55.0,30.0,0.646181079923
55.0,35.0,0.661674555618
55.0,40.0,0.675041593384
55.0,45.0,0.677690924809
55.0,50.0,0.674472477863
55.0,55.0,0.6737871475
55.0,60.0,0.677468482209
55.0,65.0,0.661623844789
55.0,70.0,0.648720665498
55.0,75.0,0.641023473196
55.0,80.0,0.643904188823
55.0,85.0,0.636442359925
55.0,90.0,0.634775937298
55.0,95.0,0.635656202999
55.0,100.0,0.632821743906
60.0,-100.0,0.641477158689
60.0,-95.0,0.63956451708
60.0,-90.0,0.643243400796
60.0,-85.0,0.645674051838
60.0,-80.0,0.641936946052
60.0,-75.0,0.642368870453
60.0,-70.0,0.638820918758
60.0,-65.0,0.643897250082
60.0,-60.0,0.646244529874
60.0,-55.0,0.648946422854
60.0,-50.0,0.641002755346
60.0,-45.0,0.64314967393
60.0,-40.0,0.649545434095
60.0,-35.0,0.649045671287
60.0,-30.0,0.640955217767
60.0,-25.0,0.641228626691
60.0,-20.0,0.64222864424
60.0,-15.0,0.639672599831
60.0,-10.0,0.631103430833
60.0,-5.0,0.632842883155
60.0,0.0,0.639908999063
60.0,5.0,0.643713357387
60.0,10.0,0.651156750081
60.0,15.0,0.648289056067
60.0,20.0,0.647562863217
60.0,25.0,0.640037203547
60.0,30.0,0.65098856835
60.0,35.0,0.657440843784
60.0,40.0,0.659498956521
60.0,45.0,0.668406213447
60.0,50.0,0.658542098885
60.0,55.0,0.66793042318
60.0,60.0,0.665147716711
60.0,65.0,0.649814069515
60.0,70.0,0.644763408818
60.0,75.0,0.641424359453
60.0,80.0,0.631370953905
60.0,85.0,0.635367000756
60.0,90.0,0.638060886798
60.0,95.0,0.639629877736
60.0,100.0,0.641477158689
65.0,-100.0,0.625239359251
65.0,-95.0,0.631519535209
65.0,-90.0,0.632881738603
65.0,-85.0,0.631089851027
65.0,-80.0,0.617715470499
65.0,-75.0,0.630268308017
65.0,-70.0,0.626477923367
65.0,-65.0,0.636656158883
65.0,-60.0,0.640077550355
65.0,-55.0,0.636980298573
65.0,-50.0,0.634484093661
65.0,-45.0,0.631614507423
65.0,-40.0,0.638512569461
65.0,-35.0,0.637167736043
65.0,-30.0,0.626506023428
65.0,-25.0,0.631555459124
65.0,-20.0,0.631554394952
65.0,-15.0,0.623817855348
65.0,-10.0,0.625705612991
65.0,-5.0,0.629938048145
65.0,0.0,0.643530641817
65.0,5.0,0.630942289503
65.0,10.0,0.63137372803
65.0,15.0,0.63620426
65.0,20.0,0.646082425785
65.0,25.0,0.638676441364
65.0,30.0,0.632772656037
65.0,35.0,0.639549702049
65.0,40.0,0.635745287814
65.0,45.0,0.645829178209
65.0,50.0,0.65068709641
65.0,55.0,0.658886157938
65.0,60.0,0.655947067274
65.0,65.0,0.645122950657
65.0,70.0,0.64108888069
65.0,75.0,0.635805712783
65.0,80.0,0.637053090431
65.0,85.0,0.638697237387
65.0,90.0,0.635803920668
65.0,95.0,0.634081290201
65.0,100.0,0.625239359251
70.0,-100.0,0.61065763643
70.0,-95.0,0.616457547132
70.0,-90.0,0.622612011875
70.0,-85.0,0.6243876109
70.0,-80.0,0.613694960181
70.0,-75.0,0.622695562861
70.0,-70.0,0.626081454595
70.0,-65.0,0.633757514626
70.0,-60.0,0.630703165093
70.0,-55.0,0.631303240143
70.0,-50.0,0.62182527205
70.0,-45.0,0.61956309507
70.0,-40.0,0.635143744973
70.0,-35.0,0.630744452614
70.0,-30.0,0.620952810754
70.0,-25.0,0.620935716292
70.0,-20.0,0.60929063636
70.0,-15.0,0.616078328656
70.0,-10.0,0.62951014447
70.0,-5.0,0.618635190167
70.0,0.0,0.628279930998
70.0,5.0,0.625835693288
70.0,10.0,0.618014218171
70.0,15.0,0.626978772372
70.0,20.0,0.628417979558
70.0,25.0,0.620207190017
70.0,30.0,0.61759908931
70.0,35.0,0.631369072846
70.0,40.0,0.634252396182
70.0,45.0,0.636918408012
70.0,50.0,0.648250542201
70.0,55.0,0.658981030193
70.0,60.0,0.668278845178
70.0,65.0,0.657665301011
70.0,70.0,0.643665524252
70.0,75.0,0.63712320815
70.0,80.0,0.627003019279
70.0,85.0,0.623602113243
70.0,90.0,0.622936495893
70.0,95.0,0.62156527264
70.0,100.0,0.61065763643
75.0,-100.0,0.617905544603
75.0,-95.0,0.620439782364
75.0,-90.0,0.625946758549
75.0,-85.0,0.623261090222
75.0,-80.0,0.613014838991
75.0,-75.0,0.617702508457
75.0,-70.0,0.62377648375
75.0,-65.0,0.631316756358
75.0,-60.0,0.624520883552
75.0,-55.0,0.627627350604
75.0,-50.0,0.626233665209
75.0,-45.0,0.623533893585
75.0,-40.0,0.633911899271
75.0,-35.0,0.639505085541
75.0,-30.0,0.621980910286
75.0,-25.0,0.612106894276
75.0,-20.0,0.617661686689
75.0,-15.0,0.628309813822
75.0,-10.0,0.633666239547
75.0,-5.0,0.619602893889
75.0,0.0,0.630784970583
75.0,5.0,0.630018868432
75.0,10.0,0.62824159471
75.0,15.0,0.634817874931
75.0,20.0,0.629227922414
75.0,25.0,0.619598151023
75.0,30.0,0.619462202154
75.0,35.0,0.624341961523
75.0,40.0,0.623751166983
75.0,45.0,0.641546530309
75.0,50.0,0.647072090942
75.0,55.0,0.645747803112
75.0,60.0,0.652702273629
75.0,65.0,0.652905671109
75.0,70.0,0.651030678207
75.0,75.0,0.647019044174
75.0,80.0,0.625844989577
75.0,85.0,0.627671132807
75.0,90.0,0.629882874744
75.0,95.0,0.631478649465
75.0,100.0,0.617905544603
80.0,-100.0,0.621263913701
80.0,-95.0,0.624496365229
80.0,-90.0,0.62363970344
80.0,-85.0,0.620773453981
80.0,-80.0,0.610531107919
80.0,-75.0,0.62381614856
80.0,-70.0,0.620735743259
80.0,-65.0,0.618571606964
80.0,-60.0,0.619064099573
80.0,-55.0,0.621713444537
80.0,-50.0,0.631999832391
80.0,-45.0,0.625512922706
80.0,-40.0,0.631471214931
80.0,-35.0,0.633592760801
80.0,-30.0,0.630759259038
80.0,-25.0,0.615097815782
80.0,-20.0,0.61807194308
80.0,-15.0,0.633320269427
80.0,-10.0,0.620950891305
80.0,-5.0,0.61561802645
80.0,0.0,0.617058823072
80.0,5.0,0.624677803278
80.0,10.0,0.625545754928
80.0,15.0,0.619626748552
80.0,20.0,0.620967673016
80.0,25.0,0.617918297451
80.0,30.0,0.622638152531
80.0,35.0,0.625431832997
80.0,40.0,0.63234006007
80.0,45.0,0.645970634514
80.0,50.0,0.637243471002
80.0,55.0,0.636755308987
80.0,60.0,0.64192633817
80.0,65.0,0.651463324487
80.0,70.0,0.653659697746
80.0,75.0,0.64073983985
80.0,80.0,0.629152890047
80.0,85.0,0.634442220842
80.0,90.0,0.638952619438
80.0,95.0,0.624748717555
80.0,100.0,0.621263913701
85.0,-100.0,0.62079389553
85.0,-95.0,0.621975135394
85.0,-90.0,0.620095794533
85.0,-85.0,0.61574932489
85.0,-80.0,0.621778145584
85.0,-75.0,0.632206353999
85.0,-70.0,0.622222566511
85.0,-65.0,0.620080190669
85.0,-60.0,0.616636772456
85.0,-55.0,0.614448793625
85.0,-50.0,0.631759317099
85.0,-45.0,0.633174830438
85.0,-40.0,0.63838635653
85.0,-35.0,0.631962622987
85.0,-30.0,0.624087541518
85.0,-25.0,0.621728742149
85.0,-20.0,0.622327761869
85.0,-15.0,0.619073476805
85.0,-10.0,0.613257078802
85.0,-5.0,0.614872453442
85.0,0.0,0.617695694496
85.0,5.0,0.629328837791
85.0,10.0,0.614244929014
85.0,15.0,0.616736426757
85.0,20.0,0.627691141889
85.0,25.0,0.626152358648
85.0,30.0,0.626109593348
85.0,35.0,0.620766733809
85.0,40.0,0.632331463801
85.0,45.0,0.646313341259
85.0,50.0,0.644969623562
85.0,55.0,0.636159090755
85.0,60.0,0.633206502597
85.0,65.0,0.643332025151
85.0,70.0,0.648244867489
85.0,75.0,0.644383498598
85.0,80.0,0.635522835092
85.0,85.0,0.633728942099
85.0,90.0,0.628674001768
85.0,95.0,0.620330101164
85.0,100.0,0.62079389553
90.0,-100.0,0.63144417669
90.0,-95.0,0.622042134843
90.0,-90.0,0.61659797369
90.0,-85.0,0.61478316911
90.0,-80.0,0.625561352657
90.0,-75.0,0.621826148768
90.0,-70.0,0.615804465244
90.0,-65.0,0.618855863711
90.0,-60.0,0.611417369979
90.0,-55.0,0.60911869843
90.0,-50.0,0.636745872531
90.0,-45.0,0.653131048347
90.0,-40.0,0.643069940028
90.0,-35.0,0.641971226852
90.0,-30.0,0.626297134419
90.0,-25.0,0.633120748565
90.0,-20.0,0.635081556341
90.0,-15.0,0.615051386982
90.0,-10.0,0.607982795676
90.0,-5.0,0.614773179875
90.0,0.0,0.619652850102
90.0,5.0,0.628934360718
90.0,10.0,0.618371985435
90.0,15.0,0.631441514369
90.0,20.0,0.638645058918
90.0,25.0,0.631942791813
90.0,30.0,0.621980013566
90.0,35.0,0.618529257278
90.0,40.0,0.622573869789
90.0,45.0,0.635984861164
90.0,50.0,0.646655285851
90.0,55.0,0.643641741603
90.0,60.0,0.638018018211
90.0,65.0,0.654243645782
90.0,70.0,0.653514252778
90.0,75.0,0.644224602194
90.0,80.0,0.648608253478
90.0,85.0,0.642442528767
90.0,90.0,0.621137453942
90.0,95.0,0.623105981563
90.0,100.0,0.63144417669
95.0,-100.0,0.632069589293
95.0,-95.0,0.633255789257
95.0,-90.0,0.617212680365
95.0,-85.0,0.615128205049
95.0,-80.0,0.62083568675
95.0,-75.0,0.607245895928
95.0,-70.0,0.615062889408
95.0,-65.0,0.636370512341
95.0,-60.0,0.626736085748
95.0,-55.0,0.634361258692
95.0,-50.0,0.639629049794
95.0,-45.0,0.649987177873
95.0,-40.0,0.642470303779
95.0,-35.0,0.644782760568
95.0,-30.0,0.632714697251
95.0,-25.0,0.639514810722
95.0,-20.0,0.63302718919
95.0,-15.0,0.615719881343
95.0,-10.0,0.605141835677
95.0,-5.0,0.614400234121
95.0,0.0,0.621395494322
95.0,5.0,0.629835196717
95.0,10.0,0.626587088373
95.0,15.0,0.62826055505
95.0,20.0,0.629280009305
95.0,25.0,0.627095468973
95.0,30.0,0.625704585107
95.0,35.0,0.617710812551
95.0,40.0,0.624591670258
95.0,45.0,0.63349553931
95.0,50.0,0.635418059702
95.0,55.0,0.63755173379
95.0,60.0,0.641802692413
95.0,65.0,0.652186517098
95.0,70.0,0.649467171248
95.0,75.0,0.635696887313
95.0,80.0,0.638936478725
95.0,85.0,0.641054681548
95.0,90.0,0.632068848021
95.0,95.0,0.631507399321
95.0,100.0,0.632069589293
100.0,-100.0,0.640786791576
100.0,-95.0,0.640356253076
100.0,-90.0,0.631169812623
100.0,-85.0,0.61879066509
100.0,-80.0,0.625197575428
100.0,-75.0,0.611666648781
100.0,-70.0,0.624582696395
100.0,-65.0,0.639240410358
100.0,-60.0,0.634381381573
100.0,-55.0,0.638474373416
100.0,-50.0,0.646128910354
100.0,-45.0,0.648349307368
100.0,-40.0,0.643837733452
100.0,-35.0,0.650002611478
100.0,-30.0,0.651162601108
100.0,-25.0,0.652638930101
100.0,-20.0,0.638172127219
100.0,-15.0,0.626777499523
100.0,-10.0,0.620628828811
100.0,-5.0,0.623066029188
100.0,0.0,0.629409266347
100.0,5.0,0.63151739936
100.0,10.0,0.635816875805
100.0,15.0,0.629144018286
100.0,20.0,0.625816211871
100.0,25.0,0.63251566167
100.0,30.0,0.635327276214
100.0,35.0,0.628295983532
100.0,40.0,0.628530315458
100.0,45.0,0.636343416915
100.0,50.0,0.644146800838
100.0,55.0,0.644097091865
100.0,60.0,0.640093489436
100.0,65.0,0.641649386443
100.0,70.0,0.641517818002
100.0,75.0,0.638592327662
100.0,80.0,0.63736299582
100.0,85.0,0.643410615815
100.0,90.0,0.639760734203
100.0,95.0,0.642298365317
100.0,100.0,0.640786791576
