223.756265933
19.9715897443
29.6276795041
33.3847027919
18.4258867637
337.384703011
153.240470957
152.848626441
34.9995760598
307.591186186
275.700024702
31.9990256296
177.869713955
151.160579337
168.63365066
73.6343953854
322.379447189
316.856085991
30.9196357462
116.509630331
345.834569182
343.893020371
345.542789324
185.949677026
5.54911022673
214.278104039
226.884391022
118.51951621
175.187398115
96.5656758199
207.734737638
264.562357546
200.630809692
9.02106036319
297.891445927
335.533226687
150.176323509
183.789458758
154.835986375
146.48571948
40.7955273503
322.977659801
152.102945073
121.556661047
29.7829004761
182.631986018
325.808240154
177.077471969
300.319678014
328.259190158
150.106004929
221.091029418
259.247636196
67.2748970718
88.6358172325
297.435288191
312.642519783
250.276150105
102.42682581
212.631898798
266.260872097
76.4814424452
294.240714199
163.581297992
36.614018633
227.502297628
241.519279866
280.493492418
256.794609897
132.848385724
256.659330901
48.7365813236
97.8138189588
94.142939357
281.587681876
326.162370491
346.879366446
269.973599826
144.62667102
46.6491022201
206.325945629
143.366862312
302.264665365
116.351987024
162.161559291
154.023693512
226.667759961
284.40072218
142.407854711
239.184228294
208.189241847
94.4832388995
30.7066399712
185.124836957
131.176271995
28.4068527433
107.102828762
223.045753107
288.672923841
259.912321971
92.1643782817
82.750929882
216.47402766
121.923017008
351.722911724
293.889918208
68.3401550626
290.73343318
3.40334836817
354.092387709
25.3129063938
186.934309754
274.251071631
240.730370518
172.156359736
58.4396553286
9.82379396343
278.655086274
186.625661166
104.407034927
284.934146749
43.7597693519
326.548108159
49.283040793
298.954425052
115.799485989
44.3086621335
166.433171331
319.427796757
55.6157513681
168.622014639
38.1828417496
228.222629027
200.735172734
333.917299334
142.200694035
125.307396768
79.2123369771
171.991284751
170.474377248
306.197039742
90.2177172473
104.034992499
45.3031543949
261.526380261
193.263647702
217.199752522
236.702952206
299.356592703
10.1240333818
72.8634622974
172.005985176
289.723726644
313.853739854
109.325236938
284.075780689
262.651884979
200.263928547
268.084306579
338.543362044
43.1565533301
1.548603256
328.804183397
90.3668906015
60.8553385979
2.64013819365
80.3016012276
75.3434612638
266.691283747
152.73670782
122.488280785
20.543296366
155.443159368
254.574138891
31.7193484677
220.120912813
32.2054647845
213.246540216
39.935408959
39.8866523651
141.358930806
178.802063437
2.03358024344
247.271020766
270.841850655
175.916466633
76.1515091724
169.057399912
185.956261241
89.0302731032
43.9206618869
159.992322654
114.780445837
104.897254666
10.7909773823
240.307995382
144.015941913
289.853990915
60.8396467977
142.471433982
75.5013047988
143.010683893
334.345849519
102.690634485
70.8409577197
102.944608134
104.690473245
161.581640802
349.442104661
248.063795869
226.652937386
254.41681199
248.935078434
213.156471768
222.419116279
70.6098909087
200.713201845
0.540227208247
144.981149982
118.566040114
215.831309049
291.603725498
281.327561274
165.271814108
248.935141765
213.156471768
222.419116279
70.6098909087
200.713201845
0.540227848136
144.981149982
118.566007662
215.831309049
291.603750485
281.327561274
165.271814108
224.546450739
224.546402372
224.546402372
224.546450739
