207.036232263
32.4330697936
229.336591657
94.46649197
179.434660308
130.059886086
58.5855745013
42.7363421075
257.684755523
265.553111905
165.002885129
268.184666597
309.038895266
15.2062442533
87.9289333174
211.637047692
44.2456978621
345.60557369
311.826492022
171.97925522
145.323400895
126.995576877
43.2493515044
241.437951784
174.324250655
311.294434075
7.08432452624
11.8843920037
212.845775353
113.043514522
294.13193465
62.7010425396
346.157591206
205.373569538
179.706407004
280.962546984
126.848231178
14.6133613032
16.9421338532
117.05604455
33.6951908755
136.024489124
209.954694257
98.9027835719
282.531104401
252.476982822
69.3338186743
132.092198643
198.738048986
174.125204917
170.533850861
252.253022093
127.002909849
330.535171913
177.680901389
28.4905291745
138.76485774
50.7484793161
349.96326336
314.289023669
319.471021658
61.3249590226
112.841555035
209.313328347
96.0298224943
13.9257466074
55.102897843
79.2668096335
43.376144468
267.349807474
115.708333356
209.840794252
311.498470353
204.313630505
205.942965975
170.748634968
230.478019186
351.566257273
314.941588287
314.074514001
238.309853588
268.136355201
345.022705235
297.153748669
253.004928165
100.566733667
345.09681408
135.270239432
326.138601789
266.091234916
207.52118065
221.083296314
25.5913003675
232.0959393
305.710904648
223.393787645
39.9225920298
344.050032715
261.025259979
177.715116729
319.349868907
287.604831756
36.8146778079
278.013701782
84.5368644942
318.57095884
99.5281052718
59.7506267769
219.800253144
287.863348281
20.2953323426
337.733853842
156.177132169
308.883363179
159.594498601
207.599149095
330.591413502
175.612605424
268.155197084
131.916942615
47.6635912025
56.5294617786
60.7503801931
150.679933062
261.21106545
1.99518635458
326.42840364
137.897086795
228.087752244
279.584282033
345.318836122
331.932654972
115.522407636
244.910855064
131.424115582
46.853211238
147.270757784
54.7651408043
209.89955931
73.6090253515
159.98733689
229.179424356
141.592300647
18.1287793858
243.706348078
82.2448197864
88.6758012512
84.8414050357
175.146880647
301.651709838
273.602027766
63.6039583579
16.8602080239
148.749048488
88.7789159839
129.321327151
77.3071406017
319.719505755
141.19595229
289.932367462
228.857143815
176.80752327
12.0659836576
301.717929563
147.358626564
241.408053454
342.816482093
194.392317142
232.213223677
232.771790462
349.516719929
30.6296903601
345.552484763
235.676285332
267.304014535
350.288067219
301.667557402
352.042471521
4.73007490003
25.0222767586
179.635145794
188.173131763
72.0412521014
87.664938802
279.512933517
93.5642871362
261.476283244
101.580479604
184.073612515
126.220738183
197.293923276
90.1528361612
211.068519815
120.11476742
332.615505538
96.1271487862
199.008234319
168.225963986
59.9331030674
275.925858831
213.763382575
177.849474612
21.6206508967
344.556682201
279.858552287
126.460073785
82.1350767187
5.51645085963
63.5513751221
38.6286219974
350.859190356
241.427855649
116.843241452
166.808586049
345.877620698
269.281000476
113.30399395
36.6320373928
280.599252068
77.8861477485
183.828975847
313.793321441
97.1581995021
273.791261146
116.843180898
166.808586049
345.877620698
269.281068337
113.304056281
36.6320373928
280.599252068
77.8861477485
183.829043562
313.793321441
97.1581825884
273.791265633
312.13409834
312.13409834
312.13409834
312.13409834
