203.800371625
314.433599727
169.238360176
158.362701084
205.099348378
40.5842571709
269.679395567
296.111030425
331.828770817
167.608327696
27.5860105993
176.322590692
338.152676248
151.134556299
101.103299499
176.052730644
310.147355168
337.242233542
211.455472075
286.327600532
272.824674305
10.8971861944
89.579781973
16.7601665328
130.102247697
83.5708656583
68.0159099554
56.6482094938
340.078836172
159.654152401
61.8513984222
321.678005296
43.0316051637
285.679320074
18.6992921116
254.197586155
259.199731936
230.829906054
17.3882149936
60.3849344934
112.655952138
136.698822279
83.1886655702
293.645764195
350.880148271
51.1970598821
190.755332132
125.33565261
76.7391011931
223.910065879
277.452408942
80.2572591647
277.705596551
170.987240692
167.497845774
67.9796081302
115.315721272
175.718030557
264.097233049
348.752404694
267.560672716
294.651562894
198.858347732
46.1230519959
221.400094239
33.9412407631
133.572166011
132.400307635
83.0101743175
174.408408236
143.947375164
0.0120845312872
36.4999125128
11.5226431972
344.28514797
132.345224235
335.664872994
198.253857519
140.358012451
125.735603324
44.6649382557
351.21430709
136.379530982
340.37797038
211.615843133
77.1470998186
15.3141894599
153.862491433
266.997963435
22.0068439932
42.3312746347
193.283895907
50.2477408838
257.711977538
210.423358448
264.075532011
219.067741208
148.511780086
106.152014096
277.809701719
200.640735768
278.632664363
252.601123008
68.7843828999
193.425792108
250.961288844
227.786372116
288.73311294
100.531726398
129.491006899
151.415403449
190.681112952
78.0156855372
103.35113229
323.129634073
235.697754454
345.40493503
158.151844126
152.996853086
40.3901900867
70.7762780528
32.2979231017
311.506738376
314.940445539
67.2043010078
206.895559563
256.267858646
224.477481581
104.806929036
32.0545137625
197.025448966
150.403363354
53.2406166788
265.623307209
129.530227348
250.696656019
223.717481152
319.643413893
351.920996409
188.197083163
75.7637687988
284.491621432
136.151287195
152.298130293
252.986625996
108.155048635
229.268691853
83.6692739717
136.246758228
329.798513537
92.6916380169
219.197906574
48.60236227
158.201766355
22.7869798954
226.702290811
267.806280604
159.642578996
128.57651851
49.3987274386
347.78433899
74.1550977374
13.2642072955
156.006932969
211.480210285
62.43587391
20.3415046208
276.101621846
124.71285272
128.776158976
115.184738778
47.4588522105
101.942758581
349.927858245
117.351886342
344.66606967
112.114615993
185.773428101
35.6792170172
343.079863137
13.0029032438
288.310829499
181.130327577
88.1163908878
68.022280601
78.0475314293
308.20204263
125.642520514
99.8442537517
127.81666885
20.8914171907
18.0695773908
134.513192671
335.194291018
91.6417880588
246.769627135
159.199454098
284.528213463
40.2572012962
80.3002289921
343.593976541
227.117760776
191.994164266
204.712132623
140.554144233
174.500317116
188.169501405
197.346824211
357.525078834
213.851172045
298.152980966
236.681517161
311.915161845
275.881275427
127.620030415
30.8668787537
110.797024542
339.302541649
249.49406056
20.4918402535
277.894312186
354.116745933
308.380242629
95.5513639459
311.915212347
275.881275427
127.620030415
30.8668787537
110.797087987
339.302565636
249.494052615
20.4918402535
277.894312186
354.116745933
308.380242629
95.5513639459
236.409693614
236.409656067
236.409769135
236.409806683
