8.2800372143
175.190402819
199.191555073
352.639069181
36.7495696717
152.966993038
16.3970551638
108.682702258
254.921000056
304.25675791
166.684942851
142.523887763
351.59865755
165.028179715
128.991050559
175.742242958
112.233882649
206.102740481
141.167946858
195.134578417
98.7740730097
337.032906843
332.55443307
126.792244445
200.760583284
158.203554342
118.490916441
284.961120048
229.747407918
351.486375798
94.9129487647
304.684491526
302.696547051
349.030165867
131.056552142
267.582141053
43.4492626954
110.661263051
67.1441263128
167.600270816
303.006482603
252.615927729
30.3526943718
203.638418602
163.80505671
168.316279862
28.7945212538
63.4489899327
141.117868916
72.3501447574
82.5177123348
26.4436320946
160.507396684
229.802885692
359.206136949
184.974624202
47.6646474939
66.7019777183
134.740732254
219.340132677
266.213943142
312.335369646
146.723888561
131.074026231
129.37624309
253.654300082
224.332984829
28.9046667403
22.012338781
161.28079428
264.646483967
84.3942202407
281.337212517
271.263716954
108.416084281
85.2591532732
2.64027417394
345.978650881
16.6522230989
13.0793888727
33.3166899844
31.0413483864
352.593658579
28.5642909481
29.7906406805
124.986960721
241.558379246
227.512169887
235.722500662
11.532392356
322.42443973
83.4603494061
233.64966376
302.945527036
132.043748743
110.263931485
23.4670458731
199.553956513
2.78023631878
344.312150011
309.991386671
144.453989078
275.038814862
221.237785416
144.979224169
143.195003371
135.482499752
207.150121454
116.062998236
5.39005371963
16.0621987954
95.0277794765
139.757388796
233.089925229
145.048077547
315.996951007
67.4491582474
234.417250312
196.143927051
173.299313998
334.347579787
69.1931074821
81.9888506504
230.414020542
168.386403586
257.698992223
218.724335043
288.122045833
186.853778804
37.3060154722
101.892537842
180.404218109
82.2912551668
130.420044438
140.294222986
138.468447536
205.85937382
177.228596555
223.00530376
127.613389063
256.119420071
350.866564108
263.861792831
80.2017510479
115.730476889
226.576989275
211.629723872
315.35497743
78.5802086887
220.180271543
142.559964649
122.778884903
268.277281058
295.315326638
184.237121747
159.140679708
283.908401761
353.694399731
190.938174551
149.772434122
50.6109178767
2.74891330474
263.844074376
320.791259086
89.075478547
37.6985122148
48.9231359148
90.8778912618
248.063005905
296.305489017
79.6606960856
98.9499083646
69.5501853992
357.189258259
259.326174512
265.886247751
300.717415225
277.460212441
186.26637568
337.615158329
150.5431111
56.395995338
301.338280887
266.154766545
184.381609057
166.714984901
97.6914863013
129.514438397
230.241569168
314.270272983
219.739823425
27.0712660989
59.1270121621
25.0385208925
280.509866056
81.089173178
51.5155208847
39.8377861574
102.286476937
167.17026737
358.417281386
87.5609453819
238.52830845
331.039375443
256.565401136
8.38306331125
138.456687971
118.773113139
82.362887035
229.891804272
135.500820451
13.9130887681
200.997485441
305.505422164
30.7272153199
101.977711711
234.657651643
163.697875323
279.869634497
232.082058515
266.179049684
181.00448006
78.4441653738
235.998469018
200.997485441
305.505422164
30.7272153199
101.977645322
234.657649189
163.697875323
279.869634497
232.082058515
266.179049684
181.00448006
78.4441819966
235.998469018
242.787488935
242.7874579
242.7874579
242.787488935
