140.050140379
245.888432949
269.984797838
29.1159128554
36.9872530035
25.2512174467
156.417489635
88.2347766166
351.95115279
155.305188648
1.43498979887
246.231040359
156.502862429
241.081063624
343.366332438
127.947536384
280.486563237
347.785737394
122.035543488
297.528952009
208.583082333
235.687222205
3.43064551984
307.98697797
130.358654519
258.576235627
52.521026924
95.5476126696
302.944214008
241.684936416
340.364924141
12.1965917759
220.471969492
90.6630051219
86.1574199079
212.175075892
204.649374636
104.740260497
141.742674115
32.4830915795
2.87876444831
171.238356995
222.756826637
354.110195472
78.9102650725
159.140395826
187.726002225
253.801985047
9.26175375248
212.975932881
17.9229382618
279.352256033
175.342093122
332.57872432
259.97343639
32.4684647934
308.39104439
357.818879177
162.325320986
243.795505382
116.204304809
172.91523143
193.189010429
207.281898138
152.480943622
276.257806969
212.390538527
237.640244731
121.663589826
208.845427472
239.791433737
222.835745477
32.1577422055
39.4829082595
233.927100925
356.541036324
150.435344936
172.650245683
207.02324933
123.223857514
255.587712189
85.5942234501
357.915079449
323.62283505
98.6165356197
334.557147883
272.17619662
125.906551037
143.556425033
244.205521467
168.9134494
226.165603073
173.252021598
341.247727034
62.8275086579
173.195208602
187.79887995
189.011128832
71.9309189787
233.823500379
203.75220104
273.101397133
209.983117337
37.2729499947
99.3004305839
248.931804686
185.933470936
307.305213032
168.329451694
201.735613136
260.067283326
280.093906868
339.599138896
44.1221674448
269.794227478
100.153537721
242.096198222
249.882463801
136.276422542
232.335139402
64.4150137826
125.233806962
54.8476331606
321.958073126
81.0270452602
45.0684564011
289.29425154
143.378427761
229.730959939
133.915178528
290.355258369
348.326535216
20.8639651014
334.523641465
200.698832502
307.401894466
201.043233838
279.486265627
72.1453817106
1.95358503858
180.658220637
120.20314496
122.055567683
61.1224586719
133.608155878
235.423608401
229.525251686
260.797244667
105.340542598
9.0338748819
354.296288168
122.758435646
121.087212161
98.8994167648
266.17163614
80.6863982779
5.91622534044
85.3256810121
185.003386331
337.997327467
269.889648562
330.507023366
78.2643470875
110.046390456
110.638038994
50.4980485409
80.108157111
168.243599729
124.229334172
169.760301852
331.571297595
227.634881107
288.285929633
281.279146964
130.307797363
222.324910693
159.195792295
59.6674605912
74.2601967555
128.866664296
73.6848448875
150.239301579
328.499639988
227.042632889
67.5261415292
105.602783521
116.556036938
263.46233179
55.3039214842
16.1515922887
277.657654302
160.5405174
193.303563178
109.541962548
91.2457256459
212.353010027
56.2722679176
136.98436653
35.1376975143
132.894937631
343.418354052
137.105073256
154.178661064
193.954765843
292.403173507
124.577196399
25.3765741066
167.907842232
312.342949026
228.147745589
17.5264403448
13.8534535796
113.645427055
147.861954571
40.389331056
105.29796343
338.040932387
176.298246482
104.115433121
310.643724521
120.716961156
242.447012247
22.5945506421
114.676818169
113.645364886
147.861954571
40.389331056
105.29796343
338.040932387
176.298242101
104.115416667
310.643724521
120.716961156
242.447012247
22.5944879843
114.676789834
199.559725776
199.559725776
199.559725776
199.559725776
