315.671526397
106.020767246
349.655971964
224.72530946
307.696672922
176.442308524
132.942362094
278.679518096
240.324801589
106.375266132
232.467755378
237.607758391
160.898070938
113.959525919
112.133337429
67.1582642129
326.825252593
141.656497117
138.214169331
65.9503488803
228.26101893
358.960291786
288.360542273
231.672451448
326.846747273
113.225640909
357.847303132
164.563436569
104.938875271
140.338322046
268.241295009
230.374283647
95.8254283649
29.8810964016
150.021887886
146.314544079
164.476550177
36.2324864765
168.962552815
292.594632856
204.322909275
158.187179701
223.546422817
336.079820726
46.0856977972
264.583224261
144.901859289
160.841091504
11.8832402996
324.198828696
351.923189512
346.154795032
332.82470095
234.389132649
84.1983392745
303.998330989
321.712193193
266.079775079
3.13405667404
313.519444598
336.562468778
229.953684818
7.6535462611
311.203421538
277.619427877
32.4425769812
45.1367929785
186.538659402
96.3046456333
192.451426925
354.269995369
79.1187792778
57.7492045142
36.3406101825
81.2751606856
228.004701172
50.4204334783
290.219362642
74.3636745507
162.806269482
13.7048993605
40.4078924841
225.334869511
97.8099775848
22.8023799559
124.373070675
31.5416043935
239.966082443
165.131001746
100.84833109
130.568397486
120.470417351
321.051966341
124.698196753
207.359847007
80.2746360195
77.1636891228
233.12978338
221.112766666
145.347022351
181.875375786
286.623585291
183.031157555
210.856156281
29.3025323859
84.6931044544
143.614520946
51.2110002951
7.42982357174
292.470607415
79.5757346482
230.692323632
82.4689792199
13.96039521
109.856223276
247.376252288
56.0226922126
39.4940007262
353.712491793
23.8008300186
123.132817369
201.95085058
276.532275915
4.00172656046
181.700855568
93.3189840314
273.832848534
155.452789935
282.97350517
325.651390649
211.155367847
24.8510935255
316.229022115
334.4534737
342.899022404
270.590587253
245.220223687
161.629370895
124.103298748
337.93144631
89.6723373415
189.011269534
254.772732161
188.097920894
36.2227997204
132.113148492
88.2189565249
197.250647788
90.3779191695
342.05088061
41.4711481522
92.1296750349
224.012815384
122.913855118
182.332548063
191.008957351
171.82199974
279.672820598
39.0178559099
11.8936493535
220.559553014
7.12509000501
105.705543744
216.016149129
11.6426129326
319.456904719
50.6357184864
70.3810724374
86.6724197547
221.219025343
337.470168293
11.9076594613
264.682377504
277.78202948
318.963846074
187.390608584
217.18107172
49.7486510747
152.47273306
352.68261036
197.185215691
16.2137695759
273.452513256
318.191062903
144.827061465
7.25423820699
87.4415211371
105.913826208
330.09817631
37.3547980744
115.412494727
238.616603553
151.720045786
100.004571265
221.377507719
148.772542189
99.1546349184
71.4744251668
41.9953372941
80.9898321646
166.527211757
224.880063222
104.31456047
15.9637420437
260.548800857
283.87309472
248.360698872
98.2278489514
347.044184286
167.299492349
23.6813419049
26.8557158378
340.522662261
274.986562806
267.747736591
255.979986204
331.673618646
326.374673706
112.779534927
48.7309886558
247.3564391
298.50642009
107.460899456
135.670614667
340.522662261
274.986562806
267.747736591
255.979986204
331.673618646
326.374673706
112.77950865
48.7309438911
247.3564391
298.506434999
107.460899456
135.670614667
132.737109334
132.737109334
132.73715918
132.73715918
