79.019492685
215.718541531
122.722328438
232.101378422
285.962357685
180.757076248
140.859838797
37.5907505549
284.599155373
104.060662052
82.934001128
45.2079850993
322.693673881
182.691773202
330.774035075
68.5225785105
285.149070767
234.703962104
246.405344295
301.407116029
186.339810925
258.214251126
345.563607901
205.39912962
314.698873052
42.4564122767
191.115735818
344.914620645
313.704448399
250.117868643
221.223334379
47.0285497938
35.0597310456
345.162797106
131.972351396
274.863472766
38.7149443187
329.291634438
321.236125325
285.041793461
49.9374459482
7.36515283376
161.342904004
314.700858981
175.642246137
131.992883775
24.5859836504
59.5799001219
245.920516667
3.06595476507
32.8665860666
72.4167393185
186.392185758
305.993194173
227.591527377
297.357145295
91.1632146838
352.016214067
287.78510654
243.93016187
264.105556142
191.170346064
22.0606071571
318.133013029
319.182698171
24.5174436462
260.49966161
284.575542338
44.7885115451
225.673470102
152.581357708
153.852657544
300.237722131
226.962584991
71.7322032891
111.411804941
222.846007436
325.408054231
337.524558369
100.547918864
83.82827757
176.559393261
170.750491271
354.209525614
137.827956708
65.4606287665
89.5051430934
94.8728032097
205.48765781
41.4566268041
191.191548602
304.763992988
240.740172856
125.722054292
175.65371567
167.149938895
131.366568054
213.666426009
138.283312302
228.039709999
148.068830976
336.346679884
84.3082933084
322.111584953
343.45645169
299.730061703
31.0924002007
174.10596816
129.251081381
238.661765744
8.5657116134
192.857648594
100.746489076
240.243047516
76.0474068668
209.594108888
187.226804935
19.9293378683
70.3545234411
215.151972168
349.060441261
100.068478479
112.654702803
341.540703252
312.725242467
123.088129663
117.659406133
132.453593034
205.80120886
139.045623806
15.2740876148
6.60563287248
216.417372596
225.483279648
243.557119122
249.667294479
337.80577222
108.132706393
60.6719254984
271.728829548
269.121090075
280.531180205
19.6356499368
10.541809157
157.773650399
66.5021649515
52.1115682152
176.754639967
55.3100487048
266.413272591
4.61313698846
195.581080994
303.051634547
352.222833709
253.637302795
65.6641203102
331.683001287
90.8304138337
318.818004415
10.8711315993
142.311044297
357.321952234
88.6732206479
243.487425601
272.659297348
21.1657947792
55.2662031177
249.056352041
200.616295972
118.108622019
237.182876504
6.79505179681
359.048463754
120.89355112
64.449846794
103.814870846
147.181248676
260.834352888
238.150673539
167.337616101
296.345044077
104.975969026
86.4578123439
309.4985647
281.064426127
100.625765503
168.146017269
217.862111783
163.758100317
61.2540553891
186.628327979
195.873977157
36.5427981176
301.281414389
216.265006832
349.794049193
153.952887281
83.8204260058
42.3455409884
290.957688854
99.2374642756
232.158876047
352.400460957
183.421841047
14.91812616
276.034377443
279.417157719
282.377980491
134.652077125
92.4610654332
160.783719048
43.1865371162
91.4730079444
299.563880586
100.105419057
0.829395446489
302.537276879
55.840899126
151.682241708
355.837939398
35.2943614729
190.775643703
149.416983253
142.643055428
91.4730079444
299.563880586
100.105419802
0.829395446489
302.537334093
55.840899126
151.682241708
355.837939398
35.2944168653
190.775643703
149.416983253
142.643055428
149.467032435
149.467032435
149.467032435
149.467032435
