149.331452104
254.24555623
14.9585106957
252.818843452
49.9204146551
268.174617409
307.491217149
4.30490339263
311.698635532
295.545713731
269.486021175
238.473532432
270.920856029
221.275392593
188.979933572
223.031148712
173.330547249
54.6901930061
121.820007631
180.522649836
58.44247195
162.393840267
335.684105923
323.901044852
0.112777737347
154.831980222
160.130788608
320.846190058
126.115529596
264.335779691
211.384483076
9.34634266595
163.572807484
12.3836972711
350.119032567
265.13585101
80.8308183297
236.663658702
98.464353532
263.653984933
279.069266555
327.68924289
204.361509331
188.000503572
39.3159098287
186.842158876
38.4279726611
253.573520824
116.230320012
281.238036422
38.0620156804
158.593229811
304.526088707
298.471807468
97.7343573543
122.765847933
134.089854869
53.0505217478
222.129220344
98.5410075027
19.9297031935
5.39993974557
215.799165429
245.74230649
72.4136248732
210.405363836
42.6977954756
30.4765044566
175.706462066
336.576736229
61.9595471941
269.876346706
307.510268153
46.5965930924
111.329813656
305.328972275
191.611030868
221.878583514
34.6303777418
320.188780764
119.369931261
130.986464269
14.6830326312
119.41920405
262.41178105
102.326173454
229.228715153
357.642913201
177.23800808
164.323001265
9.97350322643
137.256261968
159.592759044
328.974829235
186.448189477
276.8159117
315.384971213
159.618173441
29.7200402573
142.606903253
192.258340179
295.014007859
50.6620059797
160.379556221
220.059512453
38.9288970077
87.7160844149
67.8615049999
181.507563411
334.512645646
138.665628364
254.450764376
100.721758927
65.4984544453
22.0873055782
242.918178795
203.382391821
173.774073416
235.316976437
115.910336502
80.716383437
58.7932772583
338.11760651
184.30286549
319.943124818
158.565075327
103.351272191
254.732074901
212.484486243
91.2143636557
34.3385767148
44.682142746
79.6547260406
352.223857845
310.050455834
138.059797189
193.719006016
43.6241665676
170.356260812
0.283752285806
90.4646210396
8.98295461389
351.090256525
204.940238132
260.172063792
310.78838932
201.49565762
312.776538308
173.685102198
269.289688018
230.854025088
75.0905549052
18.9404133549
244.62634006
31.6210939763
136.204543013
135.104040359
288.987421215
23.6171289303
16.8404132281
220.923206583
111.520976391
126.450146439
300.498160257
276.407216314
73.6033666077
283.103637843
179.537575939
36.9183138041
3.6758745692
270.815650668
90.4013675346
71.8087994328
272.550053594
161.577906536
236.454623968
344.243266423
149.638849402
292.764541434
232.466966087
286.858460274
130.958513284
250.585270629
319.403490125
273.003310876
312.497054089
225.452049744
258.705347153
153.776869638
206.344308116
309.1487205
143.840569948
96.0172659667
303.663282593
359.211973872
51.6947733278
243.808799363
275.068656619
137.226198735
19.6386127552
335.759134171
87.4571465614
345.803220817
231.763006179
7.98853264989
316.654828074
251.621537501
51.8063518769
90.7594517708
4.69583459545
33.1189936101
18.9046145421
296.012328704
75.9825704468
178.651091009
320.775921758
174.009277789
140.82874565
286.923335192
292.187935695
256.506389049
158.559895621
206.784610444
257.607048802
296.012328704
75.9825704468
178.651091009
320.775921758
174.009277789
140.828702783
286.923335192
292.187935695
256.506389049
158.559895621
206.784549858
257.607063367
141.462801181
141.462801181
141.462758898
141.462758898
