233.249045806
89.7351829008
226.191582772
140.890449681
64.0288309488
344.457667654
247.486937872
341.696038064
246.528213173
46.3297284441
201.243753778
257.510335415
117.201083632
339.889505766
155.487263168
13.428985496
313.106509706
305.033880449
306.555978364
1.04873639949
275.351336356
207.117219478
307.369227071
49.1835777644
331.348443696
134.443192081
353.934483432
115.592665963
233.559608302
284.323268073
290.028243045
61.6887411949
214.895234005
265.567296585
102.96611783
31.9126615328
304.820303473
170.470933126
160.778198959
335.074458305
319.141511915
28.536309674
245.534611909
148.423918355
56.3856051084
80.0185022362
226.048247636
40.3812125256
250.420448576
39.7581983573
342.910523586
213.444235513
315.290443178
88.3624482557
12.97685103
85.7020148635
260.254229958
110.907021887
23.6718948706
312.705928873
166.530681004
111.080145903
267.098811526
242.830547358
249.401478479
24.5415947955
200.174959314
226.912662583
224.508249976
160.256333643
101.804060801
118.136160482
195.051577426
358.188265494
337.080282393
49.5675146712
189.541047712
112.358267487
124.627977301
340.632897207
311.153090348
16.2323114819
78.3663122365
161.616494082
283.011093053
347.61430862
21.0730635956
248.180043505
226.418222078
59.3084764133
190.175920845
226.657407796
254.040359743
172.551560101
197.476708319
357.118647989
285.753059522
78.919811529
42.9117748828
78.6419963606
197.549782599
137.891850542
238.584905322
156.742382954
334.601090302
268.829624092
148.350433172
37.5154467493
103.45453262
273.353313235
14.8859625656
121.279973932
5.39366822455
11.7946269603
42.3065356974
348.583798071
337.412418773
122.628736576
93.1999894156
142.303605046
154.372657217
114.674936431
86.1714327112
170.217822003
116.855503538
294.979436022
296.311672962
114.079302386
310.109123314
347.750175184
50.1749884288
49.7123671287
162.932248597
68.9592511683
124.204988098
112.732161062
217.917268144
357.685519932
241.725086443
184.399441883
125.593699649
42.1851740689
104.436604075
298.138042261
210.259319408
192.361517089
245.946717445
200.320584078
174.041149096
142.170155735
146.255449672
11.616158545
274.727909249
217.228952495
66.5742474477
34.1153456746
169.398538349
64.1921135101
55.9578063615
3.37486361818
179.325659718
235.695354123
291.949811004
344.778778228
133.244380355
21.581456714
60.2616677816
194.672160118
273.716003287
127.077367011
346.343790472
283.172343229
119.900569419
302.487471382
6.40242715358
242.172680024
179.199281414
264.96091174
166.796288652
116.682084432
325.204171143
156.781831252
181.064348429
130.478745494
174.397495415
290.025369801
191.927341601
92.5413586402
272.641841321
2.29260915713
21.6331446623
134.60946153
209.214855607
355.446230524
31.5985811452
55.0695010854
226.234509499
315.723190697
259.647284022
294.498477452
343.723451268
263.405736372
221.047390618
268.054427844
78.1089127137
52.8895003065
173.825755739
179.736506289
278.385253277
259.382798194
235.560883555
309.441658514
189.164735302
71.4967074697
246.353939494
255.653712313
129.115273481
24.6015601285
125.322984207
333.983520555
294.936914105
167.586512718
86.8119998143
223.591595211
189.164746112
71.4967074697
246.354001663
255.653778064
129.115168168
24.6015601285
125.322944967
333.983581545
294.936942719
167.586380158
86.8119998143
223.591546057
291.551903474
291.551903474
291.551903474
291.551903474
