72.0246514967
162.399176432
187.878038975
218.192047207
210.83584896
292.288737045
335.341734186
100.772875391
92.6364783259
234.513861413
275.396052183
76.6918483605
70.533379759
42.0866598076
176.057764818
94.5850524994
230.187114559
216.823220567
245.494278433
348.403323809
109.291758734
123.23849288
319.904488918
128.520869704
74.749845339
189.662182067
102.451441558
95.0730160858
55.3854918924
76.1151568714
285.648453715
358.78998118
292.09347481
263.83271533
272.651157495
140.698927592
69.2039184173
316.520106329
350.045375458
90.0950135688
193.723335142
94.5284183911
281.474508096
163.423318732
128.057190196
26.8828272873
172.010476915
0.26522437406
343.561620192
158.141667948
217.051652084
11.217481105
209.06371233
235.149639781
60.0494704562
50.6342847521
211.442267099
160.886438937
63.9660033886
176.145245623
203.130850938
228.895488326
286.324652557
146.325903676
314.516552599
48.7909251134
204.116547406
312.31544475
7.68460102464
62.3255370335
2.1490989606
160.999049438
304.053840465
206.957249271
336.086285195
356.72459491
30.7995655752
293.611247402
49.5765666032
99.9377371656
255.344078705
178.05006502
172.981730352
295.144086331
219.744332165
245.376284992
317.980240403
122.184865095
313.783427719
83.5863345976
194.858890894
342.025338066
359.511488842
238.371815594
82.2209164789
116.932968033
175.724633265
334.491514046
257.007270423
177.921190825
334.661873309
257.373641793
281.741213139
273.077610384
107.739368724
151.336629255
274.458680341
226.322335666
354.765348499
1.77051866066
219.183246393
14.8684299619
352.766696488
185.356996969
106.496408313
81.4117747527
1.868296689
135.815985648
197.821259913
76.3817813322
133.327391006
247.429213203
195.76742036
2.01694257935
182.536331657
224.522305036
221.171560336
239.11040174
342.673374216
149.896585762
29.7094169403
260.677455756
171.459371704
190.157697254
179.009298948
162.044670108
245.964314086
302.296793606
164.509654296
228.72424669
129.816545865
320.486552343
252.286639016
325.164164931
33.247857631
314.541891542
82.4866654816
28.4047566828
144.231872507
96.2654889609
165.447891557
313.478279811
218.159936761
265.809495667
220.405067157
232.594428916
125.434161547
51.9722872902
78.121767617
234.779846777
0.418877197351
177.121576801
343.739008037
49.7808550946
108.72651883
258.383565299
253.489006239
52.0358328055
117.835934566
211.386489765
29.9240637366
255.902788248
195.688137862
337.726818331
313.844401547
137.760846833
310.188137964
150.742178441
221.973331294
331.965195091
128.85580551
297.422672292
314.671356966
206.28274825
244.887237631
215.406067329
289.90931501
9.38650879993
297.00204818
84.9609132302
204.906454722
308.551184308
39.7906686867
136.347081287
107.247945862
70.646239814
110.707536285
81.8179374644
125.745014471
209.239964342
131.76958657
147.053508099
117.781177872
282.862135227
61.6875702196
211.318348693
162.841055126
50.7821336535
239.091744307
136.918457946
9.22661931596
5.5071990545
339.150833061
283.514902886
20.6316805967
197.573799346
128.106160174
282.699396127
120.144535194
87.8973871538
221.977733879
272.160168417
355.696116832
266.684825851
339.150857216
283.514968874
20.6316327697
197.573778855
128.106160174
282.699396127
120.144535194
87.8973871538
221.977733879
272.160168417
355.696184507
266.684825851
129.280816475
129.280816475
129.280763942
129.280763942
