91.971124246
262.567618466
226.007607654
223.005958956
211.570275115
6.95820353523
179.645163247
259.137157415
106.548965963
9.00481768899
312.909245089
268.198973598
331.020423846
270.982431911
39.3790065757
239.587500306
7.93493029053
198.365319389
111.573074442
289.02090958
207.414391279
131.821304796
226.863128521
167.089802992
251.609367571
105.274081609
3.69350329823
298.196095785
242.024441493
273.725353031
222.126736665
219.172411548
47.3064867729
18.573504285
44.0328181426
35.8000943979
0.445384385053
313.247371817
253.129258152
276.266848441
123.920098193
331.745852731
153.150764261
332.263730569
60.6377038167
104.577698314
265.971634465
133.472565565
341.056685001
97.5512221276
300.8043855
40.5915832779
54.9394540022
23.497545685
7.78080826794
355.346311801
264.185409808
255.724344032
199.265489187
219.219481446
273.396506269
160.709801284
328.297687619
13.1902041182
164.314479297
220.445920026
156.172780352
53.5336288976
204.639254515
114.622514123
357.124426272
18.2941231658
14.2967213999
113.088584883
235.899786035
281.089261253
320.213822042
264.275584749
278.595621488
246.716200144
226.303283143
120.798181951
98.6089168261
149.904973008
181.743838812
142.483850593
58.0056382747
11.5899015102
36.4855355971
140.33206357
246.792642495
180.112200256
44.1664858037
84.8608198547
31.8651653842
44.4832979562
322.401458965
286.6066355
155.427255122
142.584861402
161.142218694
88.4751910241
337.266773224
121.542829474
219.260803076
237.955469975
7.79802654901
5.17114324557
325.433937464
101.472669459
231.091065795
311.927458731
184.618118207
185.568552078
237.783718289
326.771736131
22.024975461
259.988423854
298.890070604
262.672500937
287.093743891
137.355191398
93.2926616638
181.31955533
348.820262314
201.722325126
65.5878952687
176.8595184
195.02407799
185.709445347
149.166300269
35.8698121728
347.183451108
95.3292523095
343.821682235
35.0535602866
267.042856874
344.685670629
321.379613956
73.3476000469
52.8697929991
242.560750645
224.913679584
348.407758557
63.8840033477
217.018836982
92.5990544948
122.733685194
96.92248556
222.021561128
286.381544237
25.5477170733
33.6036098874
311.984295204
335.121065327
286.365569173
243.053136157
191.1998714
123.129304074
127.083499946
76.1819727188
277.535515239
89.786991047
261.211054914
180.005392623
262.947258467
294.444304496
194.209746193
348.505731006
214.150038928
116.426139874
307.630623382
322.657339321
352.079121344
278.512255241
21.2654856259
11.9236317263
82.6354931931
155.070226256
314.15309038
333.935652011
13.6929456754
192.607937179
291.123367986
154.753900286
92.3001662142
264.509462096
79.2970043422
227.195987768
327.659876136
139.512364765
128.16920785
267.815593673
192.694964941
300.016043163
74.0817056869
50.0660679291
359.094473813
334.334411643
297.043980847
328.229351784
322.664599501
205.247448722
39.1684501907
251.22755516
152.268441771
110.778678995
137.061122639
64.5591527782
234.823414696
236.241675059
323.365450612
136.739305214
174.055841269
263.664929683
258.371430353
158.363906915
144.882725169
218.17111362
190.973752146
152.838543647
127.845402693
199.99585127
251.227618982
152.268441771
110.778615971
137.06107672
64.5590919071
234.823469794
236.241731101
323.365490835
136.739259019
174.055774224
263.664922245
258.371416765
158.363844257
144.882670031
218.171060626
190.973685971
152.838483673
127.845361336
199.99585127
273.731158648
273.731163034
273.731230299
273.731225913
