333.319882683
0.556324948768
227.876424902
284.949268702
120.488153067
79.1549196055
5.81616813877
52.4132559774
23.5432356419
233.395378935
186.76592976
305.770404494
272.736380256
273.233312505
335.209003017
339.330204108
76.609481978
14.0674900842
81.1469495354
315.117409733
261.816082065
323.469327064
197.820880606
258.819026256
279.169474092
121.850119501
108.195527184
9.82586219815
105.653068786
185.781395688
48.0909193623
220.420554675
46.9497759555
234.133218404
45.3994793388
182.101032615
358.052349625
160.9456329
348.496450794
40.6426040431
78.99068273
168.673370774
103.971543133
164.936278431
83.0816572713
95.3852186556
247.900276462
169.938143356
87.2614098292
120.230318209
37.4837384433
95.9141255464
188.233841784
32.2322940333
238.926732356
63.1494678619
131.756086791
186.26712106
219.958396938
351.779095626
142.968107888
209.352062044
1.11903966337
228.947455586
222.161640367
239.274687711
54.5333476143
327.828720982
266.403391229
331.050583557
215.199860444
211.452628655
24.5176801652
179.218989579
43.3282173622
276.25457155
14.1363838796
118.889376602
111.096617031
187.670573616
64.6818724324
93.6655724679
330.584849513
72.7665785034
245.361378693
164.258621036
328.284357978
336.907201997
303.220703432
335.863818193
277.645002959
29.4274872639
109.590216363
152.28834298
176.125823027
327.526514842
346.671971585
191.745029208
111.883072445
259.454337165
277.898983761
237.216407948
116.787858458
312.472103008
302.942327494
322.733188764
311.326268526
68.7954138505
165.178794433
278.976974434
106.05257316
299.933779485
188.517984833
40.9776515482
100.905636281
308.068604421
82.1451992151
108.798008828
87.6133445923
145.897257343
284.370324501
225.078622576
52.8431395704
83.3764227324
352.187216003
42.8138366974
145.746411653
72.519379492
313.232487468
157.003851716
269.574332716
359.005685605
103.243310519
55.2565495365
282.24931378
93.2013094357
90.4076182841
221.769269204
251.498800398
11.411526278
184.149205715
53.4428218497
117.352480761
58.2512950384
23.5820638602
136.563219326
39.1927201295
4.52425548631
183.295629484
61.6637297625
327.569524856
52.1309875229
240.796288154
219.532262331
188.717606214
205.920748734
185.065784606
234.752176851
123.708153134
242.767683836
4.60296748594
188.796104586
280.686083456
191.652279668
344.662461357
326.551853642
43.2878034368
114.24112343
101.761014813
11.9005016526
78.0043014393
181.583475592
100.721650054
316.838879896
107.598529975
68.2040042489
163.151371699
82.3457474093
129.74010846
171.916773282
167.018509417
174.299861902
20.030054154
290.23367138
336.42165597
139.42374688
331.54315995
217.078594082
58.0263843874
308.275652695
116.597774324
221.432750325
314.378121003
119.179541484
266.597783817
221.588185054
245.835667735
167.535700751
47.6468195463
135.867276088
31.2655361563
67.6483463104
320.554512942
181.1342775
286.922568571
248.454082352
352.717823396
134.6808128
146.057195869
141.896357574
311.209197317
276.410905501
216.120936127
206.990651448
7.91944408755
325.199254519
223.414262928
200.24134812
114.085034944
141.227612403
135.317030215
14.594436625
185.34645013
352.71783194
134.680860729
146.057195869
141.896315977
311.209248028
276.410972487
216.120975863
206.990682041
7.91951085237
325.199254519
223.414213962
200.241284875
114.085007435
141.227612403
135.316982288
14.5945018578
185.346383015
247.886420134
247.886394758
247.886457208
247.886482583
