53.1119696697
315.142838621
163.336899153
28.1843600785
249.848994344
317.465098234
263.588759568
200.789207757
145.306097731
343.55396398
56.7004667823
226.96996835
265.775707933
95.3329750126
20.0874717984
65.7531050546
198.261967524
90.5638074278
48.4035398024
341.601198134
358.341199004
202.31512344
262.49698653
201.610038366
195.65573824
210.086263381
123.887538408
104.358430676
211.546338031
182.870614505
215.518068222
169.837865518
251.563063441
141.233013027
92.2698337225
310.229507447
230.624836288
8.7428701441
264.111548511
129.464264478
351.737398607
75.3862582196
65.4967582102
288.677539982
196.113223235
71.0985620777
222.36677676
339.811879816
276.99738706
264.109445691
192.881091278
306.404469158
142.78378648
45.7507378644
260.542337674
15.0612118468
259.176827877
131.50493289
207.493714051
44.3715787905
48.4904823975
45.2170645391
19.216835569
275.971196887
313.901218294
107.700542559
51.9127083193
149.273989695
138.514946832
338.855913766
171.235499032
71.5071137139
126.597994765
181.224150491
298.228240727
283.858997924
101.007773798
266.916358543
148.325298996
224.888751012
223.715322062
211.110989011
289.112436451
94.2214537371
173.648783775
147.331773181
4.65267426304
100.693110413
48.0560396135
13.313196267
260.404613413
120.046410362
270.742365835
352.453201656
293.358879197
355.016161242
254.180163179
17.3374813872
324.453666865
146.746235007
206.833499298
322.489999001
80.5784863897
109.21535394
321.523288523
120.479839487
302.661875912
214.826466795
16.6952436309
310.165675569
51.8267283577
233.401375806
285.055354057
357.38144344
18.1909362369
5.38653366688
123.542466017
157.817895705
23.248931867
22.1282256139
165.21337298
23.0454556652
196.274454712
308.556798324
134.359841211
301.871012074
144.986179305
334.908857161
56.7797008549
220.625932229
252.414900917
31.5509858708
341.54130226
285.198489736
88.1439377088
234.010455122
90.381732951
147.646803869
342.58438245
98.1530885533
211.506912747
90.5801887165
76.3348111727
350.59371831
177.135999203
326.768943423
125.58112836
139.56467434
76.0142007125
18.4737123467
159.058227124
311.001852834
53.4215747275
160.717935336
192.983064734
225.765723214
233.137827284
121.50282575
251.18446879
145.989462592
150.320304455
43.0566323464
355.895806744
324.71597805
16.0755799193
214.47007419
224.340595084
116.73896179
126.870248166
253.400679717
349.577464847
229.027297413
187.638334654
12.1369357076
309.341363873
3.06652757064
332.256151436
175.765144497
132.81465004
210.057931814
346.534779902
127.897833737
347.360305727
263.741218966
292.06353219
64.3944544689
302.329151294
346.678201214
19.5135905722
270.960639201
183.053128428
176.853171273
77.8969098269
91.6874607144
332.807785903
245.603556235
93.8959328614
343.634622932
149.985679283
256.169620855
228.350624182
188.616824607
126.396002089
248.689982354
132.189502143
253.725096359
305.126756591
276.303813176
238.617640486
34.932498503
266.903264116
113.164310293
66.3834320812
89.5137149968
104.831572304
222.348097495
93.8164871738
251.260654358
24.4243902448
275.831027387
297.703305929
351.861418136
56.3758530558
253.725161066
305.126811723
276.303880176
238.617698033
34.9324599046
266.903331425
113.16424832
66.3833703191
89.5136475915
104.831555049
222.348097495
93.816482687
251.260632703
24.4244516201
275.831034235
297.703305929
351.861484865
56.3758903824
175.334478458
175.334411273
175.33440579
175.334472975
