237.869409358
99.7047920125
42.7731772007
0.182102390421
230.759160522
158.736111141
178.648080476
130.902174762
63.9918687598
103.107416058
165.136193364
320.779965999
144.706570809
187.676524737
289.467263021
56.3306705202
346.580140035
269.709336509
231.796387823
129.254042818
343.579922729
133.219921353
261.373682727
307.702993775
201.857452628
100.198558927
293.683689352
275.133358079
56.1187139928
323.89470467
1.14344716892
177.568284034
168.406317687
106.092977946
161.623995836
354.968015944
149.673641401
299.167961066
238.341140385
53.9390354239
298.886376212
57.6654852142
189.200270668
259.786243216
292.097413833
217.862836603
195.06993516
267.599717586
311.929412721
142.972826411
274.943074246
356.909744018
177.513220998
166.396664268
108.263587676
267.278232274
313.336466759
335.955698598
103.257931287
34.7358107271
100.80495766
352.523642762
158.264907202
58.203937426
138.416729866
287.912567736
208.249125309
239.984220701
279.446116508
110.101472058
128.378940789
238.408042179
146.462011625
350.156833407
158.658398294
100.771503745
150.350884536
226.551655895
28.965453838
43.2879232569
210.608996544
189.414953209
58.6244260535
179.007708848
268.291463429
344.081622376
172.065371705
270.26248688
95.4612844957
347.099580646
189.898693355
268.651417026
211.912523169
249.549208463
212.0139128
357.467204816
315.112428659
28.4756839454
163.314845447
283.893616537
302.96777735
205.675250749
57.34466025
171.852633573
339.670087682
91.0102249077
221.402540821
250.469663303
279.419191973
150.55022224
102.840597464
324.274502884
68.8141285611
295.532370259
94.5595862896
276.010914758
308.041084436
28.6095720115
348.492319535
215.810065793
276.449025938
245.34533152
207.512452256
292.184992641
321.755008762
42.5048818092
245.761465443
70.6785810801
326.004819729
274.710027702
237.068246321
273.519412192
29.2726839595
48.7899910087
327.592816776
236.589829274
334.111350174
33.8209505105
255.491778046
21.4320804801
233.885751826
153.281718224
44.1263240661
235.955658991
173.726978686
171.619136474
335.997061671
220.907319212
206.86419553
179.082002075
317.837040682
93.0802650716
181.843010447
176.764359689
45.2331694042
322.802633479
210.638857258
217.30394381
268.938203656
103.378041267
153.564643134
43.5723785592
100.157271233
223.542715641
113.185878712
169.812112791
70.9112275741
21.9315958275
259.118523561
196.619751891
21.2294715602
10.8672680959
304.354907854
211.787464557
244.980694986
94.5520290868
215.392856706
137.696582749
260.741549449
4.38842363631
127.137588383
286.604514598
345.836595621
180.187056945
240.559624231
105.973314619
76.8141207502
285.562027662
181.347672428
223.173861026
311.269140675
133.573445463
314.356897448
238.30496321
35.7981020903
313.092771745
245.733917003
118.433202143
13.1208939709
289.746660101
119.607394472
54.9658535789
227.779358222
94.3203445991
352.076599961
319.580050401
342.310905775
190.307071218
82.6007951327
266.320512569
54.0186125683
356.311393697
153.655886795
282.494221166
60.685935151
8.94251886091
165.774568029
44.251646404
23.7734375401
121.939611556
118.998147372
200.009672928
314.665497763
352.076609253
319.580094107
342.310926257
190.307083279
82.6007282863
266.320579838
54.0186125683
356.311398034
153.655856882
282.494235749
60.6859681536
8.94258544935
165.774568029
44.251646404
23.7734992281
121.939611556
118.998114694
200.009546251
314.665545149
197.977114851
197.977050734
197.977071538
197.977135655
