272.932638902
183.333913382
101.373228649
118.846294011
351.442009637
335.60116023
3.57278764101
247.568422127
191.91906862
135.221497486
288.840738128
17.3141161205
223.491792469
134.09936602
290.277529706
290.940654361
78.9297043038
119.392859991
319.919583862
186.440344453
10.4922202169
270.840874436
278.130540867
111.221510325
26.2546548332
293.110040179
314.793177406
87.8325254587
152.013216119
282.371124393
67.5051635388
357.076436261
188.971549023
271.446993697
213.97835407
224.274991984
288.734996973
262.977346271
235.815681324
220.807886015
328.415291086
298.428925818
145.310081726
53.4791822624
170.169137122
122.008423494
6.19009190687
332.698017783
185.202258812
171.153586616
118.499443617
59.8084914479
316.913524412
236.097363574
286.431147034
112.15653081
176.64589721
346.555298556
169.88443243
170.352027451
25.5380838376
321.708724364
218.082866985
270.735910557
189.374373109
322.464766164
323.249818698
29.087683115
42.8472990015
109.748695997
169.05762553
137.213110485
14.521096855
280.239599165
293.874390111
297.580547883
36.1599542342
62.8437665731
132.536178174
261.251979955
185.205780136
316.038534629
331.559252058
126.631853099
88.4735724649
75.235717571
313.380514596
330.644187993
142.400545803
140.064364488
44.9363917244
256.598682454
29.7857159489
0.281023966879
13.0925328256
51.3496663274
267.395107359
6.65434037757
75.5681621859
79.1423129576
247.081449796
336.700648811
90.1753952458
198.32777092
15.5327771239
305.768879351
182.528072313
71.1353230092
60.2335350265
22.0948665142
238.736136862
183.79239967
203.862214276
116.460807388
155.018883291
96.4537751925
327.723730268
17.0298670292
289.114035055
311.802389319
257.792654271
314.312757029
357.651193501
87.090846905
100.057365613
207.87431657
63.7987343177
221.052869487
78.0798191383
68.9198690886
341.682873916
81.1841798292
110.550498912
142.85230057
182.503884054
249.892452299
180.590906853
41.7463680104
304.856193921
212.16350693
57.1697593892
87.6261283421
358.446397925
319.733329144
106.980451504
233.087635454
170.71408876
28.167753916
45.6308283827
264.834827986
29.8529293302
312.181833519
315.730335456
345.406531836
234.098616048
272.157691165
158.623381548
336.130111662
316.016849583
237.128156836
324.276127862
200.909026893
64.5524328425
298.785213597
338.803347175
218.910768574
320.760852543
46.1349116885
232.49598511
240.671063807
192.28039119
213.535904434
34.3967210606
238.630853685
357.357689864
241.839179497
32.9034935178
17.5137271119
12.3099772001
242.210640582
358.730068474
175.925001778
134.062219264
155.497002985
351.338860127
309.322729444
268.473709028
222.008696995
158.444906758
163.48647067
264.852693996
36.2136889471
260.928889365
83.477293584
348.985681965
130.363006348
308.512020275
215.40216197
41.8387647833
65.2686870235
342.120070019
13.2759370617
225.523196822
273.546900919
71.7319999521
27.9428510999
265.170921517
198.021922471
128.755059504
279.547607518
120.632828408
274.763731257
126.371801853
195.845128308
260.503457321
135.512615297
209.348448176
261.033620788
253.647646086
309.738510779
180.799145104
64.1140260828
1.73716186812
71.7319359417
27.9428195133
265.170988685
198.021943326
128.755059504
279.547673992
120.632770407
274.763798432
126.371801853
195.845063462
260.503457321
135.512519119
209.34838942
261.033620788
253.647646086
309.738553872
180.799077702
64.1140260828
1.73722924489
70.3203846199
70.3204073201
70.3203438497
70.3203211494
