318.515482779
294.681012467
275.867106624
345.118215917
272.6422428
324.040516527
281.597053373
64.2291390724
299.847599225
5.24341618771
16.7489931355
345.012033241
276.843862994
101.361476308
52.682999025
335.250445587
225.783294261
148.309445187
212.824627063
211.024419419
35.4095087512
323.003901381
172.120704109
282.730982879
250.267006357
311.568644148
328.758112204
190.146598235
165.929325978
199.915599096
40.3195231487
29.1357110942
225.703545336
98.2673381082
138.347056906
227.477325054
117.793770439
22.8084786855
331.01535784
82.9473682102
9.19416879288
107.211689793
282.289980182
236.153805802
58.9401987759
158.288502291
141.90474973
129.258886988
202.867107068
99.1163888664
332.440913339
272.967571577
272.97370562
279.742631167
229.847158341
306.987025508
144.984345902
333.488679717
246.411608552
1.77998597408
26.7287725103
258.900447192
239.735464653
120.182403507
194.939884303
351.554671754
18.0069045887
97.0879232083
318.39860526
9.84543320886
142.852064482
10.9211564421
181.208441047
314.423083185
320.958068126
145.964474006
203.74382926
342.547083697
237.430521922
115.738428148
250.438902043
190.38614935
147.900468813
160.251943321
193.115718446
16.9182297015
272.632288973
321.681516127
268.117299412
296.847404188
66.6799019781
28.5586999813
309.265627675
34.2533079732
148.255185598
161.465509762
166.457074908
228.678696717
101.016585223
107.700065887
180.500980794
240.894130748
320.497954169
218.404551396
129.653619151
116.160779384
110.979075306
75.7449438681
70.3433533169
186.671214803
233.274692184
213.800745179
140.72038345
213.030624229
91.5787551242
162.818437245
290.600317056
94.1531234085
173.88841974
215.924810523
125.959179909
319.656030781
341.64238105
108.995055843
107.935069373
227.457355943
25.178319874
304.411407956
4.59133501542
320.156380539
69.5387153835
316.037831478
82.488079885
265.92878623
78.3529123556
4.70468449389
149.555390246
237.853548813
338.434592639
119.987097492
149.874594388
97.5413683256
170.504679056
126.763238284
158.515579612
57.9132614348
119.746499132
70.0111229281
123.602347953
347.331135014
96.6571433638
225.822622276
237.437842573
276.788329129
53.3894883547
4.43879113008
327.140997329
59.4238990016
31.1495691574
15.902984261
174.253868092
218.867417952
30.1934797219
107.073434541
275.164966061
168.051976244
318.258051433
73.4459043048
108.709302759
209.859375583
284.475531444
331.813482811
28.2352966507
51.1513311698
77.7111238452
149.541881762
158.735709783
21.8517603576
327.415127179
188.280655623
275.484066312
73.1776530194
80.2575904524
139.027037831
254.81492323
270.984285351
243.788401476
174.682356757
217.539029342
257.114859859
248.796427762
41.8572187244
235.531640841
174.244588519
6.23837063632
183.900799049
72.7698226974
209.027112317
4.81791340731
352.138802578
168.673455259
78.7229925668
223.459559844
71.7303692383
39.8196930391
205.251097462
105.18004746
197.628167666
218.202654735
175.981499561
88.4426212788
216.877824795
21.6826889525
194.837723778
273.576548819
348.76101798
65.2587991474
300.057046412
271.804800424
40.7680021207
142.533034099
271.525583442
220.450606671
105.179982404
197.628167666
218.202696423
175.981494837
88.442553896
216.877865248
21.6826640476
194.837723778
273.576553024
348.761084095
65.2588273589
300.057080174
271.80480467
40.7680531726
142.532980597
271.525585236
220.450606671
92.0669700623
92.066967631
92.0669002671
92.0669026983
