5.22879537314
87.8238242893
4.13379411337
293.154436938
280.286025023
273.378158984
117.39383543
229.548823157
358.888746754
190.562776847
315.000166826
331.002959877
242.793239422
284.072488714
220.591979926
54.0260052829
87.7349133853
98.4584790162
179.633905733
320.562551438
78.6181057863
191.174310949
5.8747651966
324.676468572
139.273746159
302.923213873
29.6235769818
165.357458571
72.7178665627
244.835098316
253.00575735
336.42396605
86.3337526789
242.840827528
73.5534661064
346.836445613
313.017303756
39.6863705483
145.761527561
16.1418016245
170.757870275
195.975428012
282.91760519
83.3297632851
225.096282279
337.274247813
77.056624931
10.2696001579
116.053080824
327.240021285
278.293010823
167.028826457
322.019894059
202.367250976
139.260673356
271.898482096
35.1180216058
210.139932916
32.3937569039
140.722646948
140.799589399
91.2775251957
98.5270841996
42.6582468068
243.57560868
112.763604477
332.824909596
123.536432045
263.784829199
74.7933305887
186.236606438
314.914585208
119.351940871
214.87434633
55.2493667652
280.267960219
307.663241268
43.7817939449
194.618817986
143.018087403
251.467241747
131.670905414
44.6333502056
18.1934141106
125.333733962
145.282426083
275.423636682
308.630352805
257.014371469
296.569237656
322.580191492
240.010607425
176.863171521
325.556615657
338.145826935
130.246987392
144.898023278
322.791538229
43.8026462459
240.023186594
337.41368402
2.14602361375
139.90783746
209.615983226
159.797790475
92.0269697764
326.519182834
17.1212492312
273.992151449
235.331061128
286.086508099
99.0416739586
70.6930528269
176.089471436
127.039253124
61.1274063941
140.980086647
166.853104545
317.517790253
186.594898224
8.10841502574
85.8059187248
57.8716905156
168.221911425
70.50984987
183.485420657
16.2751813579
220.897707387
32.2006781589
139.393656833
7.39448958609
121.849960521
281.344013006
47.8774269869
266.151358796
236.314008105
95.3731256388
108.113458819
147.430335733
248.425617522
327.828712009
193.915630228
344.731224454
59.2392029583
221.908280206
277.683867841
305.262598102
34.3907567123
246.397930049
27.2427793343
43.3851518201
41.0497036206
167.739788435
333.672832715
318.87923612
285.416364288
347.061847247
221.462785915
82.6450446231
179.401947434
220.922928286
334.421228082
356.942720211
185.289986739
252.956038309
191.723017098
258.61638722
199.241282084
195.36553521
163.575464402
139.416866875
102.386654339
207.35465889
27.3030072786
237.81816547
353.80794286
40.9572596923
85.228487647
298.533709782
74.6825919131
155.642753698
70.2414128657
119.050989419
245.949015198
47.6327221961
213.465664323
6.34257008599
341.952838566
297.493261925
146.96047706
74.1736214931
197.354153315
151.435434735
277.581277781
94.2614628938
5.70403085866
272.300031507
212.074823934
192.30004994
123.569233461
203.786845885
183.606470554
307.659577553
266.092986291
198.164562485
67.1697578142
193.026914455
96.1976177656
106.948520483
189.492586515
191.524806702
345.374339064
54.4367181281
128.281411226
281.640736807
212.300238031
257.60122737
236.833377394
123.306637617
282.288452281
42.8234495568
297.008498075
237.504171018
266.093053542
198.164583499
67.1696956872
193.026914455
96.1975507518
106.948456003
189.492597632
191.524820169
345.374373105
54.4366632938
128.281369465
281.640750408
212.300181054
257.601212897
236.833340516
123.306600602
282.288466628
42.8234989971
297.008528686
237.50409859
4.15846270919
4.15852993949
4.15852993949
4.15846270919
