189.633535684
115.002015506
165.409998645
345.720434828
356.753387481
173.870656543
61.0196790378
124.776316087
153.710164712
356.724220533
0.212503507772
158.96020529
73.4144675674
212.205695006
216.940891503
213.75034201
45.2890386828
56.5925636146
42.4529724133
1.29541810413
57.0143750825
55.0773062049
241.720037483
26.6947379342
266.530899175
124.80702423
124.343715373
338.765577529
315.704820704
212.19741458
17.7873805633
94.2055715327
105.432480908
4.91303325984
114.238613318
165.501250542
25.3463811426
38.3964531204
297.315172281
187.202739368
306.949590502
157.697128197
56.5613743833
308.213070066
14.8526631003
18.7445948963
335.696114116
95.503604807
126.127225263
350.986106015
106.928017747
335.495709429
215.376317813
67.3933884514
191.846248914
16.4467493129
191.939231695
176.50057529
99.9557273582
117.058911035
300.569545889
42.9724715325
340.681518108
226.241089978
24.2006890434
229.976659128
224.871877824
326.17756317
22.8911823101
4.82515150293
236.512106548
304.922909146
342.558670826
297.432766496
341.498656508
20.0769143816
23.0492197625
320.703654429
289.846139272
271.922256523
144.119818741
305.143380681
90.2860124135
172.987316611
113.138337394
23.2377387946
244.948964767
95.033880089
242.742930885
335.895033036
139.416166804
286.355682468
322.791686364
179.415025236
104.477926407
264.059366456
277.246249428
24.257620034
146.060551648
143.027480759
268.825539662
14.4581929441
237.431979895
51.2905554073
165.391842035
330.909549833
33.6518725264
321.173941429
15.5256625461
333.902513281
240.106595544
23.9516614172
188.546472008
142.184220748
276.92642358
345.007557342
9.81643690243
94.5644228438
268.719921055
316.921262815
345.482172923
316.229932916
104.742838903
86.9221648931
48.065647042
59.5547229516
148.587354611
239.596902612
301.811726311
229.076907005
264.910899606
258.84128837
358.301480276
28.945494629
150.958238276
291.383002197
12.6571228774
144.874600636
241.470120602
43.2588345573
155.620595044
177.974817796
273.76564446
349.7913545
107.073855797
48.9063899084
339.388915766
74.4908966295
226.359042171
89.8119994617
261.121350807
85.9851424428
76.7437399991
226.798890231
159.363415017
221.907590078
259.451223222
207.316641756
172.909129578
41.5797350292
86.4577916272
155.128040146
23.9879631723
214.501444238
278.711192391
242.490971675
35.9093729092
267.253835848
37.7976243985
248.069167733
352.490122214
358.29042027
135.362085331
354.449730562
21.702110051
61.0046449877
263.949430869
173.076975047
78.4206976047
55.1051494963
300.715428142
345.60632065
176.598578462
45.7271351748
286.036996871
296.059471719
123.471403885
157.684723453
290.638174734
135.33671574
88.0897143415
88.0752805201
316.273508665
25.3828651824
247.627356979
315.985309125
94.0918568632
84.7299145289
103.91632505
29.5745725957
143.107251128
312.704198682
276.552418926
308.500866532
238.924327788
36.4311785235
216.636100029
291.195335254
311.529020634
180.998022286
235.27932485
279.139502922
78.1130153095
323.155070207
266.753927787
230.901066451
121.057635179
79.8571746728
306.708361607
1.51449161777
127.353163517
80.2197455694
270.006740775
216.636140254
291.195398102
311.529071096
180.998023461
235.279380256
279.139569474
78.1129493472
323.155110628
266.753995086
230.901066451
121.057600404
79.8571865435
306.7084019
1.51455900198
127.353122619
80.21975702
270.006740783
183.581951958
183.581884682
183.581888893
183.581956169
