302.529827139
319.257807225
30.2279200524
87.5410205667
325.669007562
11.0625374057
34.551314862
6.4053420677
284.494014266
155.592878625
101.795389855
41.8664239953
299.872435347
74.7540035944
201.919466559
319.475142366
179.452910217
30.9476941659
257.648479301
189.16833889
173.12667279
126.614232563
241.637172619
80.2496671975
69.837025617
126.558169176
105.682409298
199.900683198
98.0698496669
52.4539868638
56.2537616805
146.976350037
3.81300542429
273.922961042
162.133672946
300.051636077
17.2631472637
85.3833708036
209.903538022
311.241236188
347.094462538
181.689955705
227.819157252
94.2626404799
40.7946540959
118.472547522
7.42459412748
34.7536405384
228.143618594
354.574061804
87.2667250098
292.318891933
208.704021189
239.662236486
236.202077807
98.7001456268
166.96662604
349.680865993
98.902596723
15.5059154645
251.603111273
243.649074152
155.521038818
135.095662642
167.338051697
178.542183573
76.4343168086
320.210764624
222.372099969
9.84487883635
112.61473677
296.215276295
158.584126576
224.817063358
276.647557277
120.806576223
330.275483774
33.1523010521
80.4550604387
302.665478845
216.929553519
301.921655647
151.568088397
337.951222826
44.7317968472
58.1101048484
56.1988995161
316.475009111
98.1893159463
146.440455591
189.954325519
195.196203613
310.596242469
181.093555171
120.441227919
10.7261512109
147.924530314
81.4214900298
134.092901294
187.944763557
239.354177457
1.7693307398
47.9333685665
90.3896198486
34.0410879302
335.75200666
147.949044665
51.9735021108
23.0753879448
227.484004211
288.039602005
345.861617447
48.0072710741
189.742403844
59.7606277343
139.686253792
134.262467185
285.586239733
261.995738009
238.083058436
125.919054352
199.783014232
157.083215499
84.9218603352
74.9293613661
293.298264702
188.835053979
218.082774949
219.829940905
271.432429748
155.154964995
164.047289357
115.551922936
47.8312310775
326.013905739
151.154663555
176.796867748
315.425326202
63.627689326
327.782380511
23.3024313574
356.267588179
92.6708891405
285.848734773
351.452299324
336.04897167
159.773516001
328.47212761
272.305527573
186.873494518
144.503249622
226.440584663
355.983660753
127.824840559
250.986242504
79.3968790339
301.563006317
57.8571393213
274.546638176
249.366006659
40.8074106458
120.429730749
261.925486363
298.781763894
236.348688346
212.543182431
13.7801308648
107.321533257
229.016257778
87.9059168349
42.5523522284
31.8559267282
81.7057218358
120.615510777
229.260673356
108.362364455
136.103179547
162.931722798
208.603618002
80.7227712097
198.43344603
12.7025853098
221.986948825
217.291284155
132.089642238
97.529871473
273.848235407
191.98588066
81.7549171421
291.057621984
341.483196922
74.0086143849
358.777146813
91.5407236929
117.459080198
233.812337193
148.703158041
132.569215771
256.301009162
8.12108423383
29.6348663645
6.6481676709
191.915910702
182.545682809
141.695562307
359.846579784
267.062904218
204.57087593
154.999971868
289.816693183
76.4408360713
67.8771568836
81.1844566056
230.352890532
105.10644376
133.28955846
339.180082404
177.077077521
222.511941916
353.967326323
271.450769028
151.741043031
83.0318094251
204.570903959
154.99994338
289.816756599
76.4407705423
67.8770944385
81.1843899941
230.352942436
105.10644376
133.28951224
339.180145411
177.0770102
222.511941916
353.967393358
271.450770734
151.740983657
83.0318176029
327.469322388
327.46937922
327.469415468
327.469358636
