178.862680654
82.2929334018
206.575903621
353.399672259
328.91360549
144.296904081
65.5715651741
189.203783729
232.524715592
278.820863053
353.434551216
120.047693766
244.780896322
93.3864501952
267.752791451
25.6300271844
54.6184290857
76.9390903205
227.903987029
289.499370769
145.116345893
217.1243156
14.839865788
69.9481190583
279.549641024
324.508272481
192.541081719
237.561745383
357.326948805
95.3928926348
182.072902946
146.421086935
200.335423277
317.266405357
67.8050354055
302.836321919
151.659506726
328.773296946
165.530035405
266.85357696
121.778831229
146.788104486
158.936125247
263.486047758
280.655220834
43.4474021093
263.041599814
317.230021631
276.098767278
236.581579858
18.8269358441
18.3583170332
85.7376519171
16.8121989799
172.061561074
40.4249854731
204.792866052
77.1099183285
343.517907382
16.2285678843
139.94368523
135.639191031
194.930607374
122.754144494
28.3574880774
309.482220835
60.9501819195
233.989124858
133.512355398
13.0541320113
264.765930311
133.412325156
124.942156945
208.810211965
46.5010907388
42.5800212706
320.095801827
37.5443058506
220.496792813
268.498421367
355.837618382
0.0181326844314
46.8673484722
50.4652671796
269.589668562
179.853590167
130.861768213
13.0234332824
232.163658978
291.00704819
103.208483929
43.3946400062
210.453193318
335.978843199
0.547291997193
311.226775097
72.4722749008
92.2675130612
204.745711102
259.310868926
140.210136743
59.8698538057
200.438265033
301.585165959
95.6599695248
36.1290720157
101.651902952
210.669804768
322.965451947
91.4331040369
62.93889582
100.384327407
123.562526394
24.2936876872
125.173089926
123.694012288
65.2564286372
78.1433341139
289.116039143
243.2910785
91.9451214663
5.00545807783
152.509620987
142.019651698
196.431568331
54.0185654931
269.743040806
267.61744378
153.791016609
210.720136108
79.0873273355
105.978513631
74.6034589588
189.681540877
248.040512377
305.238163224
310.960063936
124.888539889
330.229917351
101.734506759
305.227535528
62.6508808877
330.079249957
313.147850895
179.401812626
316.808660966
21.9762577402
230.418805641
308.97457154
324.01510874
321.080155401
103.85634103
214.224748933
321.046551918
27.6503677446
277.121076272
210.308716303
331.866529835
174.325948374
324.619712268
344.484006674
354.001621233
101.39104231
306.45521846
209.889633851
53.6171562358
354.148479166
5.38944471337
250.511853368
182.305833374
49.6144761919
307.879920213
351.265285838
275.685326658
202.184154543
54.9391752142
259.471604519
1.5853557299
164.286982086
245.474217432
113.454298864
325.980982442
39.7308574329
83.5950645542
121.053684335
102.551068175
176.297208848
139.779103884
80.3832752881
20.4971936146
265.91993263
158.33476642
90.7729208623
29.2715695744
7.16985169478
251.34081473
356.2075667
250.471137229
5.4088761666
181.754494052
217.861858899
1.52110017085
312.088056413
19.7359568017
285.921016526
154.495971587
82.7528350823
264.351454634
355.757553827
11.8732750336
268.953571008
328.793741533
224.144343498
132.284158783
54.6011292142
286.708241349
303.178400993
171.964016024
238.217790648
172.661420507
40.4932978479
176.329834327
334.928543196
82.7528350823
264.351521715
355.757558814
11.8732611646
268.953638404
328.793776459
224.144343498
132.284108913
54.6011682611
286.708260729
303.178400993
171.963949278
238.217755145
172.661420507
40.4933491102
176.329834327
334.928604253
62.0193424733
62.0194057252
62.019346197
62.019282945
