244.317580881
207.975868274
327.18961122
176.481782931
94.0976924182
16.6080552651
192.849406449
79.4751045127
139.531582336
244.40979608
5.23472742915
317.101426216
250.223216711
70.7287214639
233.802097174
45.3327746481
302.33340831
219.242610364
333.31617996
118.693829151
136.83213043
154.472486833
44.1254105611
239.712412717
78.2806988528
331.222604749
321.285903577
268.430465144
81.2754731589
329.750103485
22.9713185986
71.3083080524
238.589757021
274.636921705
325.973154151
277.835483086
23.3203477761
177.524724535
217.48746617
103.123331617
213.904341985
300.47629277
298.324158859
22.9976590857
48.6859212732
37.794059373
190.444545417
247.745684617
18.5539090624
150.138952034
157.299334691
9.20511646865
178.360405374
359.823206771
138.058786585
5.06812074954
277.557956659
268.284077396
47.0089066661
287.512731672
280.214320768
316.784724546
161.863483502
323.44074539
102.530054871
318.038152558
284.809547124
311.58783485
81.8546889012
257.818812116
338.046356332
221.614955925
84.7699133562
44.9719988549
200.97780493
239.951246706
247.25887384
17.8728150006
286.818860235
133.333305872
314.962844462
255.912589202
103.186788854
270.178765696
119.28506524
328.234137135
46.9768873865
15.2074344059
333.379584701
260.528316871
277.599778748
38.29529645
325.276854029
295.130115818
35.2058289217
186.91281311
112.294622289
279.653861644
77.7764575839
241.686114057
121.410077025
140.716285674
45.2024508147
124.422430682
347.812726468
278.154732443
234.565210976
225.372793854
87.7717996388
323.471781103
220.909732037
146.90236941
58.1017034162
99.7807968454
168.794447614
184.22995845
205.843255687
311.670392911
23.3232951675
309.083121006
331.48325444
285.991299844
254.089344264
6.41269612203
152.406372657
152.299232271
208.910012475
335.49058765
15.7405942047
1.70600799151
301.306913152
0.335931454166
1.13387424742
150.585194794
24.2048401304
204.894665688
287.213481571
77.7875909011
45.2935259031
79.1123751716
301.115385734
45.3557497738
229.542651386
180.873004645
35.9739467984
194.847510935
186.66608167
54.9008533131
70.9482993614
153.855098059
169.186835264
184.575999169
174.675826458
127.711899629
208.575886198
235.83780838
211.725131598
214.085063976
104.734763235
97.6752699219
155.905763236
192.485766852
251.419785351
30.1435166375
261.514051262
294.116750606
114.201432384
268.324504064
103.071539805
266.85490937
331.54305776
70.3170676309
248.431541291
94.4174929102
291.326343795
258.377635419
211.26091484
128.999979047
333.680551551
217.186891583
89.501704392
64.336174797
310.565278695
156.673360988
329.909031723
93.4621788275
339.946204579
346.726598375
41.8315926605
199.094613291
71.7122180924
355.29842793
312.183426835
219.85165849
286.43892144
162.287980251
139.015397196
165.797755986
48.2250676585
138.50488015
38.4870229594
161.27273654
103.877435825
243.644658239
66.2521463093
16.4735220226
355.930407436
295.920389166
22.1115081538
235.415669476
284.752575763
346.841494737
265.101638286
164.14945798
43.5403296191
334.180231292
149.475555108
184.171614115
115.331930625
283.15722494
171.776239729
181.748942641
189.624668551
107.874568324
21.36701726
12.2889456049
43.540234024
334.180231292
149.475555108
184.17162025
115.331930625
283.15722494
171.776239729
181.748942641
189.624668551
107.874568324
21.36701726
12.2889456049
91.6908366086
91.6908366086
91.6908366086
91.6908366086
