215.592779927
109.497838999
176.047444313
295.683024748
29.218998907
55.1370909956
120.843661429
291.062105959
290.082894527
21.3660647881
268.721307053
124.701825506
231.243363507
18.5398900411
14.9377545919
267.823023553
55.3545397456
261.432256842
274.015186003
254.625809585
238.556387855
195.233667866
54.9736265708
207.546211553
131.61192907
110.324848696
82.3726088781
81.340094543
352.095768394
280.558553237
188.068335162
190.195274277
105.877563612
252.7842908
167.256387757
335.236005595
85.7146089708
347.504395279
313.486859025
123.523921994
271.785844328
13.2288944603
98.2068489907
198.066478124
344.337092057
264.124087608
75.9450858144
275.109673019
191.872837657
72.4379059184
356.441918358
171.993500093
119.901755755
144.886038672
102.183024597
169.141518321
203.810786629
146.110068971
7.30126441057
236.86845762
219.304141561
239.779273729
302.167533136
333.72551082
172.555157235
40.2444862208
353.555516079
103.731794823
85.4716703461
141.083021554
148.357251396
234.154465307
213.813240343
146.999284542
6.90716008124
20.5271235051
139.166676792
46.8419259022
241.189858575
108.912172049
296.454774712
330.054583192
43.9435185032
276.285568077
108.192540768
107.550221189
328.135020689
331.089886536
224.98054994
120.681997041
317.449938644
286.333895693
6.97572388126
168.275029768
256.10670564
131.137954927
1.10281663625
341.567214004
38.1476094695
267.358231003
66.7759219244
319.56599044
73.3598141319
39.5452870766
233.549858646
222.163692309
184.908181942
126.56167223
48.5681898447
236.278165743
113.839087541
321.296272312
39.1110163185
257.069141955
345.052217958
162.83147184
172.807333687
229.894797634
42.3577223822
340.605765575
123.754322227
195.485746232
68.5856328889
162.900900801
229.906511837
334.577662
353.735849948
317.050900834
281.855015758
270.888103449
193.86053475
192.468075701
285.422182484
131.200515361
42.1751305302
5.60729115325
7.91063532675
281.264826648
310.367498943
31.9192528736
45.9467828261
9.08724115774
83.0681116485
45.7051573586
132.23512803
353.644445127
246.568829051
278.650116606
269.655765435
182.899480136
200.439205629
151.167965458
139.844702241
175.581559243
44.0249769528
104.15693849
110.022851459
267.702970347
218.846397327
13.5139787877
6.54127212521
313.975810546
14.5992697812
136.778323408
210.833460019
283.372217882
308.561682232
283.926900492
315.326737829
142.055611812
239.522894241
289.566457056
140.652570736
359.516680262
70.1914498885
350.665479704
218.712058834
315.562448208
139.990618167
334.602221336
178.505462845
356.182149115
91.43739741
236.007639383
109.924911547
40.9115641611
138.092005544
285.743215062
27.9916934811
3.68901221077
69.8196244693
73.6491048938
77.6533973208
42.7924343504
36.1822399052
292.943497019
175.5238532
73.2958414166
80.4111113683
237.826713191
335.318835126
210.479727525
43.4831072506
175.504494799
293.796691322
184.695035798
194.351279299
237.043133352
234.171966435
235.461695225
157.778371104
77.084772279
334.792513907
129.414673682
286.385115612
280.032321032
219.868314273
261.050721349
325.673705565
331.885320147
118.40041747
42.2564233585
246.63448045
163.469668355
163.68491997
352.633978654
129.414673682
286.385115612
280.032321032
219.868314273
261.050721349
325.673705565
331.885320147
118.40041747
42.2564233585
246.634507968
163.469668355
163.68491997
352.634062295
52.1674083798
52.1674083798
52.1674083798
52.1674083798
