214.149162939
270.940372138
8.57857850908
286.927807294
47.2205431615
291.787768143
355.537943631
187.810741602
340.755533314
162.177656041
200.809903411
48.4593972029
297.013025376
247.387180874
224.949286334
91.6386364425
254.200161082
266.591618199
246.826184129
27.5324919782
84.9734291682
70.2206211384
29.1879509701
63.1069954876
231.002228008
5.5874723643
205.220912094
35.6922399817
311.875731929
204.114290223
127.738171541
327.424216241
351.026554138
163.143456997
218.203311143
119.830099328
245.30753144
118.885695912
205.59449516
359.117716408
295.691334759
182.505773934
68.1846887212
204.642564378
337.857834338
257.770471763
335.639281784
60.1152426549
346.366408294
174.846851624
40.9440705548
285.978116057
133.359743221
47.4464202315
356.169882871
313.473380155
125.563695246
125.901941851
350.015399786
158.161029377
320.880205675
273.347440139
311.498956435
117.762302422
247.317725733
106.288278682
5.51650208934
114.093798737
262.808990683
98.6443444398
70.0884998668
34.9577095769
86.6053403078
302.571838355
4.39930765295
205.793461077
338.25156468
306.319827498
295.723821919
170.288970697
334.019154065
163.043960925
110.558052272
37.680585446
121.572898537
337.565923485
247.622899842
10.6340098736
323.343218905
295.169589279
229.116939274
223.908213058
358.054036423
224.157540081
224.076039264
160.109244932
82.2685348024
14.3367875296
99.6424281486
336.125373915
228.887881046
224.25654429
341.55152965
23.9675763537
240.284877248
39.5864493817
326.759771045
238.365678876
281.280424112
56.6863119508
257.092108127
87.1737349237
310.601350426
272.331107209
285.474784671
6.09257024067
276.169312071
3.92755022846
290.747370993
213.222860732
217.745180156
65.4384996443
280.906239917
123.491454898
141.556369335
159.127174124
344.26693415
108.405817168
352.495320573
349.38237041
103.312320605
4.76694421531
134.083720216
355.651059665
30.0875398975
132.18737573
25.2812602032
98.2969281878
359.468500739
178.347044275
359.879495288
304.679063871
344.854401495
58.9920877783
308.568074024
218.123363837
92.0782319874
59.5782739442
153.631976615
299.564599754
189.916515662
104.162741515
147.412144722
292.509703879
356.666696955
321.915340571
88.8240067063
265.752403516
125.32743271
23.0900763921
115.783147343
309.345712662
291.361342254
63.8336370786
124.876413002
21.5791091578
66.4700024393
225.361394299
244.164234152
49.3204146133
193.874357982
69.45666012
238.174742024
187.463375672
79.1624509135
76.2718222605
127.485898061
182.222118807
87.6701513293
354.26437352
271.505295575
67.5491894499
38.0376611704
312.53009777
249.628640778
117.976320072
70.1230062765
27.1612750333
151.440199564
108.953144266
126.423344368
355.803351765
63.6505187439
342.822471778
43.14655351
8.06553266633
184.368585778
10.4020515093
354.872567821
351.520434747
221.656065324
145.823607092
236.440401646
327.84806282
274.840926999
37.6175849358
70.573266351
234.295840492
322.577299925
153.872607695
8.08077357244
160.655339246
107.509882441
181.969221289
170.473878475
50.4908940466
65.7455764558
210.946835849
297.986024261
248.500219625
308.553232761
100.118900555
28.6141482093
95.119309741
113.851714971
245.626861295
170.473878475
50.4908940466
65.7455764558
210.946835849
297.986024261
248.500219625
308.553232761
100.118900555
28.6141482093
95.119309741
113.851714971
245.626833477
156.063429891
156.063366472
156.06333832
156.063401739
