115.099248088
22.2375239939
50.3206353951
340.912421497
315.147796269
284.245512027
247.024700472
321.875838875
176.012866417
20.531895325
78.5702575023
89.7441194698
313.099031932
295.870267135
199.698614666
203.584351565
357.065038537
197.677318815
344.773079502
164.694236126
99.5513725242
131.969177403
226.113787614
155.487928529
129.392690179
226.385267092
80.2163549678
345.764169028
61.8076514644
180.352544933
145.618411564
224.350942349
139.585658954
28.0534833206
99.4803187291
8.65700575579
267.974478978
301.292115155
239.161233805
29.0038104482
150.537517179
144.232538344
359.494879342
341.53014915
116.030289949
74.1642667236
238.606336171
355.631657687
186.539253355
41.1215053656
338.450545127
275.513775173
12.9288095476
330.632042901
50.2307910039
84.7735849049
323.084312257
227.864146636
216.007412364
36.1410292903
156.920174113
111.850499904
265.124387226
10.7206983481
133.691226416
278.756681155
46.6237717663
157.582247575
113.503141889
329.084991274
342.665943077
313.569416799
41.7376853097
40.5211429964
224.399964682
211.090321016
161.865982872
119.14451217
108.980382869
26.04892184
320.60139864
328.405575529
133.07109112
343.006093108
156.85771239
347.25010185
199.751051797
335.646209851
68.4318119253
286.770820809
260.930891346
40.9981370214
171.726363042
4.2002429949
220.066093979
252.375065776
78.899310888
27.4671050786
189.059364521
258.03797003
108.62786476
159.89263824
351.449930557
246.113995194
129.50357919
181.24473648
327.363813328
58.6728159713
16.9470402739
302.372374576
117.304245311
92.2878257766
75.0462077596
136.97968464
12.823440252
151.808998799
232.903219793
271.265045271
66.5012940178
1.37282283405
289.210340545
275.861916542
211.577648603
252.80730454
101.212307083
12.2862282655
254.813209948
72.0326517318
216.295479557
46.1040945215
73.6873952499
338.010738799
347.642128666
181.506191941
54.8198780744
179.340262983
157.50870138
250.440410815
181.235420363
191.318355857
237.234587496
273.981424389
224.017001932
332.665650599
253.472418175
102.852340252
150.34937355
258.94349188
234.943841551
245.973121506
93.6023088198
311.693912554
96.1914156153
134.971543263
276.658793584
156.438823464
92.8070133757
108.55725635
356.945204014
38.9753082397
197.668192237
283.576260407
179.619544874
226.053690443
23.0674064471
309.945729637
237.164982052
207.993919483
77.6316498017
291.311693659
41.0048880197
257.455594707
143.327154187
193.531288307
95.3423441237
260.053742986
310.001540518
172.034875379
214.861747902
26.8487880941
12.6800291576
112.999108331
53.0053439334
45.3353608773
128.110920686
124.998298796
213.701240504
106.062544013
69.7040559826
167.418832223
77.8548102492
302.971111178
93.827442086
99.64654822
339.769558421
77.1657089003
143.284823057
283.530944399
13.4951962186
282.919559436
94.0222211892
140.508637532
130.184385541
94.8388415345
191.926592895
214.951366486
280.648755054
26.4034156555
98.3805610167
155.650303085
330.811537989
218.934128327
49.6890874069
193.756089506
115.594598888
309.392136065
179.369252566
358.513985069
313.853223961
2.52664736583
302.214339079
230.965584266
70.3291568288
210.599292836
306.678966641
65.1621352325
115.594598888
309.392136065
179.369252566
358.513985069
313.853223961
2.52664736583
302.214339079
230.965537446
70.3291568288
210.599292836
306.678966641
65.1621352325
203.359989164
203.359989164
203.359989164
203.359989164
