-100.0,-100.0,0.623488183848
-100.0,-95.0,0.622178870321
-100.0,-90.0,0.61333069694
-100.0,-85.0,0.616152728831
-100.0,-80.0,0.606028021137
-100.0,-75.0,0.595359617753
-100.0,-70.0,0.622067266832
-100.0,-65.0,0.634105721611
-100.0,-60.0,0.632649007776
-100.0,-55.0,0.638334965449
-100.0,-50.0,0.645618990396
-100.0,-45.0,0.645670023949
-100.0,-40.0,0.643395239513
-100.0,-35.0,0.641018504128
-100.0,-30.0,0.65510831756
-100.0,-25.0,0.663291993188
-100.0,-20.0,0.655753450914
-100.0,-15.0,0.6519150458
-100.0,-10.0,0.654111667096
-100.0,-5.0,0.658724804114
-100.0,0.0,0.664032283892
-100.0,5.0,0.661465455724
-100.0,10.0,0.672171207368
-100.0,15.0,0.674428459926
-100.0,20.0,0.654578648962
-100.0,25.0,0.644712791181
-100.0,30.0,0.647945368173
-100.0,35.0,0.657402513776
-100.0,40.0,0.652146463494
-100.0,45.0,0.652533843998
-100.0,50.0,0.637862725556
-100.0,55.0,0.625783337395
-100.0,60.0,0.628579599532
-100.0,65.0,0.637479634039
-100.0,70.0,0.621495232823
-100.0,75.0,0.606976464348
-100.0,80.0,0.613038877585
-100.0,85.0,0.609895451648
-100.0,90.0,0.611612081621
-100.0,95.0,0.622807164293
-100.0,100.0,0.623488183848
-95.0,-100.0,0.618835947341
-95.0,-95.0,0.608262755249
-95.0,-90.0,0.598616001261
-95.0,-85.0,0.597650725213
-95.0,-80.0,0.600334909409
-95.0,-75.0,0.604697335472
-95.0,-70.0,0.615503521982
-95.0,-65.0,0.623316225381
-95.0,-60.0,0.632831237646
-95.0,-55.0,0.634181332918
-95.0,-50.0,0.637999699659
-95.0,-45.0,0.633346989203
-95.0,-40.0,0.640201253156
-95.0,-35.0,0.645862752513
-95.0,-30.0,0.657345453371
-95.0,-25.0,0.66857445544
-95.0,-20.0,0.657843635764
-95.0,-15.0,0.658042002429
-95.0,-10.0,0.657467371012
-95.0,-5.0,0.661927780758
-95.0,0.0,0.668018579176
-95.0,5.0,0.666442324597
-95.0,10.0,0.677723134084
-95.0,15.0,0.667457370527
-95.0,20.0,0.642819908675
-95.0,25.0,0.640654115296
-95.0,30.0,0.649312943539
-95.0,35.0,0.646500401347
-95.0,40.0,0.657229846858
-95.0,45.0,0.65216907507
-95.0,50.0,0.64278404877
-95.0,55.0,0.635479315184
-95.0,60.0,0.631881168305
-95.0,65.0,0.625510410738
-95.0,70.0,0.611052868808
-95.0,75.0,0.616405994415
-95.0,80.0,0.626833943342
-95.0,85.0,0.608234463543
-95.0,90.0,0.599610397319
-95.0,95.0,0.608606102426
-95.0,100.0,0.618835947341
-90.0,-100.0,0.601011210551
-90.0,-95.0,0.601340892559
-90.0,-90.0,0.601280369017
-90.0,-85.0,0.59163153862
-90.0,-80.0,0.603007491963
-90.0,-75.0,0.612374250279
-90.0,-70.0,0.614595612475
-90.0,-65.0,0.620484766991
-90.0,-60.0,0.630661986764
-90.0,-55.0,0.63366268764
-90.0,-50.0,0.637058065119
-90.0,-45.0,0.639845455786
-90.0,-40.0,0.64351370881
-90.0,-35.0,0.6475750718
-90.0,-30.0,0.663953655308
-90.0,-25.0,0.674313418272
-90.0,-20.0,0.672929814202
-90.0,-15.0,0.663099346158
-90.0,-10.0,0.657126170869
-90.0,-5.0,0.668041882722
-90.0,0.0,0.668013108793
-90.0,5.0,0.664914851899
-90.0,10.0,0.674099531659
-90.0,15.0,0.669692322293
-90.0,20.0,0.64636117935
-90.0,25.0,0.643101023132
-90.0,30.0,0.650754373174
-90.0,35.0,0.643387415664
-90.0,40.0,0.650051772564
-90.0,45.0,0.645578329854
-90.0,50.0,0.63280913748
-90.0,55.0,0.625960776961
-90.0,60.0,0.637062148125
-90.0,65.0,0.634153003685
-90.0,70.0,0.612998723833
-90.0,75.0,0.61123935817
-90.0,80.0,0.615726902686
-90.0,85.0,0.604654283134
-90.0,90.0,0.608266182064
-90.0,95.0,0.601685881884
-90.0,100.0,0.601011210551
-85.0,-100.0,0.593905076769
-85.0,-95.0,0.59288218817
-85.0,-90.0,0.599762046402
-85.0,-85.0,0.59881473095
-85.0,-80.0,0.598246772327
-85.0,-75.0,0.608781373519
-85.0,-70.0,0.610672409618
-85.0,-65.0,0.623761962258
-85.0,-60.0,0.628440275487
-85.0,-55.0,0.629530739084
-85.0,-50.0,0.636243791316
-85.0,-45.0,0.643679135772
-85.0,-40.0,0.65707762852
-85.0,-35.0,0.657890988935
-85.0,-30.0,0.673932065784
-85.0,-25.0,0.670741533887
-85.0,-20.0,0.672890791966
-85.0,-15.0,0.670185125797
-85.0,-10.0,0.665452895397
-85.0,-5.0,0.669695733807
-85.0,0.0,0.659736067091
-85.0,5.0,0.661637518872
-85.0,10.0,0.661766117556
-85.0,15.0,0.658087661887
-85.0,20.0,0.649407672461
-85.0,25.0,0.645626081139
-85.0,30.0,0.648029974911
-85.0,35.0,0.650167586813
-85.0,40.0,0.646199879538
-85.0,45.0,0.645050518581
-85.0,50.0,0.633092166038
-85.0,55.0,0.632958586798
-85.0,60.0,0.624720618294
-85.0,65.0,0.629621338198
-85.0,70.0,0.617130298267
-85.0,75.0,0.59379777676
-85.0,80.0,0.601710820442
-85.0,85.0,0.605288128795
-85.0,90.0,0.595919743919
-85.0,95.0,0.590673173242
-85.0,100.0,0.593905076769
-80.0,-100.0,0.597489366247
-80.0,-95.0,0.594438651474
-80.0,-90.0,0.5971419368
-80.0,-85.0,0.591365424632
-80.0,-80.0,0.590076609809
-80.0,-75.0,0.60786766439
-80.0,-70.0,0.620548291034
-80.0,-65.0,0.634880734624
-80.0,-60.0,0.6310276162
-80.0,-55.0,0.635679015559
-80.0,-50.0,0.64292089733
-80.0,-45.0,0.636047605088
-80.0,-40.0,0.650085786082
-80.0,-35.0,0.658669504461
-80.0,-30.0,0.677675592118
-80.0,-25.0,0.677284201837
-80.0,-20.0,0.674517066744
-80.0,-15.0,0.682622735582
-80.0,-10.0,0.670230403284
-80.0,-5.0,0.66017860269
-80.0,0.0,0.67069829848
-80.0,5.0,0.668470296106
-80.0,10.0,0.665072557101
-80.0,15.0,0.657422454744
-80.0,20.0,0.659006082216
-80.0,25.0,0.649561158292
-80.0,30.0,0.64732466884
-80.0,35.0,0.662565328329
-80.0,40.0,0.652859297283
-80.0,45.0,0.650613012914
-80.0,50.0,0.652360860022
-80.0,55.0,0.643072573403
-80.0,60.0,0.620795908293
-80.0,65.0,0.618311741723
-80.0,70.0,0.619253388969
-80.0,75.0,0.604688245488
-80.0,80.0,0.600416269155
-80.0,85.0,0.607793281743
-80.0,90.0,0.599115983536
-80.0,95.0,0.595668571132
-80.0,100.0,0.597489366247
-75.0,-100.0,0.60327365905
-75.0,-95.0,0.594477558564
-75.0,-90.0,0.590030626954
-75.0,-85.0,0.588715420628
-75.0,-80.0,0.603528816051
-75.0,-75.0,0.61298369275
-75.0,-70.0,0.614845127627
-75.0,-65.0,0.626382148869
-75.0,-60.0,0.634150855708
-75.0,-55.0,0.65449710605
-75.0,-50.0,0.653294632817
-75.0,-45.0,0.647104711393
-75.0,-40.0,0.64502839449
-75.0,-35.0,0.657324433291
-75.0,-30.0,0.665531180469
-75.0,-25.0,0.672919950498
-75.0,-20.0,0.679560984907
-75.0,-15.0,0.685315921352
-75.0,-10.0,0.665949738219
-75.0,-5.0,0.664495928128
-75.0,0.0,0.672151273288
-75.0,5.0,0.669529426328
-75.0,10.0,0.663116701869
-75.0,15.0,0.664153403321
-75.0,20.0,0.663886127968
-75.0,25.0,0.668256023498
-75.0,30.0,0.656913665974
-75.0,35.0,0.657494514103
-75.0,40.0,0.651796626516
-75.0,45.0,0.651742000417
-75.0,50.0,0.655547537511
-75.0,55.0,0.642298926272
-75.0,60.0,0.622662405972
-75.0,65.0,0.614734499296
-75.0,70.0,0.615672166273
-75.0,75.0,0.611771290028
-75.0,80.0,0.608437815605
-75.0,85.0,0.606005712458
-75.0,90.0,0.601131050468
-75.0,95.0,0.598837008195
-75.0,100.0,0.60327365905
-70.0,-100.0,0.596020047579
-70.0,-95.0,0.585853405093
-70.0,-90.0,0.584580659949
-70.0,-85.0,0.585072518114
-70.0,-80.0,0.602775896717
-70.0,-75.0,0.611644884834
-70.0,-70.0,0.615233921904
-70.0,-65.0,0.637261269802
-70.0,-60.0,0.639885319044
-70.0,-55.0,0.652550588707
-70.0,-50.0,0.646022345361
-70.0,-45.0,0.64261424672
-70.0,-40.0,0.653185768468
-70.0,-35.0,0.653561860579
-70.0,-30.0,0.660566544809
-70.0,-25.0,0.665062252811
-70.0,-20.0,0.669274295174
-70.0,-15.0,0.675950111737
-70.0,-10.0,0.676784738511
-70.0,-5.0,0.684350762635
-70.0,0.0,0.669142497075
-70.0,5.0,0.668047365056
-70.0,10.0,0.674656753509
-70.0,15.0,0.674260024722
-70.0,20.0,0.666218748571
-70.0,25.0,0.66370368618
-70.0,30.0,0.658006428789
-70.0,35.0,0.649046407308
-70.0,40.0,0.64800259884
-70.0,45.0,0.644361792534
-70.0,50.0,0.648164314255
-70.0,55.0,0.636172328215
-70.0,60.0,0.621448026037
-70.0,65.0,0.606598446145
-70.0,70.0,0.605969394841
-70.0,75.0,0.617867615947
-70.0,80.0,0.612903906899
-70.0,85.0,0.606541870268
-70.0,90.0,0.59235304677
-70.0,95.0,0.597441714387
-70.0,100.0,0.596020047579
-65.0,-100.0,0.59179687365
-65.0,-95.0,0.589118220171
-65.0,-90.0,0.604029416301
-65.0,-85.0,0.600519389428
-65.0,-80.0,0.620095758036
-65.0,-75.0,0.623846620799
-65.0,-70.0,0.620290879827
-65.0,-65.0,0.645886165472
-65.0,-60.0,0.654659148406
-65.0,-55.0,0.655461254291
-65.0,-50.0,0.651991907009
-65.0,-45.0,0.658278242311
-65.0,-40.0,0.662954478375
-65.0,-35.0,0.649195176357
-65.0,-30.0,0.657620214058
-65.0,-25.0,0.657066271583
-65.0,-20.0,0.65395546973
-65.0,-15.0,0.667170039502
-65.0,-10.0,0.667785250957
-65.0,-5.0,0.671636625031
-65.0,0.0,0.673465067549
-65.0,5.0,0.669049260997
-65.0,10.0,0.671712111183
-65.0,15.0,0.679319053156
-65.0,20.0,0.676767975892
-65.0,25.0,0.646388581684
-65.0,30.0,0.65284783527
-65.0,35.0,0.656224230932
-65.0,40.0,0.66432441932
-65.0,45.0,0.648894883734
-65.0,50.0,0.648010041049
-65.0,55.0,0.64529995832
-65.0,60.0,0.629488647376
-65.0,65.0,0.607727550237
-65.0,70.0,0.611833324767
-65.0,75.0,0.617475537914
-65.0,80.0,0.609577606138
-65.0,85.0,0.616639898662
-65.0,90.0,0.607174961608
-65.0,95.0,0.600122464938
-65.0,100.0,0.59179687365
-60.0,-100.0,0.609517070745
-60.0,-95.0,0.603071580026
-60.0,-90.0,0.606210082539
-60.0,-85.0,0.61491101785
-60.0,-80.0,0.624027996336
-60.0,-75.0,0.631783481977
-60.0,-70.0,0.630387022885
-60.0,-65.0,0.644008558297
-60.0,-60.0,0.657897171911
-60.0,-55.0,0.665495795306
-60.0,-50.0,0.654919024771
-60.0,-45.0,0.654402694095
-60.0,-40.0,0.654221122788
-60.0,-35.0,0.650248992377
-60.0,-30.0,0.659182027389
-60.0,-25.0,0.667244723934
-60.0,-20.0,0.668054406388
-60.0,-15.0,0.67151027847
-60.0,-10.0,0.661432948558
-60.0,-5.0,0.664440373043
-60.0,0.0,0.666852386767
-60.0,5.0,0.668840651286
-60.0,10.0,0.667730246055
-60.0,15.0,0.677614723677
-60.0,20.0,0.675093558499
-60.0,25.0,0.654328429026
-60.0,30.0,0.651988377235
-60.0,35.0,0.65910949782
-60.0,40.0,0.66070891729
-60.0,45.0,0.65387253771
-60.0,50.0,0.660116422389
-60.0,55.0,0.65264557754
-60.0,60.0,0.635953131137
-60.0,65.0,0.62704765797
-60.0,70.0,0.633469024204
-60.0,75.0,0.623209527789
-60.0,80.0,0.621266176247
-60.0,85.0,0.627019531367
-60.0,90.0,0.622500645088
-60.0,95.0,0.615965715487
-60.0,100.0,0.609517070745
-55.0,-100.0,0.621137566922
-55.0,-95.0,0.618327664314
-55.0,-90.0,0.613211425116
-55.0,-85.0,0.619203768539
-55.0,-80.0,0.640065331131
-55.0,-75.0,0.63728711785
-55.0,-70.0,0.6322926655
-55.0,-65.0,0.650312687073
-55.0,-60.0,0.656961411869
-55.0,-55.0,0.662731423938
-55.0,-50.0,0.656680717735
-55.0,-45.0,0.66073293978
-55.0,-40.0,0.654087076177
-55.0,-35.0,0.660538518919
-55.0,-30.0,0.663273412353
-55.0,-25.0,0.657910406974
-55.0,-20.0,0.66102082198
-55.0,-15.0,0.668627351076
-55.0,-10.0,0.664969581703
-55.0,-5.0,0.656336558423
-55.0,0.0,0.660833548667
-55.0,5.0,0.665644490077
-55.0,10.0,0.669340691328
-55.0,15.0,0.66001971149
-55.0,20.0,0.671091650968
-55.0,25.0,0.67467354584
-55.0,30.0,0.658028397679
-55.0,35.0,0.658622633167
-55.0,40.0,0.664462137114
-55.0,45.0,0.666251888081
-55.0,50.0,0.66421040122
-55.0,55.0,0.654206323422
-55.0,60.0,0.64047792844
-55.0,65.0,0.630115954433
-55.0,70.0,0.631328737137
-55.0,75.0,0.635235482291
-55.0,80.0,0.636830381262
-55.0,85.0,0.631937368974
-55.0,90.0,0.627312389665
-55.0,95.0,0.618648873992
-55.0,100.0,0.621137566922
-50.0,-100.0,0.632456436951
-50.0,-95.0,0.633790332354
-50.0,-90.0,0.624519712849
-50.0,-85.0,0.618694627985
-50.0,-80.0,0.629259122418
-50.0,-75.0,0.635109734319
-50.0,-70.0,0.63759438386
-50.0,-65.0,0.646035517064
-50.0,-60.0,0.653986433457
-50.0,-55.0,0.660269078267
-50.0,-50.0,0.657376859384
-50.0,-45.0,0.660662232195
-50.0,-40.0,0.651179192603
-50.0,-35.0,0.660116170716
-50.0,-30.0,0.660859570681
-50.0,-25.0,0.663231348556
-50.0,-20.0,0.671393134364
-50.0,-15.0,0.668576230904
-50.0,-10.0,0.663077676495
-50.0,-5.0,0.646244173755
-50.0,0.0,0.647513475149
-50.0,5.0,0.654364031232
-50.0,10.0,0.65404269037
-50.0,15.0,0.657498164443
-50.0,20.0,0.658440739295
-50.0,25.0,0.665176243617
-50.0,30.0,0.670124094338
-50.0,35.0,0.674008334547
-50.0,40.0,0.668778607732
-50.0,45.0,0.663653830901
-50.0,50.0,0.660469614818
-50.0,55.0,0.658076012679
-50.0,60.0,0.648712262579
-50.0,65.0,0.634525724488
-50.0,70.0,0.637937968187
-50.0,75.0,0.64166587762
-50.0,80.0,0.638278554791
-50.0,85.0,0.639888875296
-50.0,90.0,0.639548522249
-50.0,95.0,0.626110861029
-50.0,100.0,0.632456436951
-45.0,-100.0,0.631794437408
-45.0,-95.0,0.619768336756
-45.0,-90.0,0.618798744864
-45.0,-85.0,0.609536491066
-45.0,-80.0,0.618671541363
-45.0,-75.0,0.635716054879
-45.0,-70.0,0.639422825019
-45.0,-65.0,0.639898357024
-45.0,-60.0,0.645884109621
-45.0,-55.0,0.662121535393
-45.0,-50.0,0.665532184515
-45.0,-45.0,0.664936370429
-45.0,-40.0,0.660951777197
-45.0,-35.0,0.66096740698
-45.0,-30.0,0.660135509722
-45.0,-25.0,0.666086364699
-45.0,-20.0,0.667680987542
-45.0,-15.0,0.663263323017
-45.0,-10.0,0.652545628193
-45.0,-5.0,0.649506381741
-45.0,0.0,0.652044245368
-45.0,5.0,0.645555363415
-45.0,10.0,0.64874790027
-45.0,15.0,0.656483991464
-45.0,20.0,0.655552341363
-45.0,25.0,0.66321572907
-45.0,30.0,0.680041431248
-45.0,35.0,0.678177520075
-45.0,40.0,0.66881570592
-45.0,45.0,0.663124840218
-45.0,50.0,0.659734828207
-45.0,55.0,0.666331760966
-45.0,60.0,0.650066563505
-45.0,65.0,0.636692443122
-45.0,70.0,0.636681252301
-45.0,75.0,0.625667479905
-45.0,80.0,0.637571630681
-45.0,85.0,0.648996197714
-45.0,90.0,0.646757497587
-45.0,95.0,0.642803970556
-45.0,100.0,0.631794437408
-40.0,-100.0,0.641932264495
-40.0,-95.0,0.628781124562
-40.0,-90.0,0.622971625611
-40.0,-85.0,0.616930233029
-40.0,-80.0,0.625071506477
-40.0,-75.0,0.646230325991
-40.0,-70.0,0.648544568455
-40.0,-65.0,0.651135248522
-40.0,-60.0,0.664646924487
-40.0,-55.0,0.657182619463
-40.0,-50.0,0.658336145815
-40.0,-45.0,0.655298330025
-40.0,-40.0,0.66155218561
-40.0,-35.0,0.66643828839
-40.0,-30.0,0.664194708177
-40.0,-25.0,0.667878339043
-40.0,-20.0,0.66192404342
-40.0,-15.0,0.655994166293
-40.0,-10.0,0.649384628849
-40.0,-5.0,0.645403284855
-40.0,0.0,0.650058593079
-40.0,5.0,0.643731247958
-40.0,10.0,0.650816798162
-40.0,15.0,0.648889739059
-40.0,20.0,0.64389429412
-40.0,25.0,0.661156349609
-40.0,30.0,0.66984016678
-40.0,35.0,0.679762370071
-40.0,40.0,0.68047543744
-40.0,45.0,0.671673211607
-40.0,50.0,0.659927269544
-40.0,55.0,0.658517076557
-40.0,60.0,0.663476497256
-40.0,65.0,0.657694903517
-40.0,70.0,0.643293181831
-40.0,75.0,0.628849430021
-40.0,80.0,0.64030815283
-40.0,85.0,0.637828015973
-40.0,90.0,0.63702425205
-40.0,95.0,0.636266202118
-40.0,100.0,0.641932264495
-35.0,-100.0,0.647474978168
-35.0,-95.0,0.649500875243
-35.0,-90.0,0.641869488752
-35.0,-85.0,0.640615906297
-35.0,-80.0,0.64018769816
-35.0,-75.0,0.651109064034
-35.0,-70.0,0.66026097935
-35.0,-65.0,0.655760096266
-35.0,-60.0,0.6655090839
-35.0,-55.0,0.650865744977
-35.0,-50.0,0.654499501336
-35.0,-45.0,0.652781909034
-35.0,-40.0,0.660382491876
-35.0,-35.0,0.66899393626
-35.0,-30.0,0.673493001609
-35.0,-25.0,0.65777559966
-35.0,-20.0,0.65773910919
-35.0,-15.0,0.655572996913
-35.0,-10.0,0.6448621803
-35.0,-5.0,0.648137760819
-35.0,0.0,0.655817487424
-35.0,5.0,0.633921641591
-35.0,10.0,0.644421648706
-35.0,15.0,0.646979860123
-35.0,20.0,0.643011320051
-35.0,25.0,0.657356763576
-35.0,30.0,0.666675440647
-35.0,35.0,0.67659566166
-35.0,40.0,0.681614538311
-35.0,45.0,0.674173926514
-35.0,50.0,0.660273155806
-35.0,55.0,0.668962508221
-35.0,60.0,0.667997028842
-35.0,65.0,0.659327236968
-35.0,70.0,0.647932817941
-35.0,75.0,0.63958763302
-35.0,80.0,0.646021600798
-35.0,85.0,0.654937778447
-35.0,90.0,0.64882021399
-35.0,95.0,0.649850908509
-35.0,100.0,0.647474978168
-30.0,-100.0,0.649947296709
-30.0,-95.0,0.654565362298
-30.0,-90.0,0.655029563569
-30.0,-85.0,0.652035475351
-30.0,-80.0,0.651380180657
-30.0,-75.0,0.648552286478
-30.0,-70.0,0.661674684466
-30.0,-65.0,0.663044374134
-30.0,-60.0,0.66307093149
-30.0,-55.0,0.653861574491
-30.0,-50.0,0.657414239751
-30.0,-45.0,0.651139017438
-30.0,-40.0,0.660917403104
-30.0,-35.0,0.661300151517
-30.0,-30.0,0.662739724955
-30.0,-25.0,0.651342351239
-30.0,-20.0,0.649066310678
-30.0,-15.0,0.649660933837
-30.0,-10.0,0.640043915529
-30.0,-5.0,0.633383267264
-30.0,0.0,0.645304250774
-30.0,5.0,0.634546419217
-30.0,10.0,0.643452354386
-30.0,15.0,0.647922740523
-30.0,20.0,0.655817923399
-30.0,25.0,0.6596329117
-30.0,30.0,0.659053585456
-30.0,35.0,0.671912172822
-30.0,40.0,0.670990548183
-30.0,45.0,0.671027900007
-30.0,50.0,0.664507878271
-30.0,55.0,0.674769596505
-30.0,60.0,0.667958585004
-30.0,65.0,0.660326334417
-30.0,70.0,0.655318463658
-30.0,75.0,0.647703066844
-30.0,80.0,0.652899299597
-30.0,85.0,0.661156455073
-30.0,90.0,0.655738865749
-30.0,95.0,0.655398527345
-30.0,100.0,0.649947296709
-25.0,-100.0,0.649577711669
-25.0,-95.0,0.646883875396
-25.0,-90.0,0.652328607424
-25.0,-85.0,0.656253440149
-25.0,-80.0,0.667568047589
-25.0,-75.0,0.667888613038
-25.0,-70.0,0.668214865806
-25.0,-65.0,0.661182564993
-25.0,-60.0,0.670842891562
-25.0,-55.0,0.673438760734
-25.0,-50.0,0.66381936522
-25.0,-45.0,0.658355073612
-25.0,-40.0,0.652410871249
-25.0,-35.0,0.650510261326
-25.0,-30.0,0.657016998165
-25.0,-25.0,0.651647957546
-25.0,-20.0,0.640934668413
-25.0,-15.0,0.647105334614
-25.0,-10.0,0.646066375968
-25.0,-5.0,0.636866357778
-25.0,0.0,0.634983101385
-25.0,5.0,0.638862825391
-25.0,10.0,0.641858606672
-25.0,15.0,0.634749901928
-25.0,20.0,0.648737558784
-25.0,25.0,0.659116613344
-25.0,30.0,0.654549825705
-25.0,35.0,0.671196436379
-25.0,40.0,0.665623938395
-25.0,45.0,0.670040820426
-25.0,50.0,0.675542053221
-25.0,55.0,0.670089303305
-25.0,60.0,0.667315725566
-25.0,65.0,0.665439665204
-25.0,70.0,0.663831969439
-25.0,75.0,0.649114580542
-25.0,80.0,0.648851919403
-25.0,85.0,0.649615684372
-25.0,90.0,0.640009652637
-25.0,95.0,0.647204007509
-25.0,100.0,0.649577711668
-20.0,-100.0,0.644572763062
-20.0,-95.0,0.638640941739
-20.0,-90.0,0.646845521288
-20.0,-85.0,0.657655950896
-20.0,-80.0,0.668618970459
-20.0,-75.0,0.68229662767
-20.0,-70.0,0.687086372727
-20.0,-65.0,0.666217232395
-20.0,-60.0,0.674892180494
-20.0,-55.0,0.674741266832
-20.0,-50.0,0.664747225864
-20.0,-45.0,0.663573269338
-20.0,-40.0,0.651626337507
-20.0,-35.0,0.651732880498
-20.0,-30.0,0.659195438208
-20.0,-25.0,0.650629396314
-20.0,-20.0,0.640682174329
-20.0,-15.0,0.638728704913
-20.0,-10.0,0.645401416365
-20.0,-5.0,0.645790159864
-20.0,0.0,0.637679635174
-20.0,5.0,0.635981055478
-20.0,10.0,0.641580512383
-20.0,15.0,0.646449868576
-20.0,20.0,0.650932338866
-20.0,25.0,0.651837802637
-20.0,30.0,0.663086482726
-20.0,35.0,0.670620537872
-20.0,40.0,0.670102146688
-20.0,45.0,0.680066255709
-20.0,50.0,0.672684568256
-20.0,55.0,0.668013413107
-20.0,60.0,0.666879732975
-20.0,65.0,0.663977357567
-20.0,70.0,0.661746021196
-20.0,75.0,0.647492445312
-20.0,80.0,0.651053214653
-20.0,85.0,0.649080279637
-20.0,90.0,0.633504440464
-20.0,95.0,0.642381818502
-20.0,100.0,0.644572763062
-15.0,-100.0,0.644318513884
-15.0,-95.0,0.643855811652
-15.0,-90.0,0.65241696124
-15.0,-85.0,0.666985664594
-15.0,-80.0,0.67112815073
-15.0,-75.0,0.677089164562
-15.0,-70.0,0.666337118341
-15.0,-65.0,0.658435930789
-15.0,-60.0,0.666398873761
-15.0,-55.0,0.667670187364
-15.0,-50.0,0.66493795738
-15.0,-45.0,0.655279755213
-15.0,-40.0,0.641782125009
-15.0,-35.0,0.646368493122
-15.0,-30.0,0.64117349917
-15.0,-25.0,0.639042027651
-15.0,-20.0,0.632878077963
-15.0,-15.0,0.633574607328
-15.0,-10.0,0.629961298089
-15.0,-5.0,0.631687219758
-15.0,0.0,0.639770915159
-15.0,5.0,0.635120960105
-15.0,10.0,0.652271115496
-15.0,15.0,0.656474307066
-15.0,20.0,0.653825452737
-15.0,25.0,0.662462996753
-15.0,30.0,0.670334045603
-15.0,35.0,0.667412006472
-15.0,40.0,0.672298404735
-15.0,45.0,0.671169477938
-15.0,50.0,0.664010057177
-15.0,55.0,0.672330460847
-15.0,60.0,0.674286148674
-15.0,65.0,0.666118620013
-15.0,70.0,0.660889424486
-15.0,75.0,0.650979405305
-15.0,80.0,0.652707405925
-15.0,85.0,0.652025105325
-15.0,90.0,0.632963300406
-15.0,95.0,0.639860440182
-15.0,100.0,0.644318513884
-10.0,-100.0,0.65250738768
-10.0,-95.0,0.649346248451
-10.0,-90.0,0.657939662202
-10.0,-85.0,0.664143099618
-10.0,-80.0,0.668857502309
-10.0,-75.0,0.657171872327
-10.0,-70.0,0.65067160145
-10.0,-65.0,0.658275648425
-10.0,-60.0,0.659559210958
-10.0,-55.0,0.662592129479
-10.0,-50.0,0.666641549325
-10.0,-45.0,0.656786547867
-10.0,-40.0,0.642495786156
-10.0,-35.0,0.644947147476
-10.0,-30.0,0.638660400823
-10.0,-25.0,0.636902173314
-10.0,-20.0,0.637072583506
-10.0,-15.0,0.63794991697
-10.0,-10.0,0.63056494081
-10.0,-5.0,0.631770781496
-10.0,0.0,0.644362389294
-10.0,5.0,0.647394530013
-10.0,10.0,0.655557773644
-10.0,15.0,0.649049564532
-10.0,20.0,0.647053037006
-10.0,25.0,0.661982397976
-10.0,30.0,0.674104483161
-10.0,35.0,0.667059752106
-10.0,40.0,0.670158357996
-10.0,45.0,0.678864159515
-10.0,50.0,0.686682912226
-10.0,55.0,0.679787408287
-10.0,60.0,0.671472677292
-10.0,65.0,0.665349497189
-10.0,70.0,0.661597284247
-10.0,75.0,0.652260466362
-10.0,80.0,0.652388178614
-10.0,85.0,0.661478337146
-10.0,90.0,0.648774167154
-10.0,95.0,0.653780030163
-10.0,100.0,0.65250738768
-5.0,-100.0,0.660540175236
-5.0,-95.0,0.658556901191
-5.0,-90.0,0.65128287414
-5.0,-85.0,0.658166227796
-5.0,-80.0,0.65603527955
-5.0,-75.0,0.6508045068
-5.0,-70.0,0.657800090877
-5.0,-65.0,0.677350088695
-5.0,-60.0,0.675864615097
-5.0,-55.0,0.664899944012
-5.0,-50.0,0.657371550637
-5.0,-45.0,0.646551174308
-5.0,-40.0,0.64281563088
-5.0,-35.0,0.64856595714
-5.0,-30.0,0.635780632644
-5.0,-25.0,0.64089782066
-5.0,-20.0,0.63786166402
-5.0,-15.0,0.644311727677
-5.0,-10.0,0.638794980564
-5.0,-5.0,0.640541652838
-5.0,0.0,0.649808571156
-5.0,5.0,0.654131629451
-5.0,10.0,0.661704473555
-5.0,15.0,0.661129246366
-5.0,20.0,0.664539223936
-5.0,25.0,0.674028159732
-5.0,30.0,0.66699034663
-5.0,35.0,0.654437196924
-5.0,40.0,0.666856620802
-5.0,45.0,0.679010680598
-5.0,50.0,0.687534928367
-5.0,55.0,0.67581240807
-5.0,60.0,0.670981718318
-5.0,65.0,0.66232278983
-5.0,70.0,0.665206409033
-5.0,75.0,0.669495276089
-5.0,80.0,0.665560216979
-5.0,85.0,0.669776055398
-5.0,90.0,0.664339797473
-5.0,95.0,0.663749672712
-5.0,100.0,0.660540175235
0.0,-100.0,0.652547429535
0.0,-95.0,0.657821493178
0.0,-90.0,0.656939429909
0.0,-85.0,0.665981574529
0.0,-80.0,0.665029438026
0.0,-75.0,0.664009797894
0.0,-70.0,0.652836299099
0.0,-65.0,0.669429690369
0.0,-60.0,0.689706892267
0.0,-55.0,0.67302316163
0.0,-50.0,0.665568436782
0.0,-45.0,0.658834104319
0.0,-40.0,0.653911004673
0.0,-35.0,0.645589024697
0.0,-30.0,0.631841656786
0.0,-25.0,0.641472969674
0.0,-20.0,0.639403680627
0.0,-15.0,0.640463081097
0.0,-10.0,0.642185464532
0.0,-5.0,0.636710527798
0.0,0.0,0.648997727191
0.0,5.0,0.65482867621
0.0,10.0,0.661631211312
0.0,15.0,0.670968832838
0.0,20.0,0.672292456263
0.0,25.0,0.671292368995
0.0,30.0,0.659153256905
0.0,35.0,0.652528022776
0.0,40.0,0.664241621587
0.0,45.0,0.667095093289
0.0,50.0,0.675307654232
0.0,55.0,0.68488030608
0.0,60.0,0.679227632263
0.0,65.0,0.661044244695
0.0,70.0,0.663216584916
0.0,75.0,0.670107121733
0.0,80.0,0.664221114382
0.0,85.0,0.659756100497
0.0,90.0,0.659456414053
0.0,95.0,0.653214024841
0.0,100.0,0.652547429535
5.0,-100.0,0.656654543234
5.0,-95.0,0.652178390716
5.0,-90.0,0.661746578474
5.0,-85.0,0.667383513092
5.0,-80.0,0.662499289146
5.0,-75.0,0.665981337166
5.0,-70.0,0.660013742792
5.0,-65.0,0.668524898969
5.0,-60.0,0.685180430488
5.0,-55.0,0.666662068322
5.0,-50.0,0.665257807434
5.0,-45.0,0.663059571844
5.0,-40.0,0.647672118699
5.0,-35.0,0.653348243321
5.0,-30.0,0.640643122512
5.0,-25.0,0.639712018269
5.0,-20.0,0.644345388125
5.0,-15.0,0.639152790966
5.0,-10.0,0.637442450748
5.0,-5.0,0.635984943839
5.0,0.0,0.655254201015
5.0,5.0,0.660198287549
5.0,10.0,0.658622469298
5.0,15.0,0.660191829514
5.0,20.0,0.662270096552
5.0,25.0,0.67072228907
5.0,30.0,0.667850405655
5.0,35.0,0.656849719771
5.0,40.0,0.662551694145
5.0,45.0,0.67663487613
5.0,50.0,0.686937273025
5.0,55.0,0.694174142695
5.0,60.0,0.688353275215
5.0,65.0,0.672088469565
5.0,70.0,0.675823787209
5.0,75.0,0.676169149289
5.0,80.0,0.668410968626
5.0,85.0,0.668605632545
5.0,90.0,0.667608305616
5.0,95.0,0.663886862032
5.0,100.0,0.656654543234
10.0,-100.0,0.662203516791
10.0,-95.0,0.658676950564
10.0,-90.0,0.674143731127
10.0,-85.0,0.670519387915
10.0,-80.0,0.651702412605
10.0,-75.0,0.650371305934
10.0,-70.0,0.661387379457
10.0,-65.0,0.663216703171
10.0,-60.0,0.66578299474
10.0,-55.0,0.669185292777
10.0,-50.0,0.663326388344
10.0,-45.0,0.661867193998
10.0,-40.0,0.662327516146
10.0,-35.0,0.655717530023
10.0,-30.0,0.65248969352
10.0,-25.0,0.655902031536
10.0,-20.0,0.649742547771
10.0,-15.0,0.645629114112
10.0,-10.0,0.64542330314
10.0,-5.0,0.647392384238
10.0,0.0,0.653966041521
10.0,5.0,0.653551309133
10.0,10.0,0.655329094872
10.0,15.0,0.660805330215
10.0,20.0,0.660141697437
10.0,25.0,0.670039512044
10.0,30.0,0.663301169241
10.0,35.0,0.662219758978
10.0,40.0,0.669662203799
10.0,45.0,0.688421158371
10.0,50.0,0.690616338752
10.0,55.0,0.690623273637
10.0,60.0,0.687910971549
10.0,65.0,0.680387005011
10.0,70.0,0.679079505693
10.0,75.0,0.679826586704
10.0,80.0,0.668350633752
10.0,85.0,0.677398867598
10.0,90.0,0.676215367703
10.0,95.0,0.676654479288
10.0,100.0,0.662203516791
15.0,-100.0,0.651308693052
15.0,-95.0,0.656718534402
15.0,-90.0,0.666310297121
15.0,-85.0,0.659984678952
15.0,-80.0,0.647352564134
15.0,-75.0,0.649798228111
15.0,-70.0,0.65193784674
15.0,-65.0,0.655522264048
15.0,-60.0,0.661775496043
15.0,-55.0,0.665061368862
15.0,-50.0,0.659885420052
15.0,-45.0,0.666682379725
15.0,-40.0,0.676111517955
15.0,-35.0,0.654865591381
15.0,-30.0,0.645672361452
15.0,-25.0,0.651557327666
15.0,-20.0,0.648045870452
15.0,-15.0,0.649147455231
15.0,-10.0,0.647778741417
15.0,-5.0,0.649247377094
15.0,0.0,0.656311218911
15.0,5.0,0.654907766096
15.0,10.0,0.654299877832
15.0,15.0,0.663833118261
15.0,20.0,0.673389600177
15.0,25.0,0.665014024685
15.0,30.0,0.661001350978
15.0,35.0,0.664904305224
15.0,40.0,0.669733650742
15.0,45.0,0.684730408606
15.0,50.0,0.690465017283
15.0,55.0,0.689679058028
15.0,60.0,0.681231878352
15.0,65.0,0.677210191843
15.0,70.0,0.66708348473
15.0,75.0,0.671376037011
15.0,80.0,0.663576582501
15.0,85.0,0.677424240281
15.0,90.0,0.6838875251
15.0,95.0,0.667467447715
15.0,100.0,0.651308693052
20.0,-100.0,0.661653572088
20.0,-95.0,0.666857557721
20.0,-90.0,0.66070101126
20.0,-85.0,0.649713377017
20.0,-80.0,0.65217978317
20.0,-75.0,0.6441223286
20.0,-70.0,0.641794854755
20.0,-65.0,0.645570065783
20.0,-60.0,0.64642636281
20.0,-55.0,0.653587365549
20.0,-50.0,0.655814165429
20.0,-45.0,0.661019264611
20.0,-40.0,0.670671449533
20.0,-35.0,0.660374618034
20.0,-30.0,0.648419665326
20.0,-25.0,0.652225055567
20.0,-20.0,0.646324886302
20.0,-15.0,0.646969714825
20.0,-10.0,0.64645868737
20.0,-5.0,0.656320449079
20.0,0.0,0.671657977629
20.0,5.0,0.672147976024
20.0,10.0,0.658666680308
20.0,15.0,0.654752221844
20.0,20.0,0.664600147981
20.0,25.0,0.665123685663
20.0,30.0,0.672015988838
20.0,35.0,0.678166974893
20.0,40.0,0.678123880116
20.0,45.0,0.686762230157
20.0,50.0,0.675160690892
20.0,55.0,0.682565038491
20.0,60.0,0.683835727428
20.0,65.0,0.67786024497
20.0,70.0,0.673265622589
20.0,75.0,0.669499171416
20.0,80.0,0.675056875458
20.0,85.0,0.677464526557
20.0,90.0,0.679800344808
20.0,95.0,0.672566704
20.0,100.0,0.661653572088
25.0,-100.0,0.66844311904
25.0,-95.0,0.66746329554
25.0,-90.0,0.661351198598
25.0,-85.0,0.654399190377
25.0,-80.0,0.644513768381
25.0,-75.0,0.649156173365
25.0,-70.0,0.644263900026
25.0,-65.0,0.64612480069
25.0,-60.0,0.653060723029
25.0,-55.0,0.65381335666
25.0,-50.0,0.658016018431
25.0,-45.0,0.664437226668
25.0,-40.0,0.652622222144
25.0,-35.0,0.642588126738
25.0,-30.0,0.648061352805
25.0,-25.0,0.655999205759
25.0,-20.0,0.653177331107
25.0,-15.0,0.648133269623
25.0,-10.0,0.654735833455
25.0,-5.0,0.666265353294
25.0,0.0,0.668880219093
25.0,5.0,0.664023144796
25.0,10.0,0.667835646244
25.0,15.0,0.658504258709
25.0,20.0,0.663308260872
25.0,25.0,0.675881165289
25.0,30.0,0.676310217834
25.0,35.0,0.680076244826
25.0,40.0,0.687695544301
25.0,45.0,0.686067539908
25.0,50.0,0.686432011235
25.0,55.0,0.683864946218
25.0,60.0,0.681767438032
25.0,65.0,0.666739131832
25.0,70.0,0.676887771532
25.0,75.0,0.671152353935
25.0,80.0,0.665148167177
25.0,85.0,0.668435317965
25.0,90.0,0.675484804729
25.0,95.0,0.674891372035
25.0,100.0,0.66844311904
30.0,-100.0,0.668634261382
30.0,-95.0,0.660729301269
30.0,-90.0,0.664667054383
30.0,-85.0,0.659305949542
30.0,-80.0,0.649723064436
30.0,-75.0,0.661126274846
30.0,-70.0,0.657547324569
30.0,-65.0,0.649010055118
30.0,-60.0,0.660007143329
30.0,-55.0,0.654667197024
30.0,-50.0,0.65533642279
30.0,-45.0,0.656160264991
30.0,-40.0,0.647953789904
30.0,-35.0,0.644341601807
30.0,-30.0,0.643487322078
30.0,-25.0,0.641723103922
30.0,-20.0,0.64990430388
30.0,-15.0,0.652519445568
30.0,-10.0,0.653933517471
30.0,-5.0,0.663768084285
30.0,0.0,0.6675858249
30.0,5.0,0.659397347357
30.0,10.0,0.67268279734
30.0,15.0,0.668209467657
30.0,20.0,0.675636382826
30.0,25.0,0.681168962637
30.0,30.0,0.670417554288
30.0,35.0,0.683314313586
30.0,40.0,0.694058967795
30.0,45.0,0.690705845161
30.0,50.0,0.68095687743
30.0,55.0,0.680686184264
30.0,60.0,0.680949669644
30.0,65.0,0.661362058045
30.0,70.0,0.665329302203
30.0,75.0,0.667169470924
30.0,80.0,0.668864531402
30.0,85.0,0.674518378525
30.0,90.0,0.682157721602
30.0,95.0,0.682714672433
30.0,100.0,0.668634261382
35.0,-100.0,0.66161341657
35.0,-95.0,0.668960594872
35.0,-90.0,0.665831254222
35.0,-85.0,0.658299514909
35.0,-80.0,0.648536948717
35.0,-75.0,0.66031248452
35.0,-70.0,0.655460867848
35.0,-65.0,0.654264145935
35.0,-60.0,0.663684017543
35.0,-55.0,0.660088825789
35.0,-50.0,0.656021395269
35.0,-45.0,0.6524830168
35.0,-40.0,0.646146394963
35.0,-35.0,0.645479935258
35.0,-30.0,0.6401425187
35.0,-25.0,0.641437991916
35.0,-20.0,0.652472850537
35.0,-15.0,0.653327812616
35.0,-10.0,0.660769352004
35.0,-5.0,0.675551142595
35.0,0.0,0.668673435638
35.0,5.0,0.666210701026
35.0,10.0,0.671387618544
35.0,15.0,0.680020328825
35.0,20.0,0.68143302749
35.0,25.0,0.674596123517
35.0,30.0,0.682118607392
35.0,35.0,0.686961680935
35.0,40.0,0.689269568419
35.0,45.0,0.689285301936
35.0,50.0,0.691954284415
35.0,55.0,0.692390173671
35.0,60.0,0.689590012327
35.0,65.0,0.682109169464
35.0,70.0,0.667440667769
35.0,75.0,0.669637142231
35.0,80.0,0.676471382145
35.0,85.0,0.677194929999
35.0,90.0,0.674415581749
35.0,95.0,0.67053979304
35.0,100.0,0.66161341657
40.0,-100.0,0.663960158592
40.0,-95.0,0.676403270923
40.0,-90.0,0.663730674545
40.0,-85.0,0.656402738539
40.0,-80.0,0.652445310125
40.0,-75.0,0.65434667156
40.0,-70.0,0.656002317855
40.0,-65.0,0.659896966524
40.0,-60.0,0.659469597346
40.0,-55.0,0.645754575142
40.0,-50.0,0.653776040869
40.0,-45.0,0.654824406496
40.0,-40.0,0.64145292361
40.0,-35.0,0.633019714151
40.0,-30.0,0.63397062038
40.0,-25.0,0.648210004627
40.0,-20.0,0.644444442301
40.0,-15.0,0.643625403544
40.0,-10.0,0.655736748035
40.0,-5.0,0.663850342928
40.0,0.0,0.655354225678
40.0,5.0,0.660401127319
40.0,10.0,0.667698580629
40.0,15.0,0.678252840852
40.0,20.0,0.686336836303
40.0,25.0,0.679071158458
40.0,30.0,0.688621347354
40.0,35.0,0.691608242815
40.0,40.0,0.693754043871
40.0,45.0,0.685342097043
40.0,50.0,0.680627242758
40.0,55.0,0.685114301058
40.0,60.0,0.687337856339
40.0,65.0,0.687195299462
40.0,70.0,0.674507579294
40.0,75.0,0.683931604486
40.0,80.0,0.676564410147
40.0,85.0,0.664477244337
40.0,90.0,0.674194094569
40.0,95.0,0.674732067948
40.0,100.0,0.663960158592
45.0,-100.0,0.660980315556
45.0,-95.0,0.665310021697
45.0,-90.0,0.660947646125
45.0,-85.0,0.652937372049
45.0,-80.0,0.649877170987
45.0,-75.0,0.652463861657
45.0,-70.0,0.654241992016
45.0,-65.0,0.661970224334
45.0,-60.0,0.657368025854
45.0,-55.0,0.650868393298
45.0,-50.0,0.63551094311
45.0,-45.0,0.62799579857
45.0,-40.0,0.627608950625
45.0,-35.0,0.635946893929
45.0,-30.0,0.650217318026
45.0,-25.0,0.659060235519
45.0,-20.0,0.660024536061
45.0,-15.0,0.657483539258
45.0,-10.0,0.658199170318
45.0,-5.0,0.662422044799
45.0,0.0,0.65554810638
45.0,5.0,0.660603232422
45.0,10.0,0.675816140726
45.0,15.0,0.677396629205
45.0,20.0,0.682951545394
45.0,25.0,0.681286526704
45.0,30.0,0.685216331017
45.0,35.0,0.6868716025
45.0,40.0,0.691349910694
45.0,45.0,0.670208498051
45.0,50.0,0.674586891835
45.0,55.0,0.682100497037
45.0,60.0,0.673983509426
45.0,65.0,0.679718352805
45.0,70.0,0.682700171761
45.0,75.0,0.680602969052
45.0,80.0,0.666407485746
45.0,85.0,0.663469291105
45.0,90.0,0.669357942735
45.0,95.0,0.666788905913
45.0,100.0,0.660980315556
50.0,-100.0,0.668667508988
50.0,-95.0,0.67077624204
50.0,-90.0,0.666315076728
50.0,-85.0,0.654491957288
50.0,-80.0,0.657703379829
50.0,-75.0,0.664744950999
50.0,-70.0,0.658885725365
50.0,-65.0,0.655610119666
50.0,-60.0,0.650769147524
50.0,-55.0,0.660178633912
50.0,-50.0,0.646445893675
50.0,-45.0,0.631386217409
50.0,-40.0,0.625790379774
50.0,-35.0,0.639997341058
50.0,-30.0,0.65632479731
50.0,-25.0,0.65604910637
50.0,-20.0,0.655720304752
50.0,-15.0,0.652313727178
50.0,-10.0,0.662490742665
50.0,-5.0,0.654076061926
50.0,0.0,0.65454537473
50.0,5.0,0.667841321337
50.0,10.0,0.679997457172
50.0,15.0,0.677221033834
50.0,20.0,0.68104421757
50.0,25.0,0.687411205501
50.0,30.0,0.682655240165
50.0,35.0,0.687748755058
50.0,40.0,0.698457231532
50.0,45.0,0.681114996462
50.0,50.0,0.681905447739
50.0,55.0,0.683833549911
50.0,60.0,0.682175751939
50.0,65.0,0.679727677165
50.0,70.0,0.678087403978
50.0,75.0,0.676094263304
50.0,80.0,0.671161315696
50.0,85.0,0.673927201979
50.0,90.0,0.670607088547
50.0,95.0,0.669651930717
50.0,100.0,0.668667508988
55.0,-100.0,0.677081963388
55.0,-95.0,0.669839949514
55.0,-90.0,0.665753929844
55.0,-85.0,0.651504176245
55.0,-80.0,0.656169227976
55.0,-75.0,0.66245235156
55.0,-70.0,0.662353420989
55.0,-65.0,0.651066539385
55.0,-60.0,0.643710334211
55.0,-55.0,0.64852070224
55.0,-50.0,0.635190746594
55.0,-45.0,0.637295597909
55.0,-40.0,0.640118158267
55.0,-35.0,0.640969001909
55.0,-30.0,0.651591549638
55.0,-25.0,0.653840501896
55.0,-20.0,0.660051770295
55.0,-15.0,0.654448494729
55.0,-10.0,0.667259153175
55.0,-5.0,0.66540191779
55.0,0.0,0.663739071414
55.0,5.0,0.666732289153
55.0,10.0,0.669068885072
55.0,15.0,0.664428106248
55.0,20.0,0.678895147569
55.0,25.0,0.687792177904
55.0,30.0,0.682593432618
55.0,35.0,0.683569404791
55.0,40.0,0.682494019638
55.0,45.0,0.68776400059
55.0,50.0,0.690058615717
55.0,55.0,0.682380546129
55.0,60.0,0.687635746872
55.0,65.0,0.673848205084
55.0,70.0,0.672333301047
55.0,75.0,0.681060750013
55.0,80.0,0.686732118485
55.0,85.0,0.684491789488
55.0,90.0,0.678922464101
55.0,95.0,0.67432786042
55.0,100.0,0.677081963389
60.0,-100.0,0.677385759226
60.0,-95.0,0.66534918549
60.0,-90.0,0.656500986099
60.0,-85.0,0.654429676127
60.0,-80.0,0.655377787204
60.0,-75.0,0.652529134333
60.0,-70.0,0.654458355484
60.0,-65.0,0.646425804864
60.0,-60.0,0.635600241488
60.0,-55.0,0.64415540069
60.0,-50.0,0.637467436177
60.0,-45.0,0.651100026867
60.0,-40.0,0.657303278008
60.0,-35.0,0.641235535926
60.0,-30.0,0.642262045402
60.0,-25.0,0.658251282488
60.0,-20.0,0.665829504695
60.0,-15.0,0.661472018016
60.0,-10.0,0.662393953042
60.0,-5.0,0.673318023157
60.0,0.0,0.667363806126
60.0,5.0,0.663645813499
60.0,10.0,0.662230384127
60.0,15.0,0.664743089791
60.0,20.0,0.674860652856
60.0,25.0,0.673389220821
60.0,30.0,0.676252179669
60.0,35.0,0.677993247463
60.0,40.0,0.679776821614
60.0,45.0,0.686451725488
60.0,50.0,0.683625305089
60.0,55.0,0.669712655421
60.0,60.0,0.672359420752
60.0,65.0,0.678214771135
60.0,70.0,0.673863185302
60.0,75.0,0.678895437649
60.0,80.0,0.684633045703
60.0,85.0,0.674115228212
60.0,90.0,0.675837346167
60.0,95.0,0.671439065657
60.0,100.0,0.677385759226
65.0,-100.0,0.661444061033
65.0,-95.0,0.65776752838
65.0,-90.0,0.652105988131
65.0,-85.0,0.653552723566
65.0,-80.0,0.646793203705
65.0,-75.0,0.647567219253
65.0,-70.0,0.644036453464
65.0,-65.0,0.65848847363
65.0,-60.0,0.656563530091
65.0,-55.0,0.643040377837
65.0,-50.0,0.639196749203
65.0,-45.0,0.649045944204
65.0,-40.0,0.650855667673
65.0,-35.0,0.643341588339
65.0,-30.0,0.643006368674
65.0,-25.0,0.651214248882
65.0,-20.0,0.653998963497
65.0,-15.0,0.658394045037
65.0,-10.0,0.664914691182
65.0,-5.0,0.664592695706
65.0,0.0,0.66075213232
65.0,5.0,0.655312546502
65.0,10.0,0.663000021383
65.0,15.0,0.665747617676
65.0,20.0,0.662421077735
65.0,25.0,0.665616876112
65.0,30.0,0.663387676604
65.0,35.0,0.667271761134
65.0,40.0,0.674015826135
65.0,45.0,0.668822518151
65.0,50.0,0.668230907183
65.0,55.0,0.658594230515
65.0,60.0,0.666681799499
65.0,65.0,0.672623828031
65.0,70.0,0.66906246151
65.0,75.0,0.667372434755
65.0,80.0,0.659445799808
65.0,85.0,0.671743300294
65.0,90.0,0.671096636222
65.0,95.0,0.664715393091
65.0,100.0,0.661444061033
70.0,-100.0,0.638248177919
70.0,-95.0,0.637470633877
70.0,-90.0,0.635210193368
70.0,-85.0,0.637884124977
70.0,-80.0,0.636457755082
70.0,-75.0,0.643351481494
70.0,-70.0,0.636845611613
70.0,-65.0,0.648160341388
70.0,-60.0,0.644532723734
70.0,-55.0,0.637795607256
70.0,-50.0,0.640582888744
70.0,-45.0,0.645241321756
70.0,-40.0,0.637195578824
70.0,-35.0,0.637093764231
70.0,-30.0,0.648225951328
70.0,-25.0,0.647637816764
70.0,-20.0,0.647789108956
70.0,-15.0,0.664669914676
70.0,-10.0,0.664375052031
70.0,-5.0,0.653825365073
70.0,0.0,0.670007312722
70.0,5.0,0.663484735925
70.0,10.0,0.662761041694
70.0,15.0,0.668679884484
70.0,20.0,0.655464318201
70.0,25.0,0.657174871418
70.0,30.0,0.655729119077
70.0,35.0,0.654898088854
70.0,40.0,0.657585345804
70.0,45.0,0.64788548818
70.0,50.0,0.659030063924
70.0,55.0,0.665033198211
70.0,60.0,0.664981946868
70.0,65.0,0.674285226618
70.0,70.0,0.668976544297
70.0,75.0,0.663020314159
70.0,80.0,0.64125608121
70.0,85.0,0.656910489281
70.0,90.0,0.651365435241
70.0,95.0,0.65050189538
70.0,100.0,0.638248177919
75.0,-100.0,0.630235327162
75.0,-95.0,0.626382992074
75.0,-90.0,0.62355125239
75.0,-85.0,0.634783294813
75.0,-80.0,0.644948925932
75.0,-75.0,0.648827266011
75.0,-70.0,0.643666578573
75.0,-65.0,0.626680245082
75.0,-60.0,0.631291018831
75.0,-55.0,0.638920917261
75.0,-50.0,0.641192269838
75.0,-45.0,0.641302118773
75.0,-40.0,0.635511009874
75.0,-35.0,0.640719149113
75.0,-30.0,0.652657197109
75.0,-25.0,0.651456750517
75.0,-20.0,0.666467018336
75.0,-15.0,0.666231446847
75.0,-10.0,0.654165285963
75.0,-5.0,0.656968997365
75.0,0.0,0.67385903413
75.0,5.0,0.654194635153
75.0,10.0,0.646525731808
75.0,15.0,0.655458429172
75.0,20.0,0.646563183874
75.0,25.0,0.653146256781
75.0,30.0,0.656337483218
75.0,35.0,0.644141950051
75.0,40.0,0.646877205744
75.0,45.0,0.649118247361
75.0,50.0,0.661756864057
75.0,55.0,0.676491356379
75.0,60.0,0.661710582137
75.0,65.0,0.658578924263
75.0,70.0,0.658368756936
75.0,75.0,0.661873788912
75.0,80.0,0.645481325132
75.0,85.0,0.633462090429
75.0,90.0,0.63840426915
75.0,95.0,0.645600822381
75.0,100.0,0.630235327162
80.0,-100.0,0.632455329526
80.0,-95.0,0.627451097542
80.0,-90.0,0.628105329291
80.0,-85.0,0.625072797656
80.0,-80.0,0.631204935371
80.0,-75.0,0.636709644101
80.0,-70.0,0.641710757794
80.0,-65.0,0.622294640175
80.0,-60.0,0.626110042307
80.0,-55.0,0.63440602201
80.0,-50.0,0.630211481793
80.0,-45.0,0.634636591246
80.0,-40.0,0.639721994755
80.0,-35.0,0.639816259736
80.0,-30.0,0.649859525399
80.0,-25.0,0.643563874735
80.0,-20.0,0.653348504251
80.0,-15.0,0.665451798439
80.0,-10.0,0.670287106252
80.0,-5.0,0.665497565749
80.0,0.0,0.665125260282
80.0,5.0,0.651628854039
80.0,10.0,0.649874587664
80.0,15.0,0.655301915454
80.0,20.0,0.650741926475
80.0,25.0,0.65236241969
80.0,30.0,0.652077222034
80.0,35.0,0.645503028571
80.0,40.0,0.649967028137
80.0,45.0,0.651384577623
80.0,50.0,0.647932999507
80.0,55.0,0.653700361227
80.0,60.0,0.652049812324
80.0,65.0,0.651398792661
80.0,70.0,0.649929404802
80.0,75.0,0.648932319356
80.0,80.0,0.650217598035
80.0,85.0,0.647281888359
80.0,90.0,0.652964093329
80.0,95.0,0.644624208672
80.0,100.0,0.632455329526
85.0,-100.0,0.637776788876
85.0,-95.0,0.630289660184
85.0,-90.0,0.631376244514
85.0,-85.0,0.619171823574
85.0,-80.0,0.612833237061
85.0,-75.0,0.621104960213
85.0,-70.0,0.637671888483
85.0,-65.0,0.629646184061
85.0,-60.0,0.631297680424
85.0,-55.0,0.640944900926
85.0,-50.0,0.63621342452
85.0,-45.0,0.633145510678
85.0,-40.0,0.640898112201
85.0,-35.0,0.647419523728
85.0,-30.0,0.651016496027
85.0,-25.0,0.656595410243
85.0,-20.0,0.657781043564
85.0,-15.0,0.655890070899
85.0,-10.0,0.657013142827
85.0,-5.0,0.660956953737
85.0,0.0,0.669413554171
85.0,5.0,0.666288061988
85.0,10.0,0.664260800875
85.0,15.0,0.663466327462
85.0,20.0,0.656988541176
85.0,25.0,0.654658649707
85.0,30.0,0.654542411163
85.0,35.0,0.645329084876
85.0,40.0,0.6462534113
85.0,45.0,0.64667287276
85.0,50.0,0.635299354789
85.0,55.0,0.637693216201
85.0,60.0,0.648191582364
85.0,65.0,0.646235921842
85.0,70.0,0.636597855159
85.0,75.0,0.627773226733
85.0,80.0,0.634924510007
85.0,85.0,0.640712930405
85.0,90.0,0.636919943851
85.0,95.0,0.628982823799
85.0,100.0,0.637776788876
90.0,-100.0,0.628875196953
90.0,-95.0,0.622339007624
90.0,-90.0,0.612631834411
90.0,-85.0,0.618586392983
90.0,-80.0,0.616961442014
90.0,-75.0,0.62643713255
90.0,-70.0,0.630369969278
90.0,-65.0,0.622346967829
90.0,-60.0,0.621543791047
90.0,-55.0,0.646626730004
90.0,-50.0,0.645982853371
90.0,-45.0,0.64323338064
90.0,-40.0,0.644330947958
90.0,-35.0,0.647680823974
90.0,-30.0,0.650587459181
90.0,-25.0,0.653823247415
90.0,-20.0,0.661864321774
90.0,-15.0,0.662811549718
90.0,-10.0,0.654563255744
90.0,-5.0,0.661997494439
90.0,0.0,0.665560542208
90.0,5.0,0.666500591593
90.0,10.0,0.667690296274
90.0,15.0,0.677140567947
90.0,20.0,0.664965518673
90.0,25.0,0.655747260983
90.0,30.0,0.652636855268
90.0,35.0,0.652090878943
90.0,40.0,0.649855409963
90.0,45.0,0.651839358022
90.0,50.0,0.646191646453
90.0,55.0,0.649374060851
90.0,60.0,0.642789429524
90.0,65.0,0.633051386295
90.0,70.0,0.621759741702
90.0,75.0,0.612034201571
90.0,80.0,0.620029563101
90.0,85.0,0.633400399485
90.0,90.0,0.628870202029
90.0,95.0,0.619904402271
90.0,100.0,0.628875196953
95.0,-100.0,0.616277531755
95.0,-95.0,0.616833836559
95.0,-90.0,0.614863941376
95.0,-85.0,0.617139124413
95.0,-80.0,0.61088013451
95.0,-75.0,0.61534297535
95.0,-70.0,0.625969517786
95.0,-65.0,0.626329068561
95.0,-60.0,0.621306885989
95.0,-55.0,0.638703806288
95.0,-50.0,0.642615910399
95.0,-45.0,0.652506723011
95.0,-40.0,0.649934188122
95.0,-35.0,0.64594595813
95.0,-30.0,0.662469163811
95.0,-25.0,0.663913459406
95.0,-20.0,0.663760216411
95.0,-15.0,0.665191520658
95.0,-10.0,0.656482903429
95.0,-5.0,0.664918539374
95.0,0.0,0.666962932898
95.0,5.0,0.660705495782
95.0,10.0,0.667012452474
95.0,15.0,0.673699063221
95.0,20.0,0.664343193288
95.0,25.0,0.659366554838
95.0,30.0,0.650290739005
95.0,35.0,0.651467692107
95.0,40.0,0.660569397318
95.0,45.0,0.656511176699
95.0,50.0,0.639141494015
95.0,55.0,0.638219372348
95.0,60.0,0.633266783947
95.0,65.0,0.633169929909
95.0,70.0,0.622956807461
95.0,75.0,0.605263416657
95.0,80.0,0.609644889114
95.0,85.0,0.620954066687
95.0,90.0,0.621024202894
95.0,95.0,0.618712720057
95.0,100.0,0.616277531755
100.0,-100.0,0.623488183848
100.0,-95.0,0.622178870321
100.0,-90.0,0.61333069694
100.0,-85.0,0.616152728831
100.0,-80.0,0.606028021137
100.0,-75.0,0.595359617753
100.0,-70.0,0.622067266832
100.0,-65.0,0.634105721611
100.0,-60.0,0.632649007776
100.0,-55.0,0.638334965449
100.0,-50.0,0.645618990396
100.0,-45.0,0.645670023949
100.0,-40.0,0.643395239513
100.0,-35.0,0.641018504127
100.0,-30.0,0.655108317561
100.0,-25.0,0.663291993188
100.0,-20.0,0.655753450914
100.0,-15.0,0.6519150458
100.0,-10.0,0.654111667097
100.0,-5.0,0.658724804114
100.0,0.0,0.664032283892
100.0,5.0,0.661465455724
100.0,10.0,0.672171207368
100.0,15.0,0.674428459926
100.0,20.0,0.654578648962
100.0,25.0,0.644712791181
100.0,30.0,0.647945368173
100.0,35.0,0.657402513776
100.0,40.0,0.652146463494
100.0,45.0,0.652533843998
100.0,50.0,0.637862725556
100.0,55.0,0.625783337395
100.0,60.0,0.628579599532
100.0,65.0,0.637479634039
100.0,70.0,0.621495232823
100.0,75.0,0.606976464348
100.0,80.0,0.613038877585
100.0,85.0,0.609895451648
100.0,90.0,0.611612081621
100.0,95.0,0.622807164293
100.0,100.0,0.623488183848
