-100.0,-100.0,0.656366649592
-100.0,-95.0,0.656697393335
-100.0,-90.0,0.656068519557
-100.0,-85.0,0.657135022405
-100.0,-80.0,0.655251857221
-100.0,-75.0,0.652339504305
-100.0,-70.0,0.649990473068
-100.0,-65.0,0.652241141461
-100.0,-60.0,0.651196684811
-100.0,-55.0,0.652044131726
-100.0,-50.0,0.652178770394
-100.0,-45.0,0.651249401256
-100.0,-40.0,0.652971780072
-100.0,-35.0,0.651940596879
-100.0,-30.0,0.650647203193
-100.0,-25.0,0.652404951574
-100.0,-20.0,0.652356503577
-100.0,-15.0,0.651326662248
-100.0,-10.0,0.64956126438
-100.0,-5.0,0.648414436894
-100.0,0.0,0.647688900171
-100.0,5.0,0.648058154287
-100.0,10.0,0.652572225622
-100.0,15.0,0.650346650841
-100.0,20.0,0.648750390182
-100.0,25.0,0.64712919095
-100.0,30.0,0.649308630849
-100.0,35.0,0.651036566897
-100.0,40.0,0.651493209839
-100.0,45.0,0.652536791633
-100.0,50.0,0.652422308231
-100.0,55.0,0.652925529092
-100.0,60.0,0.655344050523
-100.0,65.0,0.655840387565
-100.0,70.0,0.654231539572
-100.0,75.0,0.654494301402
-100.0,80.0,0.654064738246
-100.0,85.0,0.654899701233
-100.0,90.0,0.657972887525
-100.0,95.0,0.655510265024
-100.0,100.0,0.656366649592
-95.0,-100.0,0.655148307242
-95.0,-95.0,0.654687153598
-95.0,-90.0,0.653801020235
-95.0,-85.0,0.655416986447
-95.0,-80.0,0.655414274676
-95.0,-75.0,0.653341893433
-95.0,-70.0,0.650024266787
-95.0,-65.0,0.648416531034
-95.0,-60.0,0.647482092234
-95.0,-55.0,0.648797855741
-95.0,-50.0,0.648108322687
-95.0,-45.0,0.649558117151
-95.0,-40.0,0.652411832829
-95.0,-35.0,0.653267444183
-95.0,-30.0,0.650437399574
-95.0,-25.0,0.649399295761
-95.0,-20.0,0.651791127035
-95.0,-15.0,0.652105980236
-95.0,-10.0,0.649605484714
-95.0,-5.0,0.648598969993
-95.0,0.0,0.646265773467
-95.0,5.0,0.647658110091
-95.0,10.0,0.650518094259
-95.0,15.0,0.649037315683
-95.0,20.0,0.650303464712
-95.0,25.0,0.650884876263
-95.0,30.0,0.651209863253
-95.0,35.0,0.652503921254
-95.0,40.0,0.652038060734
-95.0,45.0,0.653991287129
-95.0,50.0,0.653476544349
-95.0,55.0,0.652187775084
-95.0,60.0,0.654429266729
-95.0,65.0,0.656800554098
-95.0,70.0,0.65560050848
-95.0,75.0,0.653613019573
-95.0,80.0,0.654192942855
-95.0,85.0,0.655572419076
-95.0,90.0,0.655726988089
-95.0,95.0,0.654820199507
-95.0,100.0,0.655148307242
-90.0,-100.0,0.656059375783
-90.0,-95.0,0.655019043113
-90.0,-90.0,0.655237416286
-90.0,-85.0,0.654587421076
-90.0,-80.0,0.653359289401
-90.0,-75.0,0.651881479068
-90.0,-70.0,0.65023844641
-90.0,-65.0,0.649249576505
-90.0,-60.0,0.647847449946
-90.0,-55.0,0.648801614901
-90.0,-50.0,0.647741287563
-90.0,-45.0,0.648299538958
-90.0,-40.0,0.650675429264
-90.0,-35.0,0.653223393959
-90.0,-30.0,0.650525343984
-90.0,-25.0,0.651395140931
-90.0,-20.0,0.651535389917
-90.0,-15.0,0.64920696985
-90.0,-10.0,0.64775146132
-90.0,-5.0,0.648945582178
-90.0,0.0,0.648225067315
-90.0,5.0,0.648556940079
-90.0,10.0,0.646656539445
-90.0,15.0,0.649256137935
-90.0,20.0,0.651070615751
-90.0,25.0,0.652426471843
-90.0,30.0,0.652293091447
-90.0,35.0,0.653035791156
-90.0,40.0,0.653644626874
-90.0,45.0,0.652821997942
-90.0,50.0,0.652470070029
-90.0,55.0,0.654378371774
-90.0,60.0,0.65440273918
-90.0,65.0,0.655501200686
-90.0,70.0,0.655360814431
-90.0,75.0,0.654504889285
-90.0,80.0,0.654893854432
-90.0,85.0,0.655399176027
-90.0,90.0,0.655081946642
-90.0,95.0,0.656181069211
-90.0,100.0,0.656059375783
-85.0,-100.0,0.655602368828
-85.0,-95.0,0.656215115996
-85.0,-90.0,0.655493329416
-85.0,-85.0,0.654209123479
-85.0,-80.0,0.652091468646
-85.0,-75.0,0.652455448934
-85.0,-70.0,0.651347617753
-85.0,-65.0,0.650207253001
-85.0,-60.0,0.648973000406
-85.0,-55.0,0.647787859809
-85.0,-50.0,0.647931366655
-85.0,-45.0,0.647123264466
-85.0,-40.0,0.649413961656
-85.0,-35.0,0.651676669988
-85.0,-30.0,0.649178534816
-85.0,-25.0,0.650937906566
-85.0,-20.0,0.650917006908
-85.0,-15.0,0.649293349582
-85.0,-10.0,0.648852484141
-85.0,-5.0,0.649774447278
-85.0,0.0,0.649214762671
-85.0,5.0,0.648776309958
-85.0,10.0,0.647465348358
-85.0,15.0,0.64986846282
-85.0,20.0,0.65368653425
-85.0,25.0,0.653165804654
-85.0,30.0,0.652666677506
-85.0,35.0,0.651949512154
-85.0,40.0,0.652642614554
-85.0,45.0,0.652341191561
-85.0,50.0,0.654042861696
-85.0,55.0,0.656967067645
-85.0,60.0,0.656941744482
-85.0,65.0,0.656872049683
-85.0,70.0,0.656442478789
-85.0,75.0,0.655335294995
-85.0,80.0,0.654880377668
-85.0,85.0,0.654623223141
-85.0,90.0,0.654130469229
-85.0,95.0,0.656469897354
-85.0,100.0,0.655602368828
-80.0,-100.0,0.656171286014
-80.0,-95.0,0.657854896006
-80.0,-90.0,0.655840044872
-80.0,-85.0,0.653793877767
-80.0,-80.0,0.651553496655
-80.0,-75.0,0.651310581215
-80.0,-70.0,0.652168489384
-80.0,-65.0,0.650999028696
-80.0,-60.0,0.648738163494
-80.0,-55.0,0.648263620867
-80.0,-50.0,0.649139652945
-80.0,-45.0,0.647977946053
-80.0,-40.0,0.650916788588
-80.0,-35.0,0.652013205399
-80.0,-30.0,0.650332628153
-80.0,-25.0,0.65046902104
-80.0,-20.0,0.650339366667
-80.0,-15.0,0.649690185395
-80.0,-10.0,0.648537669521
-80.0,-5.0,0.64812359328
-80.0,0.0,0.647854397621
-80.0,5.0,0.647629421808
-80.0,10.0,0.648599718727
-80.0,15.0,0.648989536248
-80.0,20.0,0.652098627704
-80.0,25.0,0.652944347661
-80.0,30.0,0.653268830986
-80.0,35.0,0.65309280314
-80.0,40.0,0.653891252281
-80.0,45.0,0.653901453393
-80.0,50.0,0.656269055522
-80.0,55.0,0.656584155168
-80.0,60.0,0.655307195384
-80.0,65.0,0.656090074033
-80.0,70.0,0.655242674435
-80.0,75.0,0.652579664417
-80.0,80.0,0.653254496989
-80.0,85.0,0.653973348994
-80.0,90.0,0.653537805681
-80.0,95.0,0.655025572757
-80.0,100.0,0.656171286014
-75.0,-100.0,0.654098856565
-75.0,-95.0,0.653554463107
-75.0,-90.0,0.653671763486
-75.0,-85.0,0.653441575392
-75.0,-80.0,0.652807891988
-75.0,-75.0,0.651554737121
-75.0,-70.0,0.651400509268
-75.0,-65.0,0.650314671782
-75.0,-60.0,0.650708649808
-75.0,-55.0,0.649750000732
-75.0,-50.0,0.649914166274
-75.0,-45.0,0.650787936563
-75.0,-40.0,0.652902563305
-75.0,-35.0,0.650508666793
-75.0,-30.0,0.652032586962
-75.0,-25.0,0.650635931259
-75.0,-20.0,0.651125091425
-75.0,-15.0,0.651721935536
-75.0,-10.0,0.649161050215
-75.0,-5.0,0.645933373139
-75.0,0.0,0.647163180544
-75.0,5.0,0.649058672245
-75.0,10.0,0.649028785454
-75.0,15.0,0.650480355729
-75.0,20.0,0.650950875347
-75.0,25.0,0.65067798972
-75.0,30.0,0.653915386096
-75.0,35.0,0.653986348498
-75.0,40.0,0.655255849431
-75.0,45.0,0.655077739878
-75.0,50.0,0.656686458219
-75.0,55.0,0.6590385247
-75.0,60.0,0.657129870207
-75.0,65.0,0.655958899671
-75.0,70.0,0.652614948079
-75.0,75.0,0.650917125343
-75.0,80.0,0.651229985206
-75.0,85.0,0.652797090622
-75.0,90.0,0.654918509524
-75.0,95.0,0.656544403527
-75.0,100.0,0.654098856565
-70.0,-100.0,0.654540954756
-70.0,-95.0,0.652538324667
-70.0,-90.0,0.652632688636
-70.0,-85.0,0.653864492267
-70.0,-80.0,0.65304128161
-70.0,-75.0,0.650671974905
-70.0,-70.0,0.650499480374
-70.0,-65.0,0.651906802894
-70.0,-60.0,0.651067423459
-70.0,-55.0,0.648730473588
-70.0,-50.0,0.650032530314
-70.0,-45.0,0.651465203428
-70.0,-40.0,0.65349730602
-70.0,-35.0,0.652879409388
-70.0,-30.0,0.653740891926
-70.0,-25.0,0.651432623856
-70.0,-20.0,0.650822736802
-70.0,-15.0,0.650232354269
-70.0,-10.0,0.648928181754
-70.0,-5.0,0.647812629668
-70.0,0.0,0.648357431381
-70.0,5.0,0.649448897642
-70.0,10.0,0.647891847226
-70.0,15.0,0.650718527064
-70.0,20.0,0.651520018951
-70.0,25.0,0.653065761273
-70.0,30.0,0.655257967187
-70.0,35.0,0.65321069101
-70.0,40.0,0.655240263868
-70.0,45.0,0.655441901974
-70.0,50.0,0.656588313864
-70.0,55.0,0.659119906243
-70.0,60.0,0.65836050615
-70.0,65.0,0.656815864023
-70.0,70.0,0.653917198326
-70.0,75.0,0.652834683988
-70.0,80.0,0.651325760713
-70.0,85.0,0.653444529653
-70.0,90.0,0.655564145879
-70.0,95.0,0.655341312093
-70.0,100.0,0.654540954756
-65.0,-100.0,0.654436366022
-65.0,-95.0,0.65520178196
-65.0,-90.0,0.653509360088
-65.0,-85.0,0.652665228712
-65.0,-80.0,0.653263212347
-65.0,-75.0,0.651071041379
-65.0,-70.0,0.651246281623
-65.0,-65.0,0.652743886114
-65.0,-60.0,0.650785620594
-65.0,-55.0,0.649242134313
-65.0,-50.0,0.650019454298
-65.0,-45.0,0.65144888022
-65.0,-40.0,0.653213539665
-65.0,-35.0,0.652526616334
-65.0,-30.0,0.653402093366
-65.0,-25.0,0.651379099306
-65.0,-20.0,0.648658279969
-65.0,-15.0,0.648362367491
-65.0,-10.0,0.648908925805
-65.0,-5.0,0.648079741775
-65.0,0.0,0.647092091213
-65.0,5.0,0.648782417399
-65.0,10.0,0.648068305372
-65.0,15.0,0.649989394686
-65.0,20.0,0.650825832581
-65.0,25.0,0.652696425833
-65.0,30.0,0.653290792081
-65.0,35.0,0.653999577565
-65.0,40.0,0.656042086281
-65.0,45.0,0.655789064582
-65.0,50.0,0.657733231736
-65.0,55.0,0.654741293224
-65.0,60.0,0.654355825365
-65.0,65.0,0.655435333617
-65.0,70.0,0.654219017577
-65.0,75.0,0.656244514154
-65.0,80.0,0.653012327595
-65.0,85.0,0.653062472893
-65.0,90.0,0.6553496918
-65.0,95.0,0.652890069533
-65.0,100.0,0.654436366022
-60.0,-100.0,0.654410295832
-60.0,-95.0,0.657138083562
-60.0,-90.0,0.652902217522
-60.0,-85.0,0.652302348692
-60.0,-80.0,0.654788110493
-60.0,-75.0,0.651823595401
-60.0,-70.0,0.651380432939
-60.0,-65.0,0.651460960484
-60.0,-60.0,0.649239729962
-60.0,-55.0,0.649312405564
-60.0,-50.0,0.649687026509
-60.0,-45.0,0.650480875827
-60.0,-40.0,0.652633343729
-60.0,-35.0,0.652764387595
-60.0,-30.0,0.654576644568
-60.0,-25.0,0.653347408998
-60.0,-20.0,0.651219719188
-60.0,-15.0,0.648913206057
-60.0,-10.0,0.64883514158
-60.0,-5.0,0.645835119741
-60.0,0.0,0.645834265644
-60.0,5.0,0.648620753054
-60.0,10.0,0.648603299397
-60.0,15.0,0.649513004927
-60.0,20.0,0.652151944257
-60.0,25.0,0.654564055129
-60.0,30.0,0.655357631149
-60.0,35.0,0.653232359316
-60.0,40.0,0.653587528441
-60.0,45.0,0.656129883918
-60.0,50.0,0.658917812012
-60.0,55.0,0.655238286888
-60.0,60.0,0.653431011718
-60.0,65.0,0.654164938939
-60.0,70.0,0.654436898463
-60.0,75.0,0.655764284177
-60.0,80.0,0.654815517994
-60.0,85.0,0.653957196364
-60.0,90.0,0.656041252651
-60.0,95.0,0.653209960288
-60.0,100.0,0.654410295832
-55.0,-100.0,0.653990638908
-55.0,-95.0,0.654297208067
-55.0,-90.0,0.653732664503
-55.0,-85.0,0.654385628934
-55.0,-80.0,0.656103654545
-55.0,-75.0,0.65274839482
-55.0,-70.0,0.651796338617
-55.0,-65.0,0.651544015907
-55.0,-60.0,0.651047302735
-55.0,-55.0,0.650157831169
-55.0,-50.0,0.651210281045
-55.0,-45.0,0.652451429891
-55.0,-40.0,0.653709974589
-55.0,-35.0,0.651525720797
-55.0,-30.0,0.654529866001
-55.0,-25.0,0.65369770119
-55.0,-20.0,0.651394822743
-55.0,-15.0,0.647958732094
-55.0,-10.0,0.645966123853
-55.0,-5.0,0.646084107254
-55.0,0.0,0.646604925354
-55.0,5.0,0.649618704533
-55.0,10.0,0.648074134861
-55.0,15.0,0.649722560977
-55.0,20.0,0.652125303649
-55.0,25.0,0.65397289224
-55.0,30.0,0.653447806012
-55.0,35.0,0.654552716489
-55.0,40.0,0.656577632457
-55.0,45.0,0.656447236579
-55.0,50.0,0.657000978574
-55.0,55.0,0.655035343013
-55.0,60.0,0.653053795234
-55.0,65.0,0.653345365866
-55.0,70.0,0.653031750267
-55.0,75.0,0.652608874986
-55.0,80.0,0.654730628293
-55.0,85.0,0.654307309083
-55.0,90.0,0.653935636372
-55.0,95.0,0.654973505247
-55.0,100.0,0.653990638908
-50.0,-100.0,0.65332383747
-50.0,-95.0,0.652846600263
-50.0,-90.0,0.654031232883
-50.0,-85.0,0.653669665222
-50.0,-80.0,0.653868281335
-50.0,-75.0,0.654446255481
-50.0,-70.0,0.653368781088
-50.0,-65.0,0.65203749377
-50.0,-60.0,0.651654806958
-50.0,-55.0,0.65209454401
-50.0,-50.0,0.652578730354
-50.0,-45.0,0.653465261195
-50.0,-40.0,0.653491643261
-50.0,-35.0,0.651276913335
-50.0,-30.0,0.652434965791
-50.0,-25.0,0.650781313476
-50.0,-20.0,0.64929473522
-50.0,-15.0,0.647885326664
-50.0,-10.0,0.64533131986
-50.0,-5.0,0.645563024694
-50.0,0.0,0.647868142437
-50.0,5.0,0.64996716554
-50.0,10.0,0.650829406516
-50.0,15.0,0.651713368325
-50.0,20.0,0.65232711083
-50.0,25.0,0.652556694286
-50.0,30.0,0.653031819453
-50.0,35.0,0.655890794554
-50.0,40.0,0.657748087773
-50.0,45.0,0.656799546903
-50.0,50.0,0.65570700917
-50.0,55.0,0.65421358179
-50.0,60.0,0.653889296523
-50.0,65.0,0.653221909304
-50.0,70.0,0.652437712777
-50.0,75.0,0.652222875916
-50.0,80.0,0.654215074286
-50.0,85.0,0.652144190451
-50.0,90.0,0.65210856994
-50.0,95.0,0.65455841577
-50.0,100.0,0.65332383747
-45.0,-100.0,0.653691273641
-45.0,-95.0,0.655120014062
-45.0,-90.0,0.654188147086
-45.0,-85.0,0.653072691206
-45.0,-80.0,0.651249019114
-45.0,-75.0,0.652700957987
-45.0,-70.0,0.652241009272
-45.0,-65.0,0.652691020367
-45.0,-60.0,0.652778492883
-45.0,-55.0,0.653034485162
-45.0,-50.0,0.653540584648
-45.0,-45.0,0.653648241396
-45.0,-40.0,0.653553487822
-45.0,-35.0,0.652246754747
-45.0,-30.0,0.651686455432
-45.0,-25.0,0.652963872728
-45.0,-20.0,0.648670892442
-45.0,-15.0,0.646133998595
-45.0,-10.0,0.646899677823
-45.0,-5.0,0.646358335497
-45.0,0.0,0.647761409355
-45.0,5.0,0.649498988038
-45.0,10.0,0.651225693127
-45.0,15.0,0.651871104313
-45.0,20.0,0.653459609766
-45.0,25.0,0.653391304789
-45.0,30.0,0.653433295994
-45.0,35.0,0.656066101348
-45.0,40.0,0.656824878117
-45.0,45.0,0.658837686887
-45.0,50.0,0.658222202748
-45.0,55.0,0.656704597389
-45.0,60.0,0.656437176649
-45.0,65.0,0.654125149013
-45.0,70.0,0.654846762761
-45.0,75.0,0.653489524476
-45.0,80.0,0.651705558457
-45.0,85.0,0.651336193698
-45.0,90.0,0.65102952713
-45.0,95.0,0.653860730841
-45.0,100.0,0.653691273641
-40.0,-100.0,0.653867440847
-40.0,-95.0,0.653640312421
-40.0,-90.0,0.653931933474
-40.0,-85.0,0.652715647991
-40.0,-80.0,0.651473085346
-40.0,-75.0,0.653252443571
-40.0,-70.0,0.652785312332
-40.0,-65.0,0.653395952
-40.0,-60.0,0.652284938813
-40.0,-55.0,0.651123996346
-40.0,-50.0,0.652849265823
-40.0,-45.0,0.652270252743
-40.0,-40.0,0.651689659771
-40.0,-35.0,0.653249520523
-40.0,-30.0,0.652763830623
-40.0,-25.0,0.655231282892
-40.0,-20.0,0.651828728934
-40.0,-15.0,0.646637302489
-40.0,-10.0,0.646661574269
-40.0,-5.0,0.646834432854
-40.0,0.0,0.648075815677
-40.0,5.0,0.649285319304
-40.0,10.0,0.648370146324
-40.0,15.0,0.65032387582
-40.0,20.0,0.655288418619
-40.0,25.0,0.654689393936
-40.0,30.0,0.654600855639
-40.0,35.0,0.655659590705
-40.0,40.0,0.656336975191
-40.0,45.0,0.661682515156
-40.0,50.0,0.659803925791
-40.0,55.0,0.656011933637
-40.0,60.0,0.655620713715
-40.0,65.0,0.655786370452
-40.0,70.0,0.655238963915
-40.0,75.0,0.654151481067
-40.0,80.0,0.653539659493
-40.0,85.0,0.655180740446
-40.0,90.0,0.654286653096
-40.0,95.0,0.653821484367
-40.0,100.0,0.653867440847
-35.0,-100.0,0.654918861285
-35.0,-95.0,0.653209494891
-35.0,-90.0,0.652264314818
-35.0,-85.0,0.652444267581
-35.0,-80.0,0.653284880684
-35.0,-75.0,0.652750187931
-35.0,-70.0,0.650202792168
-35.0,-65.0,0.649589950638
-35.0,-60.0,0.64977371735
-35.0,-55.0,0.650761232441
-35.0,-50.0,0.653242693723
-35.0,-45.0,0.652498197641
-35.0,-40.0,0.651996867328
-35.0,-35.0,0.65147703667
-35.0,-30.0,0.651712025
-35.0,-25.0,0.654048748488
-35.0,-20.0,0.653693749389
-35.0,-15.0,0.651025604728
-35.0,-10.0,0.648051846053
-35.0,-5.0,0.646627373416
-35.0,0.0,0.649079845867
-35.0,5.0,0.649242433002
-35.0,10.0,0.648503675698
-35.0,15.0,0.649699869687
-35.0,20.0,0.655125128455
-35.0,25.0,0.65515488181
-35.0,30.0,0.654092378146
-35.0,35.0,0.654992998908
-35.0,40.0,0.654548501387
-35.0,45.0,0.659590067863
-35.0,50.0,0.659774398653
-35.0,55.0,0.655135449298
-35.0,60.0,0.65506959388
-35.0,65.0,0.654845627264
-35.0,70.0,0.654196028322
-35.0,75.0,0.652275610387
-35.0,80.0,0.652682124245
-35.0,85.0,0.655231752846
-35.0,90.0,0.655436269563
-35.0,95.0,0.65554193982
-35.0,100.0,0.654918861285
-30.0,-100.0,0.655599193866
-30.0,-95.0,0.65511227793
-30.0,-90.0,0.652409472969
-30.0,-85.0,0.653724574839
-30.0,-80.0,0.652465217603
-30.0,-75.0,0.652611580827
-30.0,-70.0,0.651753686742
-30.0,-65.0,0.650496539975
-30.0,-60.0,0.651639178809
-30.0,-55.0,0.655282577318
-30.0,-50.0,0.653797928762
-30.0,-45.0,0.651723400932
-30.0,-40.0,0.652057357243
-30.0,-35.0,0.653292901757
-30.0,-30.0,0.653426381618
-30.0,-25.0,0.654690303265
-30.0,-20.0,0.652913276279
-30.0,-15.0,0.64902043757
-30.0,-10.0,0.647426315038
-30.0,-5.0,0.646612399056
-30.0,0.0,0.650134779225
-30.0,5.0,0.650972895824
-30.0,10.0,0.649806959927
-30.0,15.0,0.651670171317
-30.0,20.0,0.654586001637
-30.0,25.0,0.655724556692
-30.0,30.0,0.656679542978
-30.0,35.0,0.657069260541
-30.0,40.0,0.656571787831
-30.0,45.0,0.657187874802
-30.0,50.0,0.659030821383
-30.0,55.0,0.657904694805
-30.0,60.0,0.656310247854
-30.0,65.0,0.656341898951
-30.0,70.0,0.654888956184
-30.0,75.0,0.653413748377
-30.0,80.0,0.654186307538
-30.0,85.0,0.653955402916
-30.0,90.0,0.654636044362
-30.0,95.0,0.655781087516
-30.0,100.0,0.655599193866
-25.0,-100.0,0.654454484244
-25.0,-95.0,0.654632394671
-25.0,-90.0,0.653450172331
-25.0,-85.0,0.653050637815
-25.0,-80.0,0.652228026747
-25.0,-75.0,0.653361368074
-25.0,-70.0,0.652236814433
-25.0,-65.0,0.650195937556
-25.0,-60.0,0.652224270662
-25.0,-55.0,0.653985179462
-25.0,-50.0,0.653989652881
-25.0,-45.0,0.652027034215
-25.0,-40.0,0.655132030061
-25.0,-35.0,0.656221885171
-25.0,-30.0,0.654653165524
-25.0,-25.0,0.65554539627
-25.0,-20.0,0.653295741561
-25.0,-15.0,0.650637106588
-25.0,-10.0,0.648606523838
-25.0,-5.0,0.647167370002
-25.0,0.0,0.650331021778
-25.0,5.0,0.651139797283
-25.0,10.0,0.651485933926
-25.0,15.0,0.65382978922
-25.0,20.0,0.655425436888
-25.0,25.0,0.655777774947
-25.0,30.0,0.656619178898
-25.0,35.0,0.656174459398
-25.0,40.0,0.656947595155
-25.0,45.0,0.657405074115
-25.0,50.0,0.657910923247
-25.0,55.0,0.65833607459
-25.0,60.0,0.657191296911
-25.0,65.0,0.655431050328
-25.0,70.0,0.655040807432
-25.0,75.0,0.653671244903
-25.0,80.0,0.656046320021
-25.0,85.0,0.654638811941
-25.0,90.0,0.655801984292
-25.0,95.0,0.654721703274
-25.0,100.0,0.654454484244
-20.0,-100.0,0.652417307406
-20.0,-95.0,0.652736921521
-20.0,-90.0,0.651853037212
-20.0,-85.0,0.651858095162
-20.0,-80.0,0.652427378367
-20.0,-75.0,0.652881549188
-20.0,-70.0,0.654252145049
-20.0,-65.0,0.652132028768
-20.0,-60.0,0.65260225723
-20.0,-55.0,0.652422129488
-20.0,-50.0,0.653569908795
-20.0,-45.0,0.652517754187
-20.0,-40.0,0.655933160039
-20.0,-35.0,0.656776620879
-20.0,-30.0,0.654731199758
-20.0,-25.0,0.656087424565
-20.0,-20.0,0.651476984192
-20.0,-15.0,0.649970977575
-20.0,-10.0,0.650333483964
-20.0,-5.0,0.647722277161
-20.0,0.0,0.648358138296
-20.0,5.0,0.651137282923
-20.0,10.0,0.652747823117
-20.0,15.0,0.654763294379
-20.0,20.0,0.656705641346
-20.0,25.0,0.656859089358
-20.0,30.0,0.65458040575
-20.0,35.0,0.656422273885
-20.0,40.0,0.656060791864
-20.0,45.0,0.655483603329
-20.0,50.0,0.657011923083
-20.0,55.0,0.656606486411
-20.0,60.0,0.656120350585
-20.0,65.0,0.654212179771
-20.0,70.0,0.653011810125
-20.0,75.0,0.652395282016
-20.0,80.0,0.653091497627
-20.0,85.0,0.651874787169
-20.0,90.0,0.652502494135
-20.0,95.0,0.652729618351
-20.0,100.0,0.652417307406
-15.0,-100.0,0.6499937985
-15.0,-95.0,0.650341172147
-15.0,-90.0,0.650248475941
-15.0,-85.0,0.650471402676
-15.0,-80.0,0.653693780971
-15.0,-75.0,0.65263746855
-15.0,-70.0,0.654215108767
-15.0,-65.0,0.6505630508
-15.0,-60.0,0.651352174858
-15.0,-55.0,0.653342081877
-15.0,-50.0,0.654981045874
-15.0,-45.0,0.654029698259
-15.0,-40.0,0.653613853049
-15.0,-35.0,0.654786605524
-15.0,-30.0,0.653822146533
-15.0,-25.0,0.655412721196
-15.0,-20.0,0.652010967231
-15.0,-15.0,0.650370914499
-15.0,-10.0,0.650422343912
-15.0,-5.0,0.649027637834
-15.0,0.0,0.648291737077
-15.0,5.0,0.649378639816
-15.0,10.0,0.651022681121
-15.0,15.0,0.654906259555
-15.0,20.0,0.657633672806
-15.0,25.0,0.65710164293
-15.0,30.0,0.656052039796
-15.0,35.0,0.65772247651
-15.0,40.0,0.654052162504
-15.0,45.0,0.652468674125
-15.0,50.0,0.654044001914
-15.0,55.0,0.653513295901
-15.0,60.0,0.653868420624
-15.0,65.0,0.65203942495
-15.0,70.0,0.651891512529
-15.0,75.0,0.650209940587
-15.0,80.0,0.652689593107
-15.0,85.0,0.650732113859
-15.0,90.0,0.649362604302
-15.0,95.0,0.650090000395
-15.0,100.0,0.649993798501
-10.0,-100.0,0.647278948627
-10.0,-95.0,0.647699699102
-10.0,-90.0,0.648684096466
-10.0,-85.0,0.649814079789
-10.0,-80.0,0.651002349842
-10.0,-75.0,0.650812204801
-10.0,-70.0,0.653189719425
-10.0,-65.0,0.651116890485
-10.0,-60.0,0.652280899575
-10.0,-55.0,0.652942014364
-10.0,-50.0,0.65385248158
-10.0,-45.0,0.654352552368
-10.0,-40.0,0.653540578707
-10.0,-35.0,0.652168953557
-10.0,-30.0,0.654022318133
-10.0,-25.0,0.655592148644
-10.0,-20.0,0.652902157201
-10.0,-15.0,0.650018697018
-10.0,-10.0,0.6505692415
-10.0,-5.0,0.651945611896
-10.0,0.0,0.652136328842
-10.0,5.0,0.651614001322
-10.0,10.0,0.650715309173
-10.0,15.0,0.654295174184
-10.0,20.0,0.656238560612
-10.0,25.0,0.655128569278
-10.0,30.0,0.655046306055
-10.0,35.0,0.654940919042
-10.0,40.0,0.652004626758
-10.0,45.0,0.651934306759
-10.0,50.0,0.654466094243
-10.0,55.0,0.652229373297
-10.0,60.0,0.650944989388
-10.0,65.0,0.650220861318
-10.0,70.0,0.649458410932
-10.0,75.0,0.650325628091
-10.0,80.0,0.651145233952
-10.0,85.0,0.649000567171
-10.0,90.0,0.645884763248
-10.0,95.0,0.648596856288
-10.0,100.0,0.647278948627
-5.0,-100.0,0.649211146323
-5.0,-95.0,0.6487364268
-5.0,-90.0,0.649853051075
-5.0,-85.0,0.649165660219
-5.0,-80.0,0.650109564795
-5.0,-75.0,0.650914017983
-5.0,-70.0,0.651184355752
-5.0,-65.0,0.651656076247
-5.0,-60.0,0.652648486391
-5.0,-55.0,0.65539020583
-5.0,-50.0,0.654417030954
-5.0,-45.0,0.653878710636
-5.0,-40.0,0.654954254264
-5.0,-35.0,0.65459093632
-5.0,-30.0,0.654254402749
-5.0,-25.0,0.657070710298
-5.0,-20.0,0.656225425374
-5.0,-15.0,0.652415783663
-5.0,-10.0,0.650437586194
-5.0,-5.0,0.651437166506
-5.0,0.0,0.6527357989
-5.0,5.0,0.654567715171
-5.0,10.0,0.652397740875
-5.0,15.0,0.653372369671
-5.0,20.0,0.65558865508
-5.0,25.0,0.655050695551
-5.0,30.0,0.654396975057
-5.0,35.0,0.654097781339
-5.0,40.0,0.652250822699
-5.0,45.0,0.651695583104
-5.0,50.0,0.652366603179
-5.0,55.0,0.650996804013
-5.0,60.0,0.647547328436
-5.0,65.0,0.648311003602
-5.0,70.0,0.647594160467
-5.0,75.0,0.646827889728
-5.0,80.0,0.646954864007
-5.0,85.0,0.647310555792
-5.0,90.0,0.645279824483
-5.0,95.0,0.647516011422
-5.0,100.0,0.649211146323
0.0,-100.0,0.648605580126
0.0,-95.0,0.649639527937
0.0,-90.0,0.651243959341
0.0,-85.0,0.64927468804
0.0,-80.0,0.650103495822
0.0,-75.0,0.651491196873
0.0,-70.0,0.649805298147
0.0,-65.0,0.651681940589
0.0,-60.0,0.653007512271
0.0,-55.0,0.6541423457
0.0,-50.0,0.654516433493
0.0,-45.0,0.654045725137
0.0,-40.0,0.656105149347
0.0,-35.0,0.656615820171
0.0,-30.0,0.656148804282
0.0,-25.0,0.656604060969
0.0,-20.0,0.655053104256
0.0,-15.0,0.654226640275
0.0,-10.0,0.652824681099
0.0,-5.0,0.652244966364
0.0,0.0,0.653455222921
0.0,5.0,0.655718403714
0.0,10.0,0.654454712546
0.0,15.0,0.654829585731
0.0,20.0,0.655934938565
0.0,25.0,0.65450073594
0.0,30.0,0.655297989597
0.0,35.0,0.656462246632
0.0,40.0,0.653496196633
0.0,45.0,0.650887046236
0.0,50.0,0.649191479914
0.0,55.0,0.648445571498
0.0,60.0,0.647134658232
0.0,65.0,0.647925080217
0.0,70.0,0.646468686887
0.0,75.0,0.645595665511
0.0,80.0,0.646503109786
0.0,85.0,0.646285818769
0.0,90.0,0.647128590324
0.0,95.0,0.648279688648
0.0,100.0,0.648605580126
5.0,-100.0,0.64675495399
5.0,-95.0,0.648473106109
5.0,-90.0,0.649111398352
5.0,-85.0,0.650273217709
5.0,-80.0,0.649590523145
5.0,-75.0,0.650089276526
5.0,-70.0,0.650519380291
5.0,-65.0,0.651159593059
5.0,-60.0,0.652808326265
5.0,-55.0,0.654613909821
5.0,-50.0,0.654579629853
5.0,-45.0,0.657057731162
5.0,-40.0,0.659963438369
5.0,-35.0,0.659586619481
5.0,-30.0,0.658107787462
5.0,-25.0,0.656610176111
5.0,-20.0,0.653947237185
5.0,-15.0,0.654614869274
5.0,-10.0,0.655865252801
5.0,-5.0,0.6541090802
5.0,0.0,0.653923706924
5.0,5.0,0.656525395263
5.0,10.0,0.654867278855
5.0,15.0,0.654668482525
5.0,20.0,0.657872209116
5.0,25.0,0.656130347438
5.0,30.0,0.653559020838
5.0,35.0,0.655238457092
5.0,40.0,0.652530514962
5.0,45.0,0.651772701228
5.0,50.0,0.650722754605
5.0,55.0,0.649711601236
5.0,60.0,0.647746109107
5.0,65.0,0.646540412677
5.0,70.0,0.646188901082
5.0,75.0,0.644850837543
5.0,80.0,0.645402330148
5.0,85.0,0.642400928946
5.0,90.0,0.642816569658
5.0,95.0,0.64560963939
5.0,100.0,0.64675495399
10.0,-100.0,0.645072205941
10.0,-95.0,0.645800818969
10.0,-90.0,0.647274254325
10.0,-85.0,0.648234801052
10.0,-80.0,0.64767196103
10.0,-75.0,0.64954141844
10.0,-70.0,0.651025027088
10.0,-65.0,0.649486096418
10.0,-60.0,0.651775154556
10.0,-55.0,0.654448447418
10.0,-50.0,0.653254720394
10.0,-45.0,0.655947480118
10.0,-40.0,0.656707728275
10.0,-35.0,0.659520054969
10.0,-30.0,0.660757150367
10.0,-25.0,0.658774336188
10.0,-20.0,0.656314997061
10.0,-15.0,0.655914932371
10.0,-10.0,0.657349042501
10.0,-5.0,0.656343205059
10.0,0.0,0.655048865895
10.0,5.0,0.656982488296
10.0,10.0,0.655154413247
10.0,15.0,0.654672234109
10.0,20.0,0.655236485549
10.0,25.0,0.65627394281
10.0,30.0,0.654777451289
10.0,35.0,0.654372652778
10.0,40.0,0.651854253825
10.0,45.0,0.651335315498
10.0,50.0,0.651458258159
10.0,55.0,0.648813367767
10.0,60.0,0.647246978894
10.0,65.0,0.6448299809
10.0,70.0,0.645884810187
10.0,75.0,0.644265078764
10.0,80.0,0.642978985905
10.0,85.0,0.641602382657
10.0,90.0,0.642439915267
10.0,95.0,0.64495395286
10.0,100.0,0.645072205941
15.0,-100.0,0.64568465035
15.0,-95.0,0.647609838387
15.0,-90.0,0.647601012857
15.0,-85.0,0.648048986998
15.0,-80.0,0.648625414939
15.0,-75.0,0.650105120678
15.0,-70.0,0.651803810697
15.0,-65.0,0.651373524391
15.0,-60.0,0.654665182004
15.0,-55.0,0.655267255217
15.0,-50.0,0.656214114932
15.0,-45.0,0.657101722732
15.0,-40.0,0.656977197384
15.0,-35.0,0.658121092943
15.0,-30.0,0.660144761148
15.0,-25.0,0.660562911595
15.0,-20.0,0.658472273578
15.0,-15.0,0.656050248212
15.0,-10.0,0.656981634495
15.0,-5.0,0.657738952786
15.0,0.0,0.657863690415
15.0,5.0,0.657642312432
15.0,10.0,0.65613783349
15.0,15.0,0.655177481847
15.0,20.0,0.655324854123
15.0,25.0,0.656383659943
15.0,30.0,0.656938380455
15.0,35.0,0.655047098351
15.0,40.0,0.652718089651
15.0,45.0,0.651362862992
15.0,50.0,0.650066797378
15.0,55.0,0.648061819168
15.0,60.0,0.649742723016
15.0,65.0,0.646186813646
15.0,70.0,0.645288911749
15.0,75.0,0.643822935795
15.0,80.0,0.64330870056
15.0,85.0,0.643653425656
15.0,90.0,0.644778605711
15.0,95.0,0.645809845261
15.0,100.0,0.64568465035
20.0,-100.0,0.648131174234
20.0,-95.0,0.649097355382
20.0,-90.0,0.646075389055
20.0,-85.0,0.648763211273
20.0,-80.0,0.649582998751
20.0,-75.0,0.650708692163
20.0,-70.0,0.652558142272
20.0,-65.0,0.652978489719
20.0,-60.0,0.654496628685
20.0,-55.0,0.652798719443
20.0,-50.0,0.654965631052
20.0,-45.0,0.656893275477
20.0,-40.0,0.655998634592
20.0,-35.0,0.655263499109
20.0,-30.0,0.657774608039
20.0,-25.0,0.659288420601
20.0,-20.0,0.657839791896
20.0,-15.0,0.656781755558
20.0,-10.0,0.658231498643
20.0,-5.0,0.65964112004
20.0,0.0,0.658601061027
20.0,5.0,0.657783734482
20.0,10.0,0.656529095513
20.0,15.0,0.655819985434
20.0,20.0,0.656925691598
20.0,25.0,0.657966524506
20.0,30.0,0.656828101233
20.0,35.0,0.654948088833
20.0,40.0,0.65287484686
20.0,45.0,0.653444088755
20.0,50.0,0.651221144097
20.0,55.0,0.649767626254
20.0,60.0,0.650457858231
20.0,65.0,0.647573147221
20.0,70.0,0.647364760408
20.0,75.0,0.647095908338
20.0,80.0,0.647285447619
20.0,85.0,0.647383364968
20.0,90.0,0.647652238394
20.0,95.0,0.646495134523
20.0,100.0,0.648131174234
25.0,-100.0,0.647295205769
25.0,-95.0,0.647402819979
25.0,-90.0,0.648415927297
25.0,-85.0,0.649855674789
25.0,-80.0,0.650607445357
25.0,-75.0,0.652353348811
25.0,-70.0,0.653979253487
25.0,-65.0,0.654162469342
25.0,-60.0,0.655376407988
25.0,-55.0,0.653454232054
25.0,-50.0,0.653960932194
25.0,-45.0,0.654042048136
25.0,-40.0,0.656057734977
25.0,-35.0,0.655466762893
25.0,-30.0,0.656896355918
25.0,-25.0,0.658489171271
25.0,-20.0,0.65653565113
25.0,-15.0,0.659080160074
25.0,-10.0,0.661225709564
25.0,-5.0,0.661070284379
25.0,0.0,0.658153373305
25.0,5.0,0.658760620815
25.0,10.0,0.658037921351
25.0,15.0,0.656151574816
25.0,20.0,0.655925000612
25.0,25.0,0.656647425227
25.0,30.0,0.656495887789
25.0,35.0,0.65581895612
25.0,40.0,0.651835972126
25.0,45.0,0.652547073028
25.0,50.0,0.652461252039
25.0,55.0,0.652774384769
25.0,60.0,0.652620797707
25.0,65.0,0.65089304624
25.0,70.0,0.649411357575
25.0,75.0,0.647754095661
25.0,80.0,0.64824096235
25.0,85.0,0.64785300987
25.0,90.0,0.645700338618
25.0,95.0,0.646583436885
25.0,100.0,0.647295205769
30.0,-100.0,0.647899583142
30.0,-95.0,0.649118717061
30.0,-90.0,0.652556692374
30.0,-85.0,0.651270084357
30.0,-80.0,0.650858732622
30.0,-75.0,0.652838852518
30.0,-70.0,0.653423878147
30.0,-65.0,0.653373734928
30.0,-60.0,0.653587602833
30.0,-55.0,0.654418542324
30.0,-50.0,0.654366886427
30.0,-45.0,0.653038681427
30.0,-40.0,0.656109952928
30.0,-35.0,0.655802743344
30.0,-30.0,0.655150637408
30.0,-25.0,0.657835078762
30.0,-20.0,0.656093927146
30.0,-15.0,0.657882970251
30.0,-10.0,0.659947628644
30.0,-5.0,0.660791272556
30.0,0.0,0.657917947666
30.0,5.0,0.659342569738
30.0,10.0,0.658563069224
30.0,15.0,0.658810676591
30.0,20.0,0.656895190334
30.0,25.0,0.657452477666
30.0,30.0,0.655414395471
30.0,35.0,0.654383618167
30.0,40.0,0.65169074973
30.0,45.0,0.652332769238
30.0,50.0,0.65406277775
30.0,55.0,0.654729771058
30.0,60.0,0.65208720671
30.0,65.0,0.651133006532
30.0,70.0,0.648590250855
30.0,75.0,0.647187983428
30.0,80.0,0.649633274753
30.0,85.0,0.647543173736
30.0,90.0,0.645600371764
30.0,95.0,0.646122339957
30.0,100.0,0.647899583142
35.0,-100.0,0.649044363549
35.0,-95.0,0.648557860945
35.0,-90.0,0.65053412928
35.0,-85.0,0.649768409298
35.0,-80.0,0.649320522856
35.0,-75.0,0.652007481462
35.0,-70.0,0.653097326277
35.0,-65.0,0.651747926277
35.0,-60.0,0.653676079465
35.0,-55.0,0.65495212527
35.0,-50.0,0.655330044164
35.0,-45.0,0.654746495786
35.0,-40.0,0.655826878641
35.0,-35.0,0.654502335324
35.0,-30.0,0.653935647624
35.0,-25.0,0.656391955182
35.0,-20.0,0.65589459913
35.0,-15.0,0.658052217969
35.0,-10.0,0.658264095166
35.0,-5.0,0.658011543174
35.0,0.0,0.658017388192
35.0,5.0,0.659634652277
35.0,10.0,0.660987375532
35.0,15.0,0.65960617284
35.0,20.0,0.65679360533
35.0,25.0,0.656924391327
35.0,30.0,0.653965996562
35.0,35.0,0.653781455055
35.0,40.0,0.655347923982
35.0,45.0,0.653271347773
35.0,50.0,0.65184636039
35.0,55.0,0.653997379264
35.0,60.0,0.651597400441
35.0,65.0,0.650381607877
35.0,70.0,0.648238700436
35.0,75.0,0.64660337352
35.0,80.0,0.647641270363
35.0,85.0,0.646901551114
35.0,90.0,0.647220548369
35.0,95.0,0.646959599172
35.0,100.0,0.649044363549
40.0,-100.0,0.648262549033
40.0,-95.0,0.647605610811
40.0,-90.0,0.649227024816
40.0,-85.0,0.650811062248
40.0,-80.0,0.65133904293
40.0,-75.0,0.653046503382
40.0,-70.0,0.652848364313
40.0,-65.0,0.651621400227
40.0,-60.0,0.653406090183
40.0,-55.0,0.653602162713
40.0,-50.0,0.654273031297
40.0,-45.0,0.653516913137
40.0,-40.0,0.654727733184
40.0,-35.0,0.653487056208
40.0,-30.0,0.653727003209
40.0,-25.0,0.655755050795
40.0,-20.0,0.656367284018
40.0,-15.0,0.658093971495
40.0,-10.0,0.657762584833
40.0,-5.0,0.655778330993
40.0,0.0,0.656408282282
40.0,5.0,0.657545568736
40.0,10.0,0.659309287981
40.0,15.0,0.658286603091
40.0,20.0,0.657930901695
40.0,25.0,0.656761591459
40.0,30.0,0.654757075966
40.0,35.0,0.654077731759
40.0,40.0,0.654212399655
40.0,45.0,0.652332994631
40.0,50.0,0.652180179461
40.0,55.0,0.654168741174
40.0,60.0,0.652239642443
40.0,65.0,0.649855369033
40.0,70.0,0.650143944171
40.0,75.0,0.650877913528
40.0,80.0,0.650854361312
40.0,85.0,0.650163966175
40.0,90.0,0.648490330445
40.0,95.0,0.648346662612
40.0,100.0,0.648262549033
45.0,-100.0,0.649967959949
45.0,-95.0,0.650934319623
45.0,-90.0,0.652018945575
45.0,-85.0,0.652266128902
45.0,-80.0,0.653354315524
45.0,-75.0,0.653054027301
45.0,-70.0,0.653948979156
45.0,-65.0,0.65266909389
45.0,-60.0,0.653122822918
45.0,-55.0,0.651805933627
45.0,-50.0,0.650789505065
45.0,-45.0,0.65193402607
45.0,-40.0,0.653566474818
45.0,-35.0,0.652435900218
45.0,-30.0,0.654751999623
45.0,-25.0,0.656499408193
45.0,-20.0,0.656302162348
45.0,-15.0,0.656152880278
45.0,-10.0,0.656535029251
45.0,-5.0,0.656126872292
45.0,0.0,0.655431541833
45.0,5.0,0.656960841567
45.0,10.0,0.656451298742
45.0,15.0,0.658439315021
45.0,20.0,0.658106254297
45.0,25.0,0.655496289817
45.0,30.0,0.654331227029
45.0,35.0,0.653808790822
45.0,40.0,0.65426698119
45.0,45.0,0.650897481923
45.0,50.0,0.651848988778
45.0,55.0,0.6530483275
45.0,60.0,0.652796409526
45.0,65.0,0.650976353751
45.0,70.0,0.652073881932
45.0,75.0,0.654066977369
45.0,80.0,0.652608987336
45.0,85.0,0.65061839471
45.0,90.0,0.650347617856
45.0,95.0,0.651681213977
45.0,100.0,0.649967959949
50.0,-100.0,0.651225027565
50.0,-95.0,0.651483276357
50.0,-90.0,0.64977347028
50.0,-85.0,0.652008686251
50.0,-80.0,0.654072498249
50.0,-75.0,0.652991454436
50.0,-70.0,0.653444223651
50.0,-65.0,0.652550105844
50.0,-60.0,0.652364667898
50.0,-55.0,0.652981847233
50.0,-50.0,0.650296341874
50.0,-45.0,0.651594531273
50.0,-40.0,0.652949408636
50.0,-35.0,0.652535810124
50.0,-30.0,0.65459852091
50.0,-25.0,0.657526652145
50.0,-20.0,0.657251290361
50.0,-15.0,0.656873507684
50.0,-10.0,0.654636080023
50.0,-5.0,0.654993745686
50.0,0.0,0.653812005664
50.0,5.0,0.657325530682
50.0,10.0,0.657573048586
50.0,15.0,0.657796257316
50.0,20.0,0.656440286394
50.0,25.0,0.653052750304
50.0,30.0,0.652659930138
50.0,35.0,0.654209704892
50.0,40.0,0.652535969686
50.0,45.0,0.649677161753
50.0,50.0,0.650358495713
50.0,55.0,0.650740356035
50.0,60.0,0.651615475482
50.0,65.0,0.651128387219
50.0,70.0,0.653038059388
50.0,75.0,0.654102470547
50.0,80.0,0.652865933342
50.0,85.0,0.652281062612
50.0,90.0,0.652256706091
50.0,95.0,0.650998598322
50.0,100.0,0.651225027565
55.0,-100.0,0.653831490844
55.0,-95.0,0.652988980989
55.0,-90.0,0.650930091041
55.0,-85.0,0.651735567119
55.0,-80.0,0.652590163899
55.0,-75.0,0.652440477951
55.0,-70.0,0.652691510878
55.0,-65.0,0.652898778501
55.0,-60.0,0.652665643755
55.0,-55.0,0.652594160172
55.0,-50.0,0.651318242956
55.0,-45.0,0.651278961705
55.0,-40.0,0.654634347295
55.0,-35.0,0.654377787825
55.0,-30.0,0.652630871047
55.0,-25.0,0.654785825861
55.0,-20.0,0.656678385947
55.0,-15.0,0.657655389468
55.0,-10.0,0.654042664241
55.0,-5.0,0.654622683044
55.0,0.0,0.653081828362
55.0,5.0,0.653542670327
55.0,10.0,0.653020808126
55.0,15.0,0.654329562181
55.0,20.0,0.655270282765
55.0,25.0,0.653423580779
55.0,30.0,0.651954012237
55.0,35.0,0.651869356612
55.0,40.0,0.651011810798
55.0,45.0,0.65102793553
55.0,50.0,0.651085667173
55.0,55.0,0.649476526045
55.0,60.0,0.650954151896
55.0,65.0,0.65083910889
55.0,70.0,0.651707577937
55.0,75.0,0.653496293036
55.0,80.0,0.653465213188
55.0,85.0,0.652126213982
55.0,90.0,0.651374182868
55.0,95.0,0.650228605723
55.0,100.0,0.653831490844
60.0,-100.0,0.652777570595
60.0,-95.0,0.653124289252
60.0,-90.0,0.652584503386
60.0,-85.0,0.65256402874
60.0,-80.0,0.653352648992
60.0,-75.0,0.652827392265
60.0,-70.0,0.654521431855
60.0,-65.0,0.654390659686
60.0,-60.0,0.652625101372
60.0,-55.0,0.652458933646
60.0,-50.0,0.652583419787
60.0,-45.0,0.651644523918
60.0,-40.0,0.653692580871
60.0,-35.0,0.655240535182
60.0,-30.0,0.654235756235
60.0,-25.0,0.654632257288
60.0,-20.0,0.656434902935
60.0,-15.0,0.656472442889
60.0,-10.0,0.653129019614
60.0,-5.0,0.65541861043
60.0,0.0,0.652630830151
60.0,5.0,0.653222329093
60.0,10.0,0.652040106818
60.0,15.0,0.650482153101
60.0,20.0,0.649876020677
60.0,25.0,0.651669330543
60.0,30.0,0.650649031688
60.0,35.0,0.649818704087
60.0,40.0,0.651197101366
60.0,45.0,0.651344002954
60.0,50.0,0.652299249765
60.0,55.0,0.651908753142
60.0,60.0,0.650918296491
60.0,65.0,0.650956057356
60.0,70.0,0.652404351138
60.0,75.0,0.653744504422
60.0,80.0,0.652022763201
60.0,85.0,0.65313582227
60.0,90.0,0.654276153823
60.0,95.0,0.653023624242
60.0,100.0,0.652777570595
65.0,-100.0,0.654230985099
65.0,-95.0,0.653341751127
65.0,-90.0,0.65447601424
65.0,-85.0,0.654199958388
65.0,-80.0,0.654231082118
65.0,-75.0,0.653449367343
65.0,-70.0,0.655413318386
65.0,-65.0,0.653928179744
65.0,-60.0,0.653479891907
65.0,-55.0,0.651777943021
65.0,-50.0,0.650756649754
65.0,-45.0,0.651151031293
65.0,-40.0,0.651992026461
65.0,-35.0,0.653165040639
65.0,-30.0,0.655248105998
65.0,-25.0,0.654566916785
65.0,-20.0,0.653529580782
65.0,-15.0,0.653726437691
65.0,-10.0,0.65209770252
65.0,-5.0,0.650786542624
65.0,0.0,0.649443921854
65.0,5.0,0.652957974353
65.0,10.0,0.652275487999
65.0,15.0,0.649328916867
65.0,20.0,0.648848088426
65.0,25.0,0.650645996487
65.0,30.0,0.650256380691
65.0,35.0,0.649663010826
65.0,40.0,0.65046992504
65.0,45.0,0.648885129856
65.0,50.0,0.650744375082
65.0,55.0,0.651503909674
65.0,60.0,0.650913315151
65.0,65.0,0.652146733328
65.0,70.0,0.653641320488
65.0,75.0,0.653208858947
65.0,80.0,0.652279829804
65.0,85.0,0.65356074328
65.0,90.0,0.655032348681
65.0,95.0,0.654754304193
65.0,100.0,0.654230985099
70.0,-100.0,0.654863100198
70.0,-95.0,0.654923120818
70.0,-90.0,0.655757625945
70.0,-85.0,0.656914147667
70.0,-80.0,0.655850451836
70.0,-75.0,0.65205129083
70.0,-70.0,0.652631810926
70.0,-65.0,0.654001766511
70.0,-60.0,0.653880051565
70.0,-55.0,0.650448173771
70.0,-50.0,0.649348883656
70.0,-45.0,0.65054362767
70.0,-40.0,0.651588697698
70.0,-35.0,0.653194399676
70.0,-30.0,0.654795726735
70.0,-25.0,0.653104518421
70.0,-20.0,0.653500767186
70.0,-15.0,0.65264311768
70.0,-10.0,0.652023118914
70.0,-5.0,0.650265351411
70.0,0.0,0.650369868736
70.0,5.0,0.652921394784
70.0,10.0,0.651252898049
70.0,15.0,0.649063723236
70.0,20.0,0.64752964136
70.0,25.0,0.649164691519
70.0,30.0,0.648989573664
70.0,35.0,0.647422774789
70.0,40.0,0.649159728789
70.0,45.0,0.650452275557
70.0,50.0,0.652474612928
70.0,55.0,0.652615112965
70.0,60.0,0.653449506109
70.0,65.0,0.654436406016
70.0,70.0,0.654682710001
70.0,75.0,0.653010050356
70.0,80.0,0.65245877474
70.0,85.0,0.65318763084
70.0,90.0,0.654076183667
70.0,95.0,0.654953788851
70.0,100.0,0.654863100198
75.0,-100.0,0.655423915485
75.0,-95.0,0.656895652053
75.0,-90.0,0.656472645474
75.0,-85.0,0.65669649956
75.0,-80.0,0.657311472319
75.0,-75.0,0.653955331549
75.0,-70.0,0.651865007122
75.0,-65.0,0.654391477438
75.0,-60.0,0.652656990367
75.0,-55.0,0.651193706922
75.0,-50.0,0.650529902105
75.0,-45.0,0.650622794904
75.0,-40.0,0.651729806324
75.0,-35.0,0.653267646101
75.0,-30.0,0.652383387623
75.0,-25.0,0.651706922067
75.0,-20.0,0.654005111441
75.0,-15.0,0.652737216588
75.0,-10.0,0.652307236609
75.0,-5.0,0.650484678301
75.0,0.0,0.648866583975
75.0,5.0,0.651749086847
75.0,10.0,0.652091628229
75.0,15.0,0.651076152208
75.0,20.0,0.648564526193
75.0,25.0,0.648573487339
75.0,30.0,0.647444609958
75.0,35.0,0.647767664861
75.0,40.0,0.648703806233
75.0,45.0,0.650007826216
75.0,50.0,0.65099145481
75.0,55.0,0.651431772422
75.0,60.0,0.651468096695
75.0,65.0,0.653599155513
75.0,70.0,0.652738132567
75.0,75.0,0.652585474691
75.0,80.0,0.651314917799
75.0,85.0,0.654616567337
75.0,90.0,0.656356019937
75.0,95.0,0.654933207917
75.0,100.0,0.655423915485
80.0,-100.0,0.654728844162
80.0,-95.0,0.655490745689
80.0,-90.0,0.655928573215
80.0,-85.0,0.65683348548
80.0,-80.0,0.65826984455
80.0,-75.0,0.655146400006
80.0,-70.0,0.65525836917
80.0,-65.0,0.655398192715
80.0,-60.0,0.652039575028
80.0,-55.0,0.651316199207
80.0,-50.0,0.651694582219
80.0,-45.0,0.650073742407
80.0,-40.0,0.650211786896
80.0,-35.0,0.651164888753
80.0,-30.0,0.650610986662
80.0,-25.0,0.652832920177
80.0,-20.0,0.653667777614
80.0,-15.0,0.652625940492
80.0,-10.0,0.650037244276
80.0,-5.0,0.650853548349
80.0,0.0,0.648786675568
80.0,5.0,0.649289285268
80.0,10.0,0.652429358936
80.0,15.0,0.652498371567
80.0,20.0,0.648354736478
80.0,25.0,0.647899361097
80.0,30.0,0.648379667532
80.0,35.0,0.648721359288
80.0,40.0,0.647342914445
80.0,45.0,0.648161552808
80.0,50.0,0.650792396689
80.0,55.0,0.652347662499
80.0,60.0,0.652083755704
80.0,65.0,0.651360304519
80.0,70.0,0.651575459018
80.0,75.0,0.651673252435
80.0,80.0,0.651936020884
80.0,85.0,0.653123673282
80.0,90.0,0.654811169819
80.0,95.0,0.65514201639
80.0,100.0,0.654728844162
85.0,-100.0,0.655614549925
85.0,-95.0,0.657888598394
85.0,-90.0,0.657644697884
85.0,-85.0,0.657039815713
85.0,-80.0,0.65740037699
85.0,-75.0,0.655151080632
85.0,-70.0,0.656097778027
85.0,-65.0,0.656151578443
85.0,-60.0,0.653753642507
85.0,-55.0,0.651517445786
85.0,-50.0,0.652025314874
85.0,-45.0,0.650659555095
85.0,-40.0,0.650033795893
85.0,-35.0,0.651030895815
85.0,-30.0,0.651098314511
85.0,-25.0,0.653183706961
85.0,-20.0,0.652362204744
85.0,-15.0,0.652478261342
85.0,-10.0,0.649514663323
85.0,-5.0,0.650139459352
85.0,0.0,0.648687731345
85.0,5.0,0.649374596306
85.0,10.0,0.652315573835
85.0,15.0,0.65199872481
85.0,20.0,0.648822793358
85.0,25.0,0.648428316802
85.0,30.0,0.648469997984
85.0,35.0,0.647848715021
85.0,40.0,0.6482329877
85.0,45.0,0.649105850589
85.0,50.0,0.651715824153
85.0,55.0,0.653759931058
85.0,60.0,0.653938359108
85.0,65.0,0.653465013968
85.0,70.0,0.653470725609
85.0,75.0,0.653473039127
85.0,80.0,0.655460826323
85.0,85.0,0.655752991433
85.0,90.0,0.655273356413
85.0,95.0,0.656906859456
85.0,100.0,0.655614549925
90.0,-100.0,0.657514384288
90.0,-95.0,0.659574448931
90.0,-90.0,0.658477590194
90.0,-85.0,0.656917709966
90.0,-80.0,0.65736257782
90.0,-75.0,0.655006856563
90.0,-70.0,0.655300261803
90.0,-65.0,0.654386830786
90.0,-60.0,0.651685288451
90.0,-55.0,0.651314615358
90.0,-50.0,0.651968934852
90.0,-45.0,0.650216146971
90.0,-40.0,0.651708338911
90.0,-35.0,0.65292077732
90.0,-30.0,0.650085431781
90.0,-25.0,0.650403606372
90.0,-20.0,0.650812151459
90.0,-15.0,0.652200189845
90.0,-10.0,0.648917746462
90.0,-5.0,0.649261554952
90.0,0.0,0.651187349377
90.0,5.0,0.649818758049
90.0,10.0,0.650547795331
90.0,15.0,0.64953470955
90.0,20.0,0.648232939969
90.0,25.0,0.647779404944
90.0,30.0,0.647434907967
90.0,35.0,0.648554906183
90.0,40.0,0.65065674949
90.0,45.0,0.650439228314
90.0,50.0,0.653920672445
90.0,55.0,0.653115159873
90.0,60.0,0.65511948377
90.0,65.0,0.654770355569
90.0,70.0,0.654077681492
90.0,75.0,0.655346516327
90.0,80.0,0.657997423063
90.0,85.0,0.656064355912
90.0,90.0,0.656362024598
90.0,95.0,0.658162469161
90.0,100.0,0.657514384288
95.0,-100.0,0.655666998046
95.0,-95.0,0.65607863196
95.0,-90.0,0.656256791211
95.0,-85.0,0.657238060865
95.0,-80.0,0.656530429399
95.0,-75.0,0.652794556341
95.0,-70.0,0.653795464748
95.0,-65.0,0.653129610227
95.0,-60.0,0.650899576585
95.0,-55.0,0.652173852887
95.0,-50.0,0.652342291502
95.0,-45.0,0.651243350007
95.0,-40.0,0.652420266331
95.0,-35.0,0.651772444334
95.0,-30.0,0.649681811539
95.0,-25.0,0.650293371398
95.0,-20.0,0.651958357869
95.0,-15.0,0.651307735653
95.0,-10.0,0.648946710991
95.0,-5.0,0.649357653137
95.0,0.0,0.649928543245
95.0,5.0,0.649740478601
95.0,10.0,0.650990672452
95.0,15.0,0.649412395434
95.0,20.0,0.646779210895
95.0,25.0,0.646184011899
95.0,30.0,0.649057744197
95.0,35.0,0.650356592825
95.0,40.0,0.651248954783
95.0,45.0,0.650819973554
95.0,50.0,0.653922994291
95.0,55.0,0.652940192414
95.0,60.0,0.654907806421
95.0,65.0,0.655648001827
95.0,70.0,0.655028264153
95.0,75.0,0.655210315981
95.0,80.0,0.654473723237
95.0,85.0,0.653902445283
95.0,90.0,0.65842224783
95.0,95.0,0.658151410471
95.0,100.0,0.655666998046
100.0,-100.0,0.656366649592
100.0,-95.0,0.656697393335
100.0,-90.0,0.656068519557
100.0,-85.0,0.657135022405
100.0,-80.0,0.655251857221
100.0,-75.0,0.652339504305
100.0,-70.0,0.649990473068
100.0,-65.0,0.652241141461
100.0,-60.0,0.651196684811
100.0,-55.0,0.652044131726
100.0,-50.0,0.652178770394
100.0,-45.0,0.651249401256
100.0,-40.0,0.652971780072
100.0,-35.0,0.651940596879
100.0,-30.0,0.650647203193
100.0,-25.0,0.652404951574
100.0,-20.0,0.652356503577
100.0,-15.0,0.651326662248
100.0,-10.0,0.64956126438
100.0,-5.0,0.648414436894
100.0,0.0,0.647688900171
100.0,5.0,0.648058154287
100.0,10.0,0.652572225622
100.0,15.0,0.650346650841
100.0,20.0,0.648750390182
100.0,25.0,0.64712919095
100.0,30.0,0.649308630849
100.0,35.0,0.651036566897
100.0,40.0,0.651493209838
100.0,45.0,0.652536791633
100.0,50.0,0.652422308231
100.0,55.0,0.652925529092
100.0,60.0,0.655344050522
100.0,65.0,0.655840387565
100.0,70.0,0.654231539572
100.0,75.0,0.654494301402
100.0,80.0,0.654064738246
100.0,85.0,0.654899701233
100.0,90.0,0.657972887525
100.0,95.0,0.655510265024
100.0,100.0,0.656366649592
