-100.0,-100.0,0.644186902167
-100.0,-95.0,0.646021314728
-100.0,-90.0,0.644197219955
-100.0,-85.0,0.640435745459
-100.0,-80.0,0.644048157617
-100.0,-75.0,0.643108346604
-100.0,-70.0,0.641015103918
-100.0,-65.0,0.642278300265
-100.0,-60.0,0.645961751954
-100.0,-55.0,0.645217477135
-100.0,-50.0,0.644257832186
-100.0,-45.0,0.64848313567
-100.0,-40.0,0.647270746896
-100.0,-35.0,0.647292245206
-100.0,-30.0,0.652589007684
-100.0,-25.0,0.654375803082
-100.0,-20.0,0.650619340287
-100.0,-15.0,0.649673274423
-100.0,-10.0,0.647800182554
-100.0,-5.0,0.651196006119
-100.0,0.0,0.654305479351
-100.0,5.0,0.652908411212
-100.0,10.0,0.652819586263
-100.0,15.0,0.658881140778
-100.0,20.0,0.66256959493
-100.0,25.0,0.659500800882
-100.0,30.0,0.65457020991
-100.0,35.0,0.654226592828
-100.0,40.0,0.649972312539
-100.0,45.0,0.651236121
-100.0,50.0,0.652307418246
-100.0,55.0,0.652054533379
-100.0,60.0,0.648677344729
-100.0,65.0,0.645369744373
-100.0,70.0,0.645030765105
-100.0,75.0,0.644588468553
-100.0,80.0,0.642811165698
-100.0,85.0,0.645297667353
-100.0,90.0,0.648591568472
-100.0,95.0,0.646048122029
-100.0,100.0,0.644186902167
-95.0,-100.0,0.644294891118
-95.0,-95.0,0.648983515377
-95.0,-90.0,0.646744834058
-95.0,-85.0,0.641541937712
-95.0,-80.0,0.642332246073
-95.0,-75.0,0.642086511741
-95.0,-70.0,0.642866660585
-95.0,-65.0,0.642411033992
-95.0,-60.0,0.643668756481
-95.0,-55.0,0.646584025785
-95.0,-50.0,0.647434696519
-95.0,-45.0,0.646926613825
-95.0,-40.0,0.64797022541
-95.0,-35.0,0.647843125722
-95.0,-30.0,0.64922345358
-95.0,-25.0,0.650215121353
-95.0,-20.0,0.648752669358
-95.0,-15.0,0.649443204225
-95.0,-10.0,0.647898552143
-95.0,-5.0,0.65131763522
-95.0,0.0,0.652589861015
-95.0,5.0,0.649088199784
-95.0,10.0,0.651355098517
-95.0,15.0,0.655136108429
-95.0,20.0,0.657866559254
-95.0,25.0,0.658881520117
-95.0,30.0,0.65133507812
-95.0,35.0,0.648079888481
-95.0,40.0,0.64770856874
-95.0,45.0,0.652361460282
-95.0,50.0,0.65262466903
-95.0,55.0,0.647537566824
-95.0,60.0,0.645270323562
-95.0,65.0,0.642785799011
-95.0,70.0,0.64348896392
-95.0,75.0,0.64502098461
-95.0,80.0,0.64702103969
-95.0,85.0,0.645165576924
-95.0,90.0,0.645354783511
-95.0,95.0,0.646117508364
-95.0,100.0,0.644294891118
-90.0,-100.0,0.645480001347
-90.0,-95.0,0.646087748602
-90.0,-90.0,0.642382238904
-90.0,-85.0,0.639375914303
-90.0,-80.0,0.641365790169
-90.0,-75.0,0.639629119347
-90.0,-70.0,0.64112500122
-90.0,-65.0,0.643456540615
-90.0,-60.0,0.646353160333
-90.0,-55.0,0.648203417943
-90.0,-50.0,0.645841398097
-90.0,-45.0,0.644357718709
-90.0,-40.0,0.643841837023
-90.0,-35.0,0.645592398472
-90.0,-30.0,0.650342983925
-90.0,-25.0,0.648792267313
-90.0,-20.0,0.648956885153
-90.0,-15.0,0.650138195306
-90.0,-10.0,0.65080182538
-90.0,-5.0,0.651044195958
-90.0,0.0,0.651821881232
-90.0,5.0,0.653691272491
-90.0,10.0,0.651496007201
-90.0,15.0,0.652866745153
-90.0,20.0,0.653594435974
-90.0,25.0,0.652795393233
-90.0,30.0,0.647956126945
-90.0,35.0,0.643757754982
-90.0,40.0,0.647223316512
-90.0,45.0,0.650204295873
-90.0,50.0,0.652092351434
-90.0,55.0,0.647248502347
-90.0,60.0,0.649019346024
-90.0,65.0,0.645607952695
-90.0,70.0,0.645011490367
-90.0,75.0,0.645782417288
-90.0,80.0,0.64558258628
-90.0,85.0,0.64201612686
-90.0,90.0,0.642108931243
-90.0,95.0,0.645112164964
-90.0,100.0,0.645480001346
-85.0,-100.0,0.641763430945
-85.0,-95.0,0.643270107615
-85.0,-90.0,0.64411210737
-85.0,-85.0,0.638543376319
-85.0,-80.0,0.640467434264
-85.0,-75.0,0.639079457933
-85.0,-70.0,0.6383141986
-85.0,-65.0,0.644328604103
-85.0,-60.0,0.643261134479
-85.0,-55.0,0.64538181808
-85.0,-50.0,0.643759406147
-85.0,-45.0,0.64206530142
-85.0,-40.0,0.642862401783
-85.0,-35.0,0.644994262516
-85.0,-30.0,0.647649395626
-85.0,-25.0,0.649889571053
-85.0,-20.0,0.649564225005
-85.0,-15.0,0.647918001319
-85.0,-10.0,0.648878137615
-85.0,-5.0,0.649347934445
-85.0,0.0,0.651762622927
-85.0,5.0,0.652184368806
-85.0,10.0,0.653027168265
-85.0,15.0,0.651482074012
-85.0,20.0,0.649299327054
-85.0,25.0,0.646460468549
-85.0,30.0,0.644756368936
-85.0,35.0,0.646112927377
-85.0,40.0,0.646449806348
-85.0,45.0,0.647317346625
-85.0,50.0,0.652201821327
-85.0,55.0,0.65086670002
-85.0,60.0,0.648358395947
-85.0,65.0,0.644916672574
-85.0,70.0,0.644954917937
-85.0,75.0,0.644978883503
-85.0,80.0,0.64479049092
-85.0,85.0,0.646456649125
-85.0,90.0,0.640411086368
-85.0,95.0,0.641821248214
-85.0,100.0,0.641763430945
-80.0,-100.0,0.639161028765
-80.0,-95.0,0.640432520479
-80.0,-90.0,0.641427526663
-80.0,-85.0,0.638998168601
-80.0,-80.0,0.642739254333
-80.0,-75.0,0.645367875925
-80.0,-70.0,0.639621487846
-80.0,-65.0,0.642685838567
-80.0,-60.0,0.641998072873
-80.0,-55.0,0.640620783474
-80.0,-50.0,0.643110122298
-80.0,-45.0,0.643917756089
-80.0,-40.0,0.641643763662
-80.0,-35.0,0.639874213929
-80.0,-30.0,0.643624905261
-80.0,-25.0,0.651127829097
-80.0,-20.0,0.653372527104
-80.0,-15.0,0.653579588212
-80.0,-10.0,0.652980441343
-80.0,-5.0,0.651649055371
-80.0,0.0,0.651380826955
-80.0,5.0,0.653204273531
-80.0,10.0,0.658149627713
-80.0,15.0,0.651663541763
-80.0,20.0,0.647900346578
-80.0,25.0,0.645547468408
-80.0,30.0,0.644133599117
-80.0,35.0,0.648277266617
-80.0,40.0,0.646366902251
-80.0,45.0,0.648403019565
-80.0,50.0,0.648367868751
-80.0,55.0,0.649733230552
-80.0,60.0,0.645876231601
-80.0,65.0,0.644213640945
-80.0,70.0,0.648757354095
-80.0,75.0,0.648375585152
-80.0,80.0,0.64870625697
-80.0,85.0,0.647317974771
-80.0,90.0,0.63844113493
-80.0,95.0,0.638887848561
-80.0,100.0,0.639161028765
-75.0,-100.0,0.641183534031
-75.0,-95.0,0.644089747093
-75.0,-90.0,0.643163555725
-75.0,-85.0,0.641182626593
-75.0,-80.0,0.646885122547
-75.0,-75.0,0.644229112335
-75.0,-70.0,0.640782280375
-75.0,-65.0,0.643213443152
-75.0,-60.0,0.644048667531
-75.0,-55.0,0.642784950868
-75.0,-50.0,0.641604427306
-75.0,-45.0,0.642165712424
-75.0,-40.0,0.642108573712
-75.0,-35.0,0.640800098636
-75.0,-30.0,0.644451705416
-75.0,-25.0,0.651499888044
-75.0,-20.0,0.653288390806
-75.0,-15.0,0.653065525792
-75.0,-10.0,0.652791576244
-75.0,-5.0,0.65321189218
-75.0,0.0,0.653498367062
-75.0,5.0,0.655287803079
-75.0,10.0,0.658158905736
-75.0,15.0,0.654662080266
-75.0,20.0,0.648396945342
-75.0,25.0,0.649070107464
-75.0,30.0,0.646396887517
-75.0,35.0,0.645401483552
-75.0,40.0,0.645926260493
-75.0,45.0,0.650979690685
-75.0,50.0,0.644965728954
-75.0,55.0,0.645586844155
-75.0,60.0,0.64601545786
-75.0,65.0,0.647122709124
-75.0,70.0,0.649169071067
-75.0,75.0,0.645655675682
-75.0,80.0,0.646961803639
-75.0,85.0,0.648745774189
-75.0,90.0,0.643122749555
-75.0,95.0,0.641314647099
-75.0,100.0,0.641183534031
-70.0,-100.0,0.642158936334
-70.0,-95.0,0.644567693096
-70.0,-90.0,0.646147070215
-70.0,-85.0,0.644313793008
-70.0,-80.0,0.642719183649
-70.0,-75.0,0.642768359544
-70.0,-70.0,0.645246945878
-70.0,-65.0,0.645938128296
-70.0,-60.0,0.643841145629
-70.0,-55.0,0.64471006723
-70.0,-50.0,0.63905223803
-70.0,-45.0,0.637694368507
-70.0,-40.0,0.64089886801
-70.0,-35.0,0.642347677407
-70.0,-30.0,0.642545926951
-70.0,-25.0,0.648842577426
-70.0,-20.0,0.652346710222
-70.0,-15.0,0.650436437042
-70.0,-10.0,0.649087718745
-70.0,-5.0,0.650697305315
-70.0,0.0,0.655462033309
-70.0,5.0,0.656675126196
-70.0,10.0,0.661438837469
-70.0,15.0,0.65614431671
-70.0,20.0,0.651145187009
-70.0,25.0,0.648713004305
-70.0,30.0,0.647424721734
-70.0,35.0,0.647063284619
-70.0,40.0,0.64815627878
-70.0,45.0,0.650593648247
-70.0,50.0,0.645862262366
-70.0,55.0,0.642454991105
-70.0,60.0,0.646602444439
-70.0,65.0,0.649972620518
-70.0,70.0,0.651745777841
-70.0,75.0,0.650181885692
-70.0,80.0,0.645077039096
-70.0,85.0,0.644761385114
-70.0,90.0,0.647809312047
-70.0,95.0,0.646322993847
-70.0,100.0,0.642158936335
-65.0,-100.0,0.641637513444
-65.0,-95.0,0.643123478342
-65.0,-90.0,0.643579604786
-65.0,-85.0,0.64407475796
-65.0,-80.0,0.645947093086
-65.0,-75.0,0.645716215617
-65.0,-70.0,0.647963130282
-65.0,-65.0,0.645701786203
-65.0,-60.0,0.645929134697
-65.0,-55.0,0.646424896363
-65.0,-50.0,0.638596403424
-65.0,-45.0,0.639157154244
-65.0,-40.0,0.645235329042
-65.0,-35.0,0.644172265065
-65.0,-30.0,0.640644956934
-65.0,-25.0,0.643810515012
-65.0,-20.0,0.647523705856
-65.0,-15.0,0.651925737569
-65.0,-10.0,0.649935673773
-65.0,-5.0,0.65362883389
-65.0,0.0,0.656951267502
-65.0,5.0,0.653525515907
-65.0,10.0,0.661553917086
-65.0,15.0,0.655044128632
-65.0,20.0,0.649183030477
-65.0,25.0,0.647513972512
-65.0,30.0,0.64957754476
-65.0,35.0,0.649922018315
-65.0,40.0,0.644560048321
-65.0,45.0,0.646790215952
-65.0,50.0,0.648379209851
-65.0,55.0,0.645550003895
-65.0,60.0,0.647913624667
-65.0,65.0,0.644994288823
-65.0,70.0,0.649142684282
-65.0,75.0,0.6479883758
-65.0,80.0,0.647788324075
-65.0,85.0,0.642436640353
-65.0,90.0,0.647712913706
-65.0,95.0,0.648347302209
-65.0,100.0,0.641637513445
-60.0,-100.0,0.644713155201
-60.0,-95.0,0.642135445886
-60.0,-90.0,0.640728957574
-60.0,-85.0,0.644464401304
-60.0,-80.0,0.646075814865
-60.0,-75.0,0.644191986648
-60.0,-70.0,0.648238427927
-60.0,-65.0,0.649643660111
-60.0,-60.0,0.650235961974
-60.0,-55.0,0.650304423802
-60.0,-50.0,0.643671475789
-60.0,-45.0,0.637196289136
-60.0,-40.0,0.641890052973
-60.0,-35.0,0.644136529495
-60.0,-30.0,0.641280359631
-60.0,-25.0,0.644454372868
-60.0,-20.0,0.646231428472
-60.0,-15.0,0.651526798852
-60.0,-10.0,0.650572607202
-60.0,-5.0,0.651543380479
-60.0,0.0,0.657974987491
-60.0,5.0,0.656075089856
-60.0,10.0,0.658882287661
-60.0,15.0,0.654616411271
-60.0,20.0,0.65095626921
-60.0,25.0,0.649928825884
-60.0,30.0,0.65009017205
-60.0,35.0,0.650272755132
-60.0,40.0,0.644089471314
-60.0,45.0,0.643867017646
-60.0,50.0,0.647053854959
-60.0,55.0,0.64523965598
-60.0,60.0,0.648445225259
-60.0,65.0,0.644958616528
-60.0,70.0,0.644541399693
-60.0,75.0,0.645139754943
-60.0,80.0,0.64652580504
-60.0,85.0,0.641957762526
-60.0,90.0,0.643872543001
-60.0,95.0,0.645691280165
-60.0,100.0,0.644713155201
-55.0,-100.0,0.639584646134
-55.0,-95.0,0.640193325863
-55.0,-90.0,0.642510947944
-55.0,-85.0,0.642467116367
-55.0,-80.0,0.641448926091
-55.0,-75.0,0.639154251059
-55.0,-70.0,0.643500454364
-55.0,-65.0,0.647241032785
-55.0,-60.0,0.646606206802
-55.0,-55.0,0.645700495539
-55.0,-50.0,0.640492953448
-55.0,-45.0,0.636099617601
-55.0,-40.0,0.638002574568
-55.0,-35.0,0.640097574381
-55.0,-30.0,0.639436557522
-55.0,-25.0,0.644821672337
-55.0,-20.0,0.648088398017
-55.0,-15.0,0.648141700055
-55.0,-10.0,0.651505728556
-55.0,-5.0,0.655870534773
-55.0,0.0,0.657367279303
-55.0,5.0,0.654335916563
-55.0,10.0,0.657467964115
-55.0,15.0,0.660420970388
-55.0,20.0,0.658763815825
-55.0,25.0,0.649936294609
-55.0,30.0,0.649406091546
-55.0,35.0,0.650834932341
-55.0,40.0,0.645566783515
-55.0,45.0,0.643194039473
-55.0,50.0,0.647459952346
-55.0,55.0,0.646759718616
-55.0,60.0,0.645419862015
-55.0,65.0,0.642953624477
-55.0,70.0,0.644626818494
-55.0,75.0,0.643870798376
-55.0,80.0,0.647124644413
-55.0,85.0,0.647461080613
-55.0,90.0,0.643186306809
-55.0,95.0,0.641657018901
-55.0,100.0,0.639584646134
-50.0,-100.0,0.643549906279
-50.0,-95.0,0.639053885636
-50.0,-90.0,0.640760525605
-50.0,-85.0,0.637055410038
-50.0,-80.0,0.638037418944
-50.0,-75.0,0.641884239839
-50.0,-70.0,0.643579833265
-50.0,-65.0,0.646231705608
-50.0,-60.0,0.643587152959
-50.0,-55.0,0.642563661448
-50.0,-50.0,0.638829066526
-50.0,-45.0,0.638611846692
-50.0,-40.0,0.642456279979
-50.0,-35.0,0.641302701158
-50.0,-30.0,0.641854423155
-50.0,-25.0,0.64697899285
-50.0,-20.0,0.649946901325
-50.0,-15.0,0.650038099444
-50.0,-10.0,0.652410758948
-50.0,-5.0,0.658332397179
-50.0,0.0,0.657754093819
-50.0,5.0,0.658057251223
-50.0,10.0,0.659915935167
-50.0,15.0,0.659550042935
-50.0,20.0,0.657537113432
-50.0,25.0,0.648888649709
-50.0,30.0,0.64414216816
-50.0,35.0,0.646886975334
-50.0,40.0,0.646920685007
-50.0,45.0,0.648237919537
-50.0,50.0,0.647245872138
-50.0,55.0,0.645466101054
-50.0,60.0,0.643707562998
-50.0,65.0,0.644864207818
-50.0,70.0,0.64319322753
-50.0,75.0,0.644157734065
-50.0,80.0,0.645982367524
-50.0,85.0,0.648819252181
-50.0,90.0,0.646876436285
-50.0,95.0,0.645259755633
-50.0,100.0,0.643549906279
-45.0,-100.0,0.642718002048
-45.0,-95.0,0.641072347046
-45.0,-90.0,0.641891243227
-45.0,-85.0,0.637281827435
-45.0,-80.0,0.639308060826
-45.0,-75.0,0.646313853972
-45.0,-70.0,0.643471763984
-45.0,-65.0,0.640724621474
-45.0,-60.0,0.640852569137
-45.0,-55.0,0.641366028571
-45.0,-50.0,0.640739378913
-45.0,-45.0,0.639832048259
-45.0,-40.0,0.642098067782
-45.0,-35.0,0.641055791081
-45.0,-30.0,0.643857925872
-45.0,-25.0,0.650888735884
-45.0,-20.0,0.653113646417
-45.0,-15.0,0.654304213031
-45.0,-10.0,0.654255354908
-45.0,-5.0,0.660746619939
-45.0,0.0,0.660887057944
-45.0,5.0,0.662411789438
-45.0,10.0,0.662609281273
-45.0,15.0,0.660624959434
-45.0,20.0,0.657232343947
-45.0,25.0,0.652836354666
-45.0,30.0,0.647746227777
-45.0,35.0,0.644629776176
-45.0,40.0,0.646169836604
-45.0,45.0,0.64621881968
-45.0,50.0,0.646103400502
-45.0,55.0,0.646262338428
-45.0,60.0,0.642708356192
-45.0,65.0,0.645251925398
-45.0,70.0,0.64499912723
-45.0,75.0,0.646673238546
-45.0,80.0,0.64763456109
-45.0,85.0,0.651488262483
-45.0,90.0,0.647375353689
-45.0,95.0,0.644380841437
-45.0,100.0,0.642718002048
-40.0,-100.0,0.641002907458
-40.0,-95.0,0.643576091634
-40.0,-90.0,0.643520898911
-40.0,-85.0,0.641700591535
-40.0,-80.0,0.645643372157
-40.0,-75.0,0.648032394359
-40.0,-70.0,0.64540063289
-40.0,-65.0,0.643161058259
-40.0,-60.0,0.643559374035
-40.0,-55.0,0.64208805357
-40.0,-50.0,0.640849180123
-40.0,-45.0,0.642160296787
-40.0,-40.0,0.647866166599
-40.0,-35.0,0.648735742563
-40.0,-30.0,0.6499976153
-40.0,-25.0,0.652896234617
-40.0,-20.0,0.656981486495
-40.0,-15.0,0.660326796862
-40.0,-10.0,0.660191491435
-40.0,-5.0,0.661062372433
-40.0,0.0,0.663059757839
-40.0,5.0,0.666491135643
-40.0,10.0,0.661840945485
-40.0,15.0,0.659095319164
-40.0,20.0,0.658763087531
-40.0,25.0,0.656559255724
-40.0,30.0,0.65236087425
-40.0,35.0,0.646440409429
-40.0,40.0,0.649393023954
-40.0,45.0,0.648982665845
-40.0,50.0,0.645698995717
-40.0,55.0,0.645518104209
-40.0,60.0,0.644110085304
-40.0,65.0,0.643148169553
-40.0,70.0,0.647649231198
-40.0,75.0,0.648880274151
-40.0,80.0,0.64651306344
-40.0,85.0,0.649642874248
-40.0,90.0,0.646780631918
-40.0,95.0,0.642342150252
-40.0,100.0,0.641002907458
-35.0,-100.0,0.64188035916
-35.0,-95.0,0.642830679905
-35.0,-90.0,0.644889420093
-35.0,-85.0,0.644820797212
-35.0,-80.0,0.646272606353
-35.0,-75.0,0.642655197438
-35.0,-70.0,0.645260056967
-35.0,-65.0,0.646843777688
-35.0,-60.0,0.645915454946
-35.0,-55.0,0.644111950826
-35.0,-50.0,0.645732044643
-35.0,-45.0,0.643663285133
-35.0,-40.0,0.64845462681
-35.0,-35.0,0.65113156073
-35.0,-30.0,0.652301010903
-35.0,-25.0,0.653962909468
-35.0,-20.0,0.658897053276
-35.0,-15.0,0.662077670278
-35.0,-10.0,0.664500107205
-35.0,-5.0,0.661375630343
-35.0,0.0,0.660641348194
-35.0,5.0,0.661085573064
-35.0,10.0,0.661447863927
-35.0,15.0,0.663188572008
-35.0,20.0,0.659939958527
-35.0,25.0,0.654531518771
-35.0,30.0,0.650526283585
-35.0,35.0,0.647503147727
-35.0,40.0,0.651402068652
-35.0,45.0,0.652484821189
-35.0,50.0,0.648409111127
-35.0,55.0,0.64608589657
-35.0,60.0,0.649176579237
-35.0,65.0,0.649204221459
-35.0,70.0,0.646525986932
-35.0,75.0,0.648280558954
-35.0,80.0,0.646612128235
-35.0,85.0,0.651178149714
-35.0,90.0,0.645794309883
-35.0,95.0,0.642430290988
-35.0,100.0,0.64188035916
-30.0,-100.0,0.646383636931
-30.0,-95.0,0.643568950361
-30.0,-90.0,0.643893571825
-30.0,-85.0,0.641992040962
-30.0,-80.0,0.64427248555
-30.0,-75.0,0.641659813379
-30.0,-70.0,0.642125061284
-30.0,-65.0,0.644118581687
-30.0,-60.0,0.643084100152
-30.0,-55.0,0.643940742611
-30.0,-50.0,0.648472677972
-30.0,-45.0,0.646065280597
-30.0,-40.0,0.647694854659
-30.0,-35.0,0.650791700019
-30.0,-30.0,0.654885824571
-30.0,-25.0,0.657392021014
-30.0,-20.0,0.665217301897
-30.0,-15.0,0.665922192301
-30.0,-10.0,0.666222326081
-30.0,-5.0,0.66327814525
-30.0,0.0,0.658477345305
-30.0,5.0,0.660159251543
-30.0,10.0,0.663591085981
-30.0,15.0,0.66455776338
-30.0,20.0,0.659500169549
-30.0,25.0,0.654833673536
-30.0,30.0,0.649863048775
-30.0,35.0,0.646620270446
-30.0,40.0,0.649512566437
-30.0,45.0,0.649748431187
-30.0,50.0,0.647480863231
-30.0,55.0,0.648316345395
-30.0,60.0,0.650454361165
-30.0,65.0,0.648863421193
-30.0,70.0,0.648290711542
-30.0,75.0,0.649590671255
-30.0,80.0,0.648961109496
-30.0,85.0,0.652460552961
-30.0,90.0,0.650921001159
-30.0,95.0,0.646979979155
-30.0,100.0,0.646383636931
-25.0,-100.0,0.648610088737
-25.0,-95.0,0.648961029948
-25.0,-90.0,0.649356996162
-25.0,-85.0,0.642137820736
-25.0,-80.0,0.646639610885
-25.0,-75.0,0.649743632004
-25.0,-70.0,0.645481240967
-25.0,-65.0,0.646101724313
-25.0,-60.0,0.646764785032
-25.0,-55.0,0.647989610456
-25.0,-50.0,0.651136585116
-25.0,-45.0,0.651467872919
-25.0,-40.0,0.652053632133
-25.0,-35.0,0.652362397228
-25.0,-30.0,0.657844891407
-25.0,-25.0,0.65648031667
-25.0,-20.0,0.661086859596
-25.0,-15.0,0.662049462552
-25.0,-10.0,0.663454279689
-25.0,-5.0,0.665640079067
-25.0,0.0,0.663576500502
-25.0,5.0,0.662623472753
-25.0,10.0,0.663546387976
-25.0,15.0,0.661993320318
-25.0,20.0,0.656295489374
-25.0,25.0,0.656684815147
-25.0,30.0,0.654828557628
-25.0,35.0,0.648363092178
-25.0,40.0,0.647520361496
-25.0,45.0,0.649945324603
-25.0,50.0,0.652805784252
-25.0,55.0,0.649197988807
-25.0,60.0,0.64812285641
-25.0,65.0,0.64986363682
-25.0,70.0,0.650283869966
-25.0,75.0,0.654118372289
-25.0,80.0,0.651890193752
-25.0,85.0,0.65164065766
-25.0,90.0,0.652310408441
-25.0,95.0,0.647265817944
-25.0,100.0,0.648610088737
-20.0,-100.0,0.653736992499
-20.0,-95.0,0.651724813196
-20.0,-90.0,0.648204303984
-20.0,-85.0,0.646776165259
-20.0,-80.0,0.646723322181
-20.0,-75.0,0.647572330229
-20.0,-70.0,0.643588878225
-20.0,-65.0,0.648642043111
-20.0,-60.0,0.647606378525
-20.0,-55.0,0.646766149989
-20.0,-50.0,0.645395980881
-20.0,-45.0,0.647767689924
-20.0,-40.0,0.652966622973
-20.0,-35.0,0.651738088075
-20.0,-30.0,0.658426972753
-20.0,-25.0,0.659373905797
-20.0,-20.0,0.663137972296
-20.0,-15.0,0.66559487254
-20.0,-10.0,0.664322118722
-20.0,-5.0,0.666263520696
-20.0,0.0,0.665552850075
-20.0,5.0,0.663797006384
-20.0,10.0,0.667628869383
-20.0,15.0,0.667243837899
-20.0,20.0,0.660115860837
-20.0,25.0,0.656454759954
-20.0,30.0,0.654933677591
-20.0,35.0,0.652782265532
-20.0,40.0,0.654890311662
-20.0,45.0,0.652372686316
-20.0,50.0,0.64996308948
-20.0,55.0,0.651289933977
-20.0,60.0,0.655112667718
-20.0,65.0,0.658542068388
-20.0,70.0,0.654491962814
-20.0,75.0,0.657472696421
-20.0,80.0,0.657329733667
-20.0,85.0,0.6562423941
-20.0,90.0,0.656170447592
-20.0,95.0,0.650764454893
-20.0,100.0,0.653736992499
-15.0,-100.0,0.652821027274
-15.0,-95.0,0.652464430477
-15.0,-90.0,0.65105775128
-15.0,-85.0,0.651491753971
-15.0,-80.0,0.651735886338
-15.0,-75.0,0.651635607606
-15.0,-70.0,0.64819558189
-15.0,-65.0,0.650827380348
-15.0,-60.0,0.648586777829
-15.0,-55.0,0.648398110586
-15.0,-50.0,0.647509150655
-15.0,-45.0,0.648039171064
-15.0,-40.0,0.652335056862
-15.0,-35.0,0.653650737849
-15.0,-30.0,0.656379483735
-15.0,-25.0,0.659634327126
-15.0,-20.0,0.66345457785
-15.0,-15.0,0.669851805266
-15.0,-10.0,0.668858713455
-15.0,-5.0,0.666779349198
-15.0,0.0,0.665300131971
-15.0,5.0,0.667029259084
-15.0,10.0,0.66876290401
-15.0,15.0,0.669178449765
-15.0,20.0,0.664987035911
-15.0,25.0,0.659781157821
-15.0,30.0,0.654332361221
-15.0,35.0,0.653307790244
-15.0,40.0,0.655003567128
-15.0,45.0,0.653986647739
-15.0,50.0,0.65291575555
-15.0,55.0,0.660876590479
-15.0,60.0,0.662889204896
-15.0,65.0,0.658099293211
-15.0,70.0,0.654288535474
-15.0,75.0,0.65677838306
-15.0,80.0,0.660882329171
-15.0,85.0,0.657609245784
-15.0,90.0,0.654434618755
-15.0,95.0,0.653418541077
-15.0,100.0,0.652821027274
-10.0,-100.0,0.654759549937
-10.0,-95.0,0.65612435899
-10.0,-90.0,0.657376468323
-10.0,-85.0,0.651968151928
-10.0,-80.0,0.653250623403
-10.0,-75.0,0.65308601588
-10.0,-70.0,0.652901495748
-10.0,-65.0,0.653556912611
-10.0,-60.0,0.648568740544
-10.0,-55.0,0.645051596613
-10.0,-50.0,0.648507131004
-10.0,-45.0,0.649294745571
-10.0,-40.0,0.651171973906
-10.0,-35.0,0.654898961225
-10.0,-30.0,0.656288975481
-10.0,-25.0,0.658758206882
-10.0,-20.0,0.661846524518
-10.0,-15.0,0.66348579552
-10.0,-10.0,0.66526253269
-10.0,-5.0,0.665583444599
-10.0,0.0,0.665570474118
-10.0,5.0,0.668699717032
-10.0,10.0,0.667772423819
-10.0,15.0,0.670085900059
-10.0,20.0,0.665919092671
-10.0,25.0,0.661333875985
-10.0,30.0,0.658053523777
-10.0,35.0,0.656347831219
-10.0,40.0,0.656114351628
-10.0,45.0,0.656512921751
-10.0,50.0,0.656061972195
-10.0,55.0,0.66007805653
-10.0,60.0,0.662617485653
-10.0,65.0,0.658051925609
-10.0,70.0,0.659308441991
-10.0,75.0,0.661013018681
-10.0,80.0,0.657918057341
-10.0,85.0,0.65575740689
-10.0,90.0,0.658174275722
-10.0,95.0,0.655328551479
-10.0,100.0,0.654759549937
-5.0,-100.0,0.657780660744
-5.0,-95.0,0.653775854393
-5.0,-90.0,0.655965029748
-5.0,-85.0,0.653491649246
-5.0,-80.0,0.652339571608
-5.0,-75.0,0.651614253677
-5.0,-70.0,0.648730146875
-5.0,-65.0,0.65290650908
-5.0,-60.0,0.650322778043
-5.0,-55.0,0.650061997232
-5.0,-50.0,0.653885787863
-5.0,-45.0,0.652980882307
-5.0,-40.0,0.6533465955
-5.0,-35.0,0.655225535419
-5.0,-30.0,0.655694262054
-5.0,-25.0,0.656240906554
-5.0,-20.0,0.661141445839
-5.0,-15.0,0.665297138382
-5.0,-10.0,0.666257762329
-5.0,-5.0,0.665842375463
-5.0,0.0,0.667798141343
-5.0,5.0,0.670774246819
-5.0,10.0,0.67241397018
-5.0,15.0,0.671905514774
-5.0,20.0,0.667432739637
-5.0,25.0,0.664748844682
-5.0,30.0,0.663613964814
-5.0,35.0,0.660344716375
-5.0,40.0,0.658722935942
-5.0,45.0,0.658220934249
-5.0,50.0,0.660136643078
-5.0,55.0,0.662722689283
-5.0,60.0,0.662409510356
-5.0,65.0,0.662189281551
-5.0,70.0,0.662619666722
-5.0,75.0,0.663400210722
-5.0,80.0,0.657993542631
-5.0,85.0,0.657803979484
-5.0,90.0,0.657705608223
-5.0,95.0,0.656330546387
-5.0,100.0,0.657780660744
0.0,-100.0,0.657082339557
0.0,-95.0,0.656317008821
0.0,-90.0,0.657055739349
0.0,-85.0,0.65611030844
0.0,-80.0,0.656651129576
0.0,-75.0,0.655751905106
0.0,-70.0,0.649728086412
0.0,-65.0,0.653444254276
0.0,-60.0,0.653548230565
0.0,-55.0,0.650629104446
0.0,-50.0,0.650998760101
0.0,-45.0,0.653294286799
0.0,-40.0,0.657201059004
0.0,-35.0,0.656331955004
0.0,-30.0,0.653162637742
0.0,-25.0,0.656875297335
0.0,-20.0,0.660186412541
0.0,-15.0,0.662417656849
0.0,-10.0,0.664425961349
0.0,-5.0,0.662206716221
0.0,0.0,0.662490717992
0.0,5.0,0.665979467747
0.0,10.0,0.667784731682
0.0,15.0,0.667142057382
0.0,20.0,0.666086331078
0.0,25.0,0.665618406256
0.0,30.0,0.66449590746
0.0,35.0,0.663074491705
0.0,40.0,0.66174118789
0.0,45.0,0.662445468969
0.0,50.0,0.663027873732
0.0,55.0,0.663565592765
0.0,60.0,0.664196608025
0.0,65.0,0.667022853632
0.0,70.0,0.666810431644
0.0,75.0,0.662777041587
0.0,80.0,0.661799669392
0.0,85.0,0.661947646826
0.0,90.0,0.660443212749
0.0,95.0,0.658508465376
0.0,100.0,0.657082339557
5.0,-100.0,0.663773419819
5.0,-95.0,0.658654597478
5.0,-90.0,0.659529226794
5.0,-85.0,0.659193783703
5.0,-80.0,0.656588630454
5.0,-75.0,0.655208413899
5.0,-70.0,0.652551496167
5.0,-65.0,0.651079108252
5.0,-60.0,0.647682639072
5.0,-55.0,0.645229926659
5.0,-50.0,0.646514016419
5.0,-45.0,0.651972609748
5.0,-40.0,0.655278407763
5.0,-35.0,0.654518162086
5.0,-30.0,0.652478559523
5.0,-25.0,0.657844617059
5.0,-20.0,0.663724484002
5.0,-15.0,0.664946656532
5.0,-10.0,0.660755814693
5.0,-5.0,0.660975093534
5.0,0.0,0.662490781058
5.0,5.0,0.663317350949
5.0,10.0,0.663802872471
5.0,15.0,0.663293892498
5.0,20.0,0.66291642385
5.0,25.0,0.663722660515
5.0,30.0,0.662312867931
5.0,35.0,0.661377244192
5.0,40.0,0.66326401781
5.0,45.0,0.665583099564
5.0,50.0,0.663874394086
5.0,55.0,0.663079597601
5.0,60.0,0.663267281825
5.0,65.0,0.66594349551
5.0,70.0,0.664534012778
5.0,75.0,0.663333820216
5.0,80.0,0.663999627682
5.0,85.0,0.664627236905
5.0,90.0,0.665263646348
5.0,95.0,0.665727559006
5.0,100.0,0.663773419819
10.0,-100.0,0.66735246228
10.0,-95.0,0.661772696816
10.0,-90.0,0.660914380444
10.0,-85.0,0.663551021781
10.0,-80.0,0.66067309521
10.0,-75.0,0.654768166593
10.0,-70.0,0.652692132378
10.0,-65.0,0.651315234084
10.0,-60.0,0.64664244979
10.0,-55.0,0.651473466156
10.0,-50.0,0.653403628556
10.0,-45.0,0.653813259762
10.0,-40.0,0.658438732264
10.0,-35.0,0.657662022137
10.0,-30.0,0.651832453178
10.0,-25.0,0.654968610816
10.0,-20.0,0.661054497972
10.0,-15.0,0.663177384713
10.0,-10.0,0.658319803813
10.0,-5.0,0.658912288432
10.0,0.0,0.661474145246
10.0,5.0,0.662571722342
10.0,10.0,0.663028568577
10.0,15.0,0.666396897646
10.0,20.0,0.663533123251
10.0,25.0,0.659788862948
10.0,30.0,0.660366024634
10.0,35.0,0.662353018872
10.0,40.0,0.663437505682
10.0,45.0,0.668966465751
10.0,50.0,0.668610255832
10.0,55.0,0.663644056456
10.0,60.0,0.663438244959
10.0,65.0,0.664494169279
10.0,70.0,0.664296500475
10.0,75.0,0.666173756319
10.0,80.0,0.662693253081
10.0,85.0,0.66751635662
10.0,90.0,0.668603738054
10.0,95.0,0.668072435874
10.0,100.0,0.66735246228
15.0,-100.0,0.666596285464
15.0,-95.0,0.66218256311
15.0,-90.0,0.662943187572
15.0,-85.0,0.662046298361
15.0,-80.0,0.658742228811
15.0,-75.0,0.653198564974
15.0,-70.0,0.650643128479
15.0,-65.0,0.651306725923
15.0,-60.0,0.65129635349
15.0,-55.0,0.656337855932
15.0,-50.0,0.659440797246
15.0,-45.0,0.655844195102
15.0,-40.0,0.656810583212
15.0,-35.0,0.656231188832
15.0,-30.0,0.655943846885
15.0,-25.0,0.655554465313
15.0,-20.0,0.658371883339
15.0,-15.0,0.664194413895
15.0,-10.0,0.661650675595
15.0,-5.0,0.662607738342
15.0,0.0,0.661723168312
15.0,5.0,0.662146552475
15.0,10.0,0.662951753659
15.0,15.0,0.665659138847
15.0,20.0,0.660724527134
15.0,25.0,0.658028080267
15.0,30.0,0.659960678329
15.0,35.0,0.662621886691
15.0,40.0,0.666201542489
15.0,45.0,0.668302727426
15.0,50.0,0.669527163074
15.0,55.0,0.666944839536
15.0,60.0,0.666653963529
15.0,65.0,0.665566708995
15.0,70.0,0.664900335113
15.0,75.0,0.665867530849
15.0,80.0,0.663037425959
15.0,85.0,0.668452278136
15.0,90.0,0.668284441996
15.0,95.0,0.664491655737
15.0,100.0,0.666596285464
20.0,-100.0,0.664649741288
20.0,-95.0,0.662132987361
20.0,-90.0,0.660044729132
20.0,-85.0,0.658072061775
20.0,-80.0,0.655506550976
20.0,-75.0,0.653900606798
20.0,-70.0,0.652927057063
20.0,-65.0,0.651280212713
20.0,-60.0,0.654989310107
20.0,-55.0,0.657839577923
20.0,-50.0,0.65965767589
20.0,-45.0,0.654261469264
20.0,-40.0,0.65238402195
20.0,-35.0,0.657261869319
20.0,-30.0,0.657477069052
20.0,-25.0,0.659806284434
20.0,-20.0,0.660889349063
20.0,-15.0,0.663393384508
20.0,-10.0,0.660324935745
20.0,-5.0,0.661627647487
20.0,0.0,0.662084892151
20.0,5.0,0.664565489255
20.0,10.0,0.663306355403
20.0,15.0,0.662872237615
20.0,20.0,0.661055437965
20.0,25.0,0.657202075187
20.0,30.0,0.656892719237
20.0,35.0,0.663045185157
20.0,40.0,0.668272828032
20.0,45.0,0.667805909635
20.0,50.0,0.667868093169
20.0,55.0,0.667994774822
20.0,60.0,0.666745512372
20.0,65.0,0.664741029637
20.0,70.0,0.663833205984
20.0,75.0,0.66365793193
20.0,80.0,0.66040190027
20.0,85.0,0.662949864745
20.0,90.0,0.665576150976
20.0,95.0,0.659308272983
20.0,100.0,0.664649741288
25.0,-100.0,0.662315806801
25.0,-95.0,0.662339819331
25.0,-90.0,0.661706889984
25.0,-85.0,0.656633337728
25.0,-80.0,0.657066332289
25.0,-75.0,0.653801199097
25.0,-70.0,0.655487037844
25.0,-65.0,0.656072565897
25.0,-60.0,0.652518131567
25.0,-55.0,0.654770832156
25.0,-50.0,0.656949010068
25.0,-45.0,0.656057149686
25.0,-40.0,0.652777624965
25.0,-35.0,0.652776771282
25.0,-30.0,0.657392260973
25.0,-25.0,0.658863531786
25.0,-20.0,0.661237115084
25.0,-15.0,0.657398176054
25.0,-10.0,0.654381294314
25.0,-5.0,0.658205083698
25.0,0.0,0.659607698014
25.0,5.0,0.659517515495
25.0,10.0,0.656581291151
25.0,15.0,0.66135438868
25.0,20.0,0.665500212493
25.0,25.0,0.662226811741
25.0,30.0,0.658341849599
25.0,35.0,0.659162415155
25.0,40.0,0.66120833731
25.0,45.0,0.662925362633
25.0,50.0,0.666040176666
25.0,55.0,0.665211890755
25.0,60.0,0.660932409976
25.0,65.0,0.660250056311
25.0,70.0,0.666186848058
25.0,75.0,0.664890865084
25.0,80.0,0.656533490893
25.0,85.0,0.658806648068
25.0,90.0,0.661213236525
25.0,95.0,0.65869376804
25.0,100.0,0.662315806801
30.0,-100.0,0.657462662338
30.0,-95.0,0.657356577269
30.0,-90.0,0.659928517183
30.0,-85.0,0.656490713678
30.0,-80.0,0.656072884705
30.0,-75.0,0.652519982558
30.0,-70.0,0.653066848795
30.0,-65.0,0.653390692855
30.0,-60.0,0.646570966399
30.0,-55.0,0.651174848823
30.0,-50.0,0.655833589777
30.0,-45.0,0.655748794518
30.0,-40.0,0.651317420788
30.0,-35.0,0.651256711793
30.0,-30.0,0.655574318289
30.0,-25.0,0.654761047524
30.0,-20.0,0.66069533928
30.0,-15.0,0.656747572968
30.0,-10.0,0.657851468269
30.0,-5.0,0.658832455736
30.0,0.0,0.662517803714
30.0,5.0,0.657993110236
30.0,10.0,0.657455726351
30.0,15.0,0.661280728496
30.0,20.0,0.661413798553
30.0,25.0,0.659691351801
30.0,30.0,0.656446153915
30.0,35.0,0.658877203527
30.0,40.0,0.660349362144
30.0,45.0,0.662895410132
30.0,50.0,0.664832616559
30.0,55.0,0.664002951605
30.0,60.0,0.661062265965
30.0,65.0,0.661336776806
30.0,70.0,0.661923701268
30.0,75.0,0.661587265548
30.0,80.0,0.659261363797
30.0,85.0,0.6575455725
30.0,90.0,0.656003066447
30.0,95.0,0.656149784547
30.0,100.0,0.657462662338
35.0,-100.0,0.65596868504
35.0,-95.0,0.652373637786
35.0,-90.0,0.657009643779
35.0,-85.0,0.655549350032
35.0,-80.0,0.655405663826
35.0,-75.0,0.655943415028
35.0,-70.0,0.656034879114
35.0,-65.0,0.655300168998
35.0,-60.0,0.653401611363
35.0,-55.0,0.653308176735
35.0,-50.0,0.651451354585
35.0,-45.0,0.65178014106
35.0,-40.0,0.65457383472
35.0,-35.0,0.659396073826
35.0,-30.0,0.655399427113
35.0,-25.0,0.654786501173
35.0,-20.0,0.659591749338
35.0,-15.0,0.661045889043
35.0,-10.0,0.661370955378
35.0,-5.0,0.662540721722
35.0,0.0,0.658859802118
35.0,5.0,0.654254776774
35.0,10.0,0.65744470874
35.0,15.0,0.663047629054
35.0,20.0,0.656756128255
35.0,25.0,0.656862522521
35.0,30.0,0.65742212383
35.0,35.0,0.661431221861
35.0,40.0,0.659599838528
35.0,45.0,0.660663550421
35.0,50.0,0.660886202997
35.0,55.0,0.662198105537
35.0,60.0,0.658226802243
35.0,65.0,0.656439271296
35.0,70.0,0.655005281891
35.0,75.0,0.656039674517
35.0,80.0,0.659463562765
35.0,85.0,0.659097450666
35.0,90.0,0.657172938628
35.0,95.0,0.659510433932
35.0,100.0,0.65596868504
40.0,-100.0,0.655934241925
40.0,-95.0,0.653568036559
40.0,-90.0,0.653751149393
40.0,-85.0,0.650359856114
40.0,-80.0,0.6557015465
40.0,-75.0,0.656685108415
40.0,-70.0,0.653473490176
40.0,-65.0,0.654389075639
40.0,-60.0,0.655598271836
40.0,-55.0,0.655532869407
40.0,-50.0,0.650551293776
40.0,-45.0,0.650646258762
40.0,-40.0,0.65229276654
40.0,-35.0,0.656002717594
40.0,-30.0,0.65573019289
40.0,-25.0,0.654341716762
40.0,-20.0,0.655195109115
40.0,-15.0,0.659344319832
40.0,-10.0,0.657233940876
40.0,-5.0,0.658884833557
40.0,0.0,0.658515439336
40.0,5.0,0.654234909391
40.0,10.0,0.655584843048
40.0,15.0,0.659893878113
40.0,20.0,0.658625247067
40.0,25.0,0.657098916358
40.0,30.0,0.660253848212
40.0,35.0,0.66136551796
40.0,40.0,0.657433851451
40.0,45.0,0.657315822493
40.0,50.0,0.656385061642
40.0,55.0,0.655400207983
40.0,60.0,0.653022536701
40.0,65.0,0.653505399349
40.0,70.0,0.655708184575
40.0,75.0,0.654836078534
40.0,80.0,0.658863914784
40.0,85.0,0.658156977193
40.0,90.0,0.656694436903
40.0,95.0,0.659134593993
40.0,100.0,0.655934241925
45.0,-100.0,0.655057812053
45.0,-95.0,0.652645938324
45.0,-90.0,0.648368866685
45.0,-85.0,0.649980499012
45.0,-80.0,0.654319691646
45.0,-75.0,0.653952905102
45.0,-70.0,0.65103160408
45.0,-65.0,0.654281002857
45.0,-60.0,0.653670927548
45.0,-55.0,0.656183106293
45.0,-50.0,0.658083518277
45.0,-45.0,0.655507849316
45.0,-40.0,0.649410646613
45.0,-35.0,0.654617777581
45.0,-30.0,0.658909759451
45.0,-25.0,0.658356611654
45.0,-20.0,0.654711652869
45.0,-15.0,0.658456366186
45.0,-10.0,0.656190607887
45.0,-5.0,0.657998603806
45.0,0.0,0.658343758517
45.0,5.0,0.655472232806
45.0,10.0,0.656580118442
45.0,15.0,0.660146477546
45.0,20.0,0.660425085414
45.0,25.0,0.656694966098
45.0,30.0,0.660560852508
45.0,35.0,0.66237964991
45.0,40.0,0.653844589586
45.0,45.0,0.65381106429
45.0,50.0,0.655934261618
45.0,55.0,0.653895346094
45.0,60.0,0.659630299556
45.0,65.0,0.658742580118
45.0,70.0,0.656849587205
45.0,75.0,0.653854135305
45.0,80.0,0.655770373136
45.0,85.0,0.655937368001
45.0,90.0,0.656218592147
45.0,95.0,0.654984284697
45.0,100.0,0.655057812053
50.0,-100.0,0.650071512842
50.0,-95.0,0.652992935747
50.0,-90.0,0.647969835013
50.0,-85.0,0.64687480161
50.0,-80.0,0.651905483828
50.0,-75.0,0.652023522128
50.0,-70.0,0.65042875723
50.0,-65.0,0.650422224449
50.0,-60.0,0.650084882977
50.0,-55.0,0.6524822948
50.0,-50.0,0.656875096377
50.0,-45.0,0.657172284028
50.0,-40.0,0.65593698549
50.0,-35.0,0.657199006918
50.0,-30.0,0.656044769372
50.0,-25.0,0.659549496231
50.0,-20.0,0.659489600492
50.0,-15.0,0.659349083613
50.0,-10.0,0.657123549259
50.0,-5.0,0.657225266563
50.0,0.0,0.65868446101
50.0,5.0,0.654498296888
50.0,10.0,0.655869126411
50.0,15.0,0.659455768454
50.0,20.0,0.661408550883
50.0,25.0,0.658901139949
50.0,30.0,0.660124314487
50.0,35.0,0.661943440526
50.0,40.0,0.657985100655
50.0,45.0,0.65597992301
50.0,50.0,0.658299912574
50.0,55.0,0.65576417594
50.0,60.0,0.659880695047
50.0,65.0,0.65747536346
50.0,70.0,0.653794832468
50.0,75.0,0.652404325726
50.0,80.0,0.653877760244
50.0,85.0,0.652303559385
50.0,90.0,0.655186147039
50.0,95.0,0.651230948193
50.0,100.0,0.650071512841
55.0,-100.0,0.647832618672
55.0,-95.0,0.646514257803
55.0,-90.0,0.645400317462
55.0,-85.0,0.646009102677
55.0,-80.0,0.643103978001
55.0,-75.0,0.645389376947
55.0,-70.0,0.646709069481
55.0,-65.0,0.646601860947
55.0,-60.0,0.652844523139
55.0,-55.0,0.654240307216
55.0,-50.0,0.65336621472
55.0,-45.0,0.652521417673
55.0,-40.0,0.655631668597
55.0,-35.0,0.65836808289
55.0,-30.0,0.658823917341
55.0,-25.0,0.661091681415
55.0,-20.0,0.663861694359
55.0,-15.0,0.660054626878
55.0,-10.0,0.656576193471
55.0,-5.0,0.65695030455
55.0,0.0,0.66014516177
55.0,5.0,0.655459424761
55.0,10.0,0.655809028035
55.0,15.0,0.660374812974
55.0,20.0,0.663755249032
55.0,25.0,0.663157743131
55.0,30.0,0.660619376072
55.0,35.0,0.662075540568
55.0,40.0,0.65778369288
55.0,45.0,0.654915492359
55.0,50.0,0.655502443013
55.0,55.0,0.657174155471
55.0,60.0,0.657612515095
55.0,65.0,0.654913722144
55.0,70.0,0.651526042874
55.0,75.0,0.652123643455
55.0,80.0,0.653243320418
55.0,85.0,0.649152908089
55.0,90.0,0.65084104225
55.0,95.0,0.647772767942
55.0,100.0,0.647832618672
60.0,-100.0,0.646550538833
60.0,-95.0,0.643903219092
60.0,-90.0,0.644413779604
60.0,-85.0,0.646737805081
60.0,-80.0,0.642044435067
60.0,-75.0,0.64166059924
60.0,-70.0,0.645647131532
60.0,-65.0,0.646986139292
60.0,-60.0,0.649407850565
60.0,-55.0,0.649490515837
60.0,-50.0,0.647756121957
60.0,-45.0,0.651814416509
60.0,-40.0,0.655039811717
60.0,-35.0,0.65763961807
60.0,-30.0,0.656589311588
60.0,-25.0,0.658911776557
60.0,-20.0,0.657522559594
60.0,-15.0,0.657995949633
60.0,-10.0,0.657916756331
60.0,-5.0,0.655453981377
60.0,0.0,0.655773607259
60.0,5.0,0.655218712658
60.0,10.0,0.661433559027
60.0,15.0,0.662230127762
60.0,20.0,0.663228822264
60.0,25.0,0.664686330267
60.0,30.0,0.660757165036
60.0,35.0,0.659349297156
60.0,40.0,0.654361513121
60.0,45.0,0.655583139319
60.0,50.0,0.659437789367
60.0,55.0,0.656655950463
60.0,60.0,0.654354876079
60.0,65.0,0.65148909811
60.0,70.0,0.65160431194
60.0,75.0,0.655295032182
60.0,80.0,0.65479287497
60.0,85.0,0.650395571274
60.0,90.0,0.652433388094
60.0,95.0,0.649919287388
60.0,100.0,0.646550538833
65.0,-100.0,0.639950607554
65.0,-95.0,0.639807558894
65.0,-90.0,0.641769016907
65.0,-85.0,0.642604108891
65.0,-80.0,0.642979610277
65.0,-75.0,0.64429723763
65.0,-70.0,0.647788971426
65.0,-65.0,0.648318714931
65.0,-60.0,0.647978967655
65.0,-55.0,0.64746884124
65.0,-50.0,0.644633527606
65.0,-45.0,0.649118626048
65.0,-40.0,0.653069403903
65.0,-35.0,0.654753141203
65.0,-30.0,0.656074338427
65.0,-25.0,0.65602381755
65.0,-20.0,0.658226585744
65.0,-15.0,0.660504342534
65.0,-10.0,0.654325024331
65.0,-5.0,0.656367742825
65.0,0.0,0.656563578804
65.0,5.0,0.657660007697
65.0,10.0,0.658579222452
65.0,15.0,0.659508016491
65.0,20.0,0.661320751526
65.0,25.0,0.663977652199
65.0,30.0,0.662097769534
65.0,35.0,0.660031555536
65.0,40.0,0.658487908074
65.0,45.0,0.657258880235
65.0,50.0,0.657567523627
65.0,55.0,0.65566377101
65.0,60.0,0.655410593147
65.0,65.0,0.65530679892
65.0,70.0,0.653874926475
65.0,75.0,0.651662516238
65.0,80.0,0.649175850724
65.0,85.0,0.651635463905
65.0,90.0,0.652555734564
65.0,95.0,0.646359540127
65.0,100.0,0.639950607554
70.0,-100.0,0.644166900211
70.0,-95.0,0.642939212227
70.0,-90.0,0.642582016602
70.0,-85.0,0.641287768466
70.0,-80.0,0.642013969215
70.0,-75.0,0.645829501471
70.0,-70.0,0.646518547759
70.0,-65.0,0.649492168886
70.0,-60.0,0.650887365969
70.0,-55.0,0.649805059164
70.0,-50.0,0.646158975844
70.0,-45.0,0.646182850946
70.0,-40.0,0.652266229319
70.0,-35.0,0.657533269856
70.0,-30.0,0.6526312946
70.0,-25.0,0.654142295127
70.0,-20.0,0.654735817948
70.0,-15.0,0.657151960777
70.0,-10.0,0.65338303725
70.0,-5.0,0.653126455256
70.0,0.0,0.656451391518
70.0,5.0,0.661649780211
70.0,10.0,0.662497839996
70.0,15.0,0.662837013125
70.0,20.0,0.662274975829
70.0,25.0,0.664695041049
70.0,30.0,0.663276928648
70.0,35.0,0.663407315846
70.0,40.0,0.65834229521
70.0,45.0,0.657381099087
70.0,50.0,0.656484026088
70.0,55.0,0.653807049021
70.0,60.0,0.652922648943
70.0,65.0,0.653148251695
70.0,70.0,0.653982267703
70.0,75.0,0.650077552651
70.0,80.0,0.648037678819
70.0,85.0,0.647865780607
70.0,90.0,0.647390757115
70.0,95.0,0.644237202436
70.0,100.0,0.644166900211
75.0,-100.0,0.644856366378
75.0,-95.0,0.641503047275
75.0,-90.0,0.642157632158
75.0,-85.0,0.641591009924
75.0,-80.0,0.640860400758
75.0,-75.0,0.643479073656
75.0,-70.0,0.64424954044
75.0,-65.0,0.647683750364
75.0,-60.0,0.650127808115
75.0,-55.0,0.651672262731
75.0,-50.0,0.648492855072
75.0,-45.0,0.648946220365
75.0,-40.0,0.652429170611
75.0,-35.0,0.653312020442
75.0,-30.0,0.651394403275
75.0,-25.0,0.652792592243
75.0,-20.0,0.650703898306
75.0,-15.0,0.650952309118
75.0,-10.0,0.653288289029
75.0,-5.0,0.653997720139
75.0,0.0,0.658227374999
75.0,5.0,0.660184751679
75.0,10.0,0.662016491917
75.0,15.0,0.660868463012
75.0,20.0,0.661214279159
75.0,25.0,0.662055858783
75.0,30.0,0.65995479957
75.0,35.0,0.659239358229
75.0,40.0,0.658822544454
75.0,45.0,0.660759626337
75.0,50.0,0.659430325848
75.0,55.0,0.658929025991
75.0,60.0,0.650233170832
75.0,65.0,0.651374196435
75.0,70.0,0.651157032919
75.0,75.0,0.646185154776
75.0,80.0,0.647015889608
75.0,85.0,0.643483879703
75.0,90.0,0.642183826577
75.0,95.0,0.643542015683
75.0,100.0,0.644856366378
80.0,-100.0,0.644114946385
80.0,-95.0,0.640627188663
80.0,-90.0,0.6407922471
80.0,-85.0,0.641574391758
80.0,-80.0,0.640020594503
80.0,-75.0,0.640373307113
80.0,-70.0,0.641541347146
80.0,-65.0,0.64277599346
80.0,-60.0,0.644791580168
80.0,-55.0,0.648868585903
80.0,-50.0,0.650071325604
80.0,-45.0,0.64980912516
80.0,-40.0,0.649457878616
80.0,-35.0,0.645954027338
80.0,-30.0,0.649871750361
80.0,-25.0,0.651779866528
80.0,-20.0,0.647827916723
80.0,-15.0,0.647904273828
80.0,-10.0,0.6510474708
80.0,-5.0,0.65312395872
80.0,0.0,0.656840082873
80.0,5.0,0.656999083176
80.0,10.0,0.662691164049
80.0,15.0,0.662406771816
80.0,20.0,0.659471481468
80.0,25.0,0.659868449791
80.0,30.0,0.662929941904
80.0,35.0,0.661550847855
80.0,40.0,0.661052407624
80.0,45.0,0.660694793579
80.0,50.0,0.659126999696
80.0,55.0,0.655233248208
80.0,60.0,0.647521558943
80.0,65.0,0.648622492614
80.0,70.0,0.649277768725
80.0,75.0,0.64717726196
80.0,80.0,0.647871359864
80.0,85.0,0.643685690677
80.0,90.0,0.644340893329
80.0,95.0,0.644383037569
80.0,100.0,0.644114946385
85.0,-100.0,0.641219225571
85.0,-95.0,0.643166563021
85.0,-90.0,0.642513585794
85.0,-85.0,0.64047026187
85.0,-80.0,0.637873104428
85.0,-75.0,0.641888145318
85.0,-70.0,0.644299035721
85.0,-65.0,0.645019522123
85.0,-60.0,0.644339173506
85.0,-55.0,0.643916538755
85.0,-50.0,0.648782485224
85.0,-45.0,0.649832660053
85.0,-40.0,0.649632786024
85.0,-35.0,0.649261722441
85.0,-30.0,0.652118867756
85.0,-25.0,0.65176257848
85.0,-20.0,0.644612674105
85.0,-15.0,0.648330429685
85.0,-10.0,0.653899065409
85.0,-5.0,0.654461381222
85.0,0.0,0.657356281285
85.0,5.0,0.659332944096
85.0,10.0,0.662727412582
85.0,15.0,0.662749397003
85.0,20.0,0.66400925058
85.0,25.0,0.6665814012
85.0,30.0,0.663948465931
85.0,35.0,0.659800431514
85.0,40.0,0.657845490025
85.0,45.0,0.656190505647
85.0,50.0,0.656920740883
85.0,55.0,0.653292714748
85.0,60.0,0.649166592246
85.0,65.0,0.647839047811
85.0,70.0,0.647753263034
85.0,75.0,0.646897253925
85.0,80.0,0.645589986269
85.0,85.0,0.642086184589
85.0,90.0,0.64143106322
85.0,95.0,0.640561953411
85.0,100.0,0.641219225571
90.0,-100.0,0.639972933915
90.0,-95.0,0.643790553681
90.0,-90.0,0.639715900585
90.0,-85.0,0.636698980238
90.0,-80.0,0.638655794916
90.0,-75.0,0.640964192743
90.0,-70.0,0.645039167049
90.0,-65.0,0.645756764476
90.0,-60.0,0.646310775865
90.0,-55.0,0.647657375914
90.0,-50.0,0.643659481592
90.0,-45.0,0.648639361381
90.0,-40.0,0.650485574774
90.0,-35.0,0.646919858507
90.0,-30.0,0.651661474091
90.0,-25.0,0.653247548951
90.0,-20.0,0.64704087965
90.0,-15.0,0.645326819725
90.0,-10.0,0.651992629708
90.0,-5.0,0.654282906432
90.0,0.0,0.659217841943
90.0,5.0,0.66427576651
90.0,10.0,0.66455792572
90.0,15.0,0.665427934446
90.0,20.0,0.664768752553
90.0,25.0,0.666040806652
90.0,30.0,0.659265025474
90.0,35.0,0.657388707405
90.0,40.0,0.660292730926
90.0,45.0,0.653825698702
90.0,50.0,0.654297903663
90.0,55.0,0.651947566882
90.0,60.0,0.649265278343
90.0,65.0,0.648015696675
90.0,70.0,0.647082081986
90.0,75.0,0.646371706929
90.0,80.0,0.644214981386
90.0,85.0,0.639774058339
90.0,90.0,0.637745829283
90.0,95.0,0.637441053882
90.0,100.0,0.639972933915
95.0,-100.0,0.642299806243
95.0,-95.0,0.643159007745
95.0,-90.0,0.63852903134
95.0,-85.0,0.640224374677
95.0,-80.0,0.64267352262
95.0,-75.0,0.640571064551
95.0,-70.0,0.640803014417
95.0,-65.0,0.641096513184
95.0,-60.0,0.646185482911
95.0,-55.0,0.647928324457
95.0,-50.0,0.642482121639
95.0,-45.0,0.647261798072
95.0,-40.0,0.645820782449
95.0,-35.0,0.644587811944
95.0,-30.0,0.651561389992
95.0,-25.0,0.652472550119
95.0,-20.0,0.64762949397
95.0,-15.0,0.646925647087
95.0,-10.0,0.648743197179
95.0,-5.0,0.652357882185
95.0,0.0,0.654972785039
95.0,5.0,0.661873715966
95.0,10.0,0.65842330691
95.0,15.0,0.662613405662
95.0,20.0,0.665727385918
95.0,25.0,0.659675659127
95.0,30.0,0.656469667758
95.0,35.0,0.657420818152
95.0,40.0,0.657340064272
95.0,45.0,0.65222744047
95.0,50.0,0.653112670167
95.0,55.0,0.650743978485
95.0,60.0,0.647750652142
95.0,65.0,0.64708195334
95.0,70.0,0.64528225905
95.0,75.0,0.643417179131
95.0,80.0,0.643992029117
95.0,85.0,0.641754690522
95.0,90.0,0.643231242131
95.0,95.0,0.640970526868
95.0,100.0,0.642299806244
100.0,-100.0,0.644186902167
100.0,-95.0,0.646021314728
100.0,-90.0,0.644197219955
100.0,-85.0,0.640435745459
100.0,-80.0,0.644048157617
100.0,-75.0,0.643108346604
100.0,-70.0,0.641015103918
100.0,-65.0,0.642278300265
100.0,-60.0,0.645961751954
100.0,-55.0,0.645217477135
100.0,-50.0,0.644257832186
100.0,-45.0,0.64848313567
100.0,-40.0,0.647270746896
100.0,-35.0,0.647292245206
100.0,-30.0,0.652589007684
100.0,-25.0,0.654375803082
100.0,-20.0,0.650619340287
100.0,-15.0,0.649673274423
100.0,-10.0,0.647800182554
100.0,-5.0,0.651196006119
100.0,0.0,0.654305479351
100.0,5.0,0.652908411212
100.0,10.0,0.652819586263
100.0,15.0,0.658881140778
100.0,20.0,0.66256959493
100.0,25.0,0.659500800882
100.0,30.0,0.65457020991
100.0,35.0,0.654226592828
100.0,40.0,0.649972312539
100.0,45.0,0.651236121
100.0,50.0,0.652307418246
100.0,55.0,0.652054533379
100.0,60.0,0.648677344729
100.0,65.0,0.645369744373
100.0,70.0,0.645030765105
100.0,75.0,0.644588468553
100.0,80.0,0.642811165697
100.0,85.0,0.645297667353
100.0,90.0,0.648591568472
100.0,95.0,0.646048122029
100.0,100.0,0.644186902167
