-100.0,-100.0,0.557499475596
-100.0,-95.0,0.537749367566
-100.0,-90.0,0.594605532089
-100.0,-85.0,0.605542791691
-100.0,-80.0,0.634856931879
-100.0,-75.0,0.656616550776
-100.0,-70.0,0.619139763031
-100.0,-65.0,0.566285819371
-100.0,-60.0,0.53222318249
-100.0,-55.0,0.473403403171
-100.0,-50.0,0.483469784003
-100.0,-45.0,0.508680207238
-100.0,-40.0,0.469965516925
-100.0,-35.0,0.465508267413
-100.0,-30.0,0.524924261694
-100.0,-25.0,0.577378270447
-100.0,-20.0,0.613709475738
-100.0,-15.0,0.617800072348
-100.0,-10.0,0.638068663432
-100.0,-5.0,0.653276576882
-100.0,0.0,0.667423702197
-100.0,5.0,0.67508243831
-100.0,10.0,0.620159397969
-100.0,15.0,0.584182555994
-100.0,20.0,0.582253895449
-100.0,25.0,0.612302452835
-100.0,30.0,0.609922420921
-100.0,35.0,0.546192590601
-100.0,40.0,0.528195940535
-100.0,45.0,0.553732832326
-100.0,50.0,0.577656843021
-100.0,55.0,0.602573318618
-100.0,60.0,0.593100638443
-100.0,65.0,0.588463891312
-100.0,70.0,0.622774484789
-100.0,75.0,0.625241771031
-100.0,80.0,0.627785951677
-100.0,85.0,0.633752517906
-100.0,90.0,0.602808498799
-100.0,95.0,0.570687973178
-100.0,100.0,0.557499475596
-95.0,-100.0,0.574878171467
-95.0,-95.0,0.584450724594
-95.0,-90.0,0.608428135012
-95.0,-85.0,0.6538547011
-95.0,-80.0,0.67333589626
-95.0,-75.0,0.671877223153
-95.0,-70.0,0.645105585192
-95.0,-65.0,0.593064818982
-95.0,-60.0,0.527767932449
-95.0,-55.0,0.493489988184
-95.0,-50.0,0.516511797501
-95.0,-45.0,0.557506861301
-95.0,-40.0,0.510142414536
-95.0,-35.0,0.477918476972
-95.0,-30.0,0.517631777313
-95.0,-25.0,0.579918734205
-95.0,-20.0,0.597728162818
-95.0,-15.0,0.60519526258
-95.0,-10.0,0.621896593388
-95.0,-5.0,0.657655753203
-95.0,0.0,0.67064770416
-95.0,5.0,0.642048666158
-95.0,10.0,0.599126106964
-95.0,15.0,0.543518348795
-95.0,20.0,0.560180290561
-95.0,25.0,0.615488062711
-95.0,30.0,0.614310584376
-95.0,35.0,0.574938346377
-95.0,40.0,0.546569695917
-95.0,45.0,0.54422821899
-95.0,50.0,0.594325247553
-95.0,55.0,0.637575697298
-95.0,60.0,0.628483497862
-95.0,65.0,0.605301394307
-95.0,70.0,0.622552573578
-95.0,75.0,0.641217958851
-95.0,80.0,0.642991264875
-95.0,85.0,0.645078810289
-95.0,90.0,0.587044898082
-95.0,95.0,0.551458393098
-95.0,100.0,0.574878171467
-90.0,-100.0,0.583437460613
-90.0,-95.0,0.60959333277
-90.0,-90.0,0.622618374454
-90.0,-85.0,0.655197628229
-90.0,-80.0,0.670443532462
-90.0,-75.0,0.688344250834
-90.0,-70.0,0.662840983153
-90.0,-65.0,0.618529684282
-90.0,-60.0,0.542718558845
-90.0,-55.0,0.517388563019
-90.0,-50.0,0.508772366215
-90.0,-45.0,0.522654260785
-90.0,-40.0,0.482923382092
-90.0,-35.0,0.514315267869
-90.0,-30.0,0.558170012417
-90.0,-25.0,0.619444303698
-90.0,-20.0,0.650763125731
-90.0,-15.0,0.628884850498
-90.0,-10.0,0.612329537281
-90.0,-5.0,0.642041680257
-90.0,0.0,0.656607026322
-90.0,5.0,0.602061118147
-90.0,10.0,0.5715573793
-90.0,15.0,0.538421844843
-90.0,20.0,0.552757609915
-90.0,25.0,0.567679986343
-90.0,30.0,0.57620861912
-90.0,35.0,0.552598444288
-90.0,40.0,0.543519284142
-90.0,45.0,0.543454793455
-90.0,50.0,0.577884451582
-90.0,55.0,0.620226919345
-90.0,60.0,0.628473211022
-90.0,65.0,0.598938842999
-90.0,70.0,0.633125470598
-90.0,75.0,0.681978637608
-90.0,80.0,0.685280238235
-90.0,85.0,0.660112003126
-90.0,90.0,0.576440752055
-90.0,95.0,0.565018071017
-90.0,100.0,0.583437460613
-85.0,-100.0,0.609496616788
-85.0,-95.0,0.586475756831
-85.0,-90.0,0.615067452512
-85.0,-85.0,0.660452441808
-85.0,-80.0,0.64795693482
-85.0,-75.0,0.656797913472
-85.0,-70.0,0.652172435541
-85.0,-65.0,0.63776537998
-85.0,-60.0,0.562736198823
-85.0,-55.0,0.510732209617
-85.0,-50.0,0.498999866143
-85.0,-45.0,0.499323023312
-85.0,-40.0,0.520593383503
-85.0,-35.0,0.548096023517
-85.0,-30.0,0.572781489038
-85.0,-25.0,0.627011067786
-85.0,-20.0,0.662710768937
-85.0,-15.0,0.645550078142
-85.0,-10.0,0.628187984195
-85.0,-5.0,0.648581048952
-85.0,0.0,0.647051017546
-85.0,5.0,0.597689382734
-85.0,10.0,0.565626123907
-85.0,15.0,0.583396778649
-85.0,20.0,0.571915301105
-85.0,25.0,0.559858265696
-85.0,30.0,0.567000840812
-85.0,35.0,0.568883701411
-85.0,40.0,0.619720237365
-85.0,45.0,0.618061090168
-85.0,50.0,0.615146675179
-85.0,55.0,0.607073720157
-85.0,60.0,0.623253110863
-85.0,65.0,0.618984343352
-85.0,70.0,0.655598198111
-85.0,75.0,0.684050843673
-85.0,80.0,0.704377525892
-85.0,85.0,0.677689671874
-85.0,90.0,0.633198381395
-85.0,95.0,0.623760558741
-85.0,100.0,0.609496616788
-80.0,-100.0,0.609228905429
-80.0,-95.0,0.600893935887
-80.0,-90.0,0.606302206074
-80.0,-85.0,0.640476474363
-80.0,-80.0,0.637782932182
-80.0,-75.0,0.638101523359
-80.0,-70.0,0.6522823503
-80.0,-65.0,0.653436662794
-80.0,-60.0,0.586947038681
-80.0,-55.0,0.540834665028
-80.0,-50.0,0.543338462939
-80.0,-45.0,0.563029543208
-80.0,-40.0,0.57291284633
-80.0,-35.0,0.599179034786
-80.0,-30.0,0.625342865876
-80.0,-25.0,0.659194606688
-80.0,-20.0,0.681626488514
-80.0,-15.0,0.630061415747
-80.0,-10.0,0.618762254754
-80.0,-5.0,0.609848819973
-80.0,0.0,0.605785173639
-80.0,5.0,0.613567746894
-80.0,10.0,0.623556668105
-80.0,15.0,0.640264509239
-80.0,20.0,0.628615043361
-80.0,25.0,0.600317981985
-80.0,30.0,0.617561038699
-80.0,35.0,0.636055369518
-80.0,40.0,0.671812233544
-80.0,45.0,0.67494362945
-80.0,50.0,0.658658152883
-80.0,55.0,0.650974530082
-80.0,60.0,0.660587406261
-80.0,65.0,0.685890150382
-80.0,70.0,0.698524234517
-80.0,75.0,0.675904293079
-80.0,80.0,0.671965129412
-80.0,85.0,0.680837893196
-80.0,90.0,0.660302302721
-80.0,95.0,0.633571342992
-80.0,100.0,0.609228905429
-75.0,-100.0,0.602368031858
-75.0,-95.0,0.621037037602
-75.0,-90.0,0.605954421095
-75.0,-85.0,0.634380116937
-75.0,-80.0,0.631348627704
-75.0,-75.0,0.640289853124
-75.0,-70.0,0.650341106675
-75.0,-65.0,0.67016458153
-75.0,-60.0,0.63237345657
-75.0,-55.0,0.617202989891
-75.0,-50.0,0.586834508093
-75.0,-45.0,0.598574397647
-75.0,-40.0,0.603949457157
-75.0,-35.0,0.643426965096
-75.0,-30.0,0.669152536193
-75.0,-25.0,0.671066877534
-75.0,-20.0,0.683728998789
-75.0,-15.0,0.646453589465
-75.0,-10.0,0.662151604955
-75.0,-5.0,0.656092824379
-75.0,0.0,0.627874884542
-75.0,5.0,0.629211357024
-75.0,10.0,0.677649799413
-75.0,15.0,0.694180538233
-75.0,20.0,0.680611847515
-75.0,25.0,0.650823963396
-75.0,30.0,0.653061831482
-75.0,35.0,0.678017363437
-75.0,40.0,0.717269649227
-75.0,45.0,0.715339253886
-75.0,50.0,0.681594581855
-75.0,55.0,0.693920584321
-75.0,60.0,0.683042351965
-75.0,65.0,0.725491352083
-75.0,70.0,0.717989836688
-75.0,75.0,0.710729855835
-75.0,80.0,0.668930341713
-75.0,85.0,0.676824083017
-75.0,90.0,0.683486607244
-75.0,95.0,0.615065181684
-75.0,100.0,0.602368031858
-70.0,-100.0,0.61075779162
-70.0,-95.0,0.602793476633
-70.0,-90.0,0.591841901144
-70.0,-85.0,0.622763716003
-70.0,-80.0,0.614527907682
-70.0,-75.0,0.620042967728
-70.0,-70.0,0.64105612123
-70.0,-65.0,0.656440946506
-70.0,-60.0,0.663499645087
-70.0,-55.0,0.650370647351
-70.0,-50.0,0.625806037782
-70.0,-45.0,0.621622650329
-70.0,-40.0,0.643374410836
-70.0,-35.0,0.670582664966
-70.0,-30.0,0.680344208798
-70.0,-25.0,0.6878751447
-70.0,-20.0,0.660742670114
-70.0,-15.0,0.64705321208
-70.0,-10.0,0.667942265542
-70.0,-5.0,0.653468025061
-70.0,0.0,0.644921229744
-70.0,5.0,0.63021670547
-70.0,10.0,0.663542147042
-70.0,15.0,0.68236713392
-70.0,20.0,0.694199920378
-70.0,25.0,0.677261312927
-70.0,30.0,0.672499724336
-70.0,35.0,0.720310995447
-70.0,40.0,0.735493045071
-70.0,45.0,0.716393642952
-70.0,50.0,0.663521543604
-70.0,55.0,0.688773821372
-70.0,60.0,0.677714606624
-70.0,65.0,0.667897773795
-70.0,70.0,0.671113106657
-70.0,75.0,0.682720827192
-70.0,80.0,0.681896931624
-70.0,85.0,0.664367367446
-70.0,90.0,0.679790065024
-70.0,95.0,0.651050506992
-70.0,100.0,0.61075779162
-65.0,-100.0,0.582426246009
-65.0,-95.0,0.544344793389
-65.0,-90.0,0.549611745243
-65.0,-85.0,0.587307234192
-65.0,-80.0,0.607299468728
-65.0,-75.0,0.597792331168
-65.0,-70.0,0.620135033626
-65.0,-65.0,0.639198663915
-65.0,-60.0,0.65636758811
-65.0,-55.0,0.648543124443
-65.0,-50.0,0.636112109933
-65.0,-45.0,0.64774387162
-65.0,-40.0,0.682038675405
-65.0,-35.0,0.714241331797
-65.0,-30.0,0.696194369915
-65.0,-25.0,0.678667148704
-65.0,-20.0,0.64745926253
-65.0,-15.0,0.639503045644
-65.0,-10.0,0.654376375281
-65.0,-5.0,0.657346694768
-65.0,0.0,0.642633171233
-65.0,5.0,0.628421716804
-65.0,10.0,0.64691383622
-65.0,15.0,0.65733011518
-65.0,20.0,0.694270509403
-65.0,25.0,0.670347991688
-65.0,30.0,0.688092323513
-65.0,35.0,0.75124117222
-65.0,40.0,0.738204629412
-65.0,45.0,0.718333768967
-65.0,50.0,0.677784119103
-65.0,55.0,0.686154720973
-65.0,60.0,0.69797325869
-65.0,65.0,0.677485371739
-65.0,70.0,0.68701346372
-65.0,75.0,0.660803445542
-65.0,80.0,0.661482818774
-65.0,85.0,0.690213731988
-65.0,90.0,0.65927473967
-65.0,95.0,0.650539511957
-65.0,100.0,0.582426246009
-60.0,-100.0,0.542753902546
-60.0,-95.0,0.517790596068
-60.0,-90.0,0.540054415488
-60.0,-85.0,0.588523223
-60.0,-80.0,0.588784327802
-60.0,-75.0,0.571345808799
-60.0,-70.0,0.611112661191
-60.0,-65.0,0.628999624715
-60.0,-60.0,0.640419629455
-60.0,-55.0,0.623828099115
-60.0,-50.0,0.631697887003
-60.0,-45.0,0.651641238615
-60.0,-40.0,0.708058880712
-60.0,-35.0,0.705840200476
-60.0,-30.0,0.68985523778
-60.0,-25.0,0.672303224373
-60.0,-20.0,0.686664386188
-60.0,-15.0,0.678428378978
-60.0,-10.0,0.661254260023
-60.0,-5.0,0.699226958692
-60.0,0.0,0.686597401769
-60.0,5.0,0.65967985099
-60.0,10.0,0.651443462769
-60.0,15.0,0.659304509716
-60.0,20.0,0.687448331797
-60.0,25.0,0.705805031755
-60.0,30.0,0.719274108826
-60.0,35.0,0.730875026299
-60.0,40.0,0.733750763209
-60.0,45.0,0.692123306499
-60.0,50.0,0.674038537356
-60.0,55.0,0.671724120723
-60.0,60.0,0.689830900938
-60.0,65.0,0.699158582652
-60.0,70.0,0.688479306388
-60.0,75.0,0.683525207397
-60.0,80.0,0.681110434931
-60.0,85.0,0.667232934379
-60.0,90.0,0.64381125526
-60.0,95.0,0.609901416932
-60.0,100.0,0.542753902546
-55.0,-100.0,0.557342618662
-55.0,-95.0,0.554763548368
-55.0,-90.0,0.586421168979
-55.0,-85.0,0.61132147019
-55.0,-80.0,0.593825015715
-55.0,-75.0,0.622616256157
-55.0,-70.0,0.613651665167
-55.0,-65.0,0.616655777544
-55.0,-60.0,0.652232652592
-55.0,-55.0,0.625914519992
-55.0,-50.0,0.652244967593
-55.0,-45.0,0.65295662639
-55.0,-40.0,0.684221172313
-55.0,-35.0,0.703306368428
-55.0,-30.0,0.700209639744
-55.0,-25.0,0.677736045788
-55.0,-20.0,0.684449067798
-55.0,-15.0,0.665860658329
-55.0,-10.0,0.668943870452
-55.0,-5.0,0.687083858048
-55.0,0.0,0.654899413577
-55.0,5.0,0.663909859899
-55.0,10.0,0.680476049271
-55.0,15.0,0.698439372913
-55.0,20.0,0.694549601375
-55.0,25.0,0.728372603175
-55.0,30.0,0.744645293206
-55.0,35.0,0.733069223974
-55.0,40.0,0.721780066248
-55.0,45.0,0.713712442417
-55.0,50.0,0.705211822119
-55.0,55.0,0.669294702402
-55.0,60.0,0.678512887025
-55.0,65.0,0.689209468654
-55.0,70.0,0.683825813075
-55.0,75.0,0.697046771888
-55.0,80.0,0.688880823655
-55.0,85.0,0.670714425589
-55.0,90.0,0.628213971858
-55.0,95.0,0.589255109505
-55.0,100.0,0.557342618662
-50.0,-100.0,0.567553508588
-50.0,-95.0,0.577516709301
-50.0,-90.0,0.604039159497
-50.0,-85.0,0.604151797846
-50.0,-80.0,0.587038588475
-50.0,-75.0,0.617744717875
-50.0,-70.0,0.605466194786
-50.0,-65.0,0.621992439573
-50.0,-60.0,0.660948092998
-50.0,-55.0,0.671843829813
-50.0,-50.0,0.668313955244
-50.0,-45.0,0.66302594956
-50.0,-40.0,0.688194979456
-50.0,-35.0,0.687153743796
-50.0,-30.0,0.70782644215
-50.0,-25.0,0.702090978889
-50.0,-20.0,0.658702196605
-50.0,-15.0,0.641421464896
-50.0,-10.0,0.642849187084
-50.0,-5.0,0.652888551392
-50.0,0.0,0.648454308026
-50.0,5.0,0.679124858612
-50.0,10.0,0.686626574558
-50.0,15.0,0.723984207455
-50.0,20.0,0.720797364255
-50.0,25.0,0.710999115026
-50.0,30.0,0.727120923462
-50.0,35.0,0.710230840877
-50.0,40.0,0.73945512833
-50.0,45.0,0.727278097139
-50.0,50.0,0.718971382717
-50.0,55.0,0.69825166837
-50.0,60.0,0.679389985077
-50.0,65.0,0.691239473152
-50.0,70.0,0.682375827946
-50.0,75.0,0.695572473309
-50.0,80.0,0.672466707328
-50.0,85.0,0.63627751718
-50.0,90.0,0.636476067789
-50.0,95.0,0.594297704069
-50.0,100.0,0.567553508588
-45.0,-100.0,0.551606291908
-45.0,-95.0,0.538933312444
-45.0,-90.0,0.579103253218
-45.0,-85.0,0.60915876273
-45.0,-80.0,0.607982151901
-45.0,-75.0,0.612539595662
-45.0,-70.0,0.599214691681
-45.0,-65.0,0.655613528158
-45.0,-60.0,0.694483406695
-45.0,-55.0,0.681564148157
-45.0,-50.0,0.692519556731
-45.0,-45.0,0.69752706216
-45.0,-40.0,0.678536264828
-45.0,-35.0,0.699690447729
-45.0,-30.0,0.716203407723
-45.0,-25.0,0.690807310517
-45.0,-20.0,0.683276462806
-45.0,-15.0,0.66364610952
-45.0,-10.0,0.639370910151
-45.0,-5.0,0.643348054559
-45.0,0.0,0.627626315081
-45.0,5.0,0.630509976742
-45.0,10.0,0.686648575198
-45.0,15.0,0.699810184808
-45.0,20.0,0.696717275139
-45.0,25.0,0.685005048306
-45.0,30.0,0.716460793105
-45.0,35.0,0.70709421867
-45.0,40.0,0.741727700279
-45.0,45.0,0.7303463405
-45.0,50.0,0.710485280356
-45.0,55.0,0.708237254608
-45.0,60.0,0.699228626027
-45.0,65.0,0.687418147878
-45.0,70.0,0.681921037641
-45.0,75.0,0.661094466225
-45.0,80.0,0.659550786067
-45.0,85.0,0.639951943832
-45.0,90.0,0.598765314738
-45.0,95.0,0.57614317342
-45.0,100.0,0.551606291908
-40.0,-100.0,0.558025395395
-40.0,-95.0,0.523832246334
-40.0,-90.0,0.535394279188
-40.0,-85.0,0.597528580721
-40.0,-80.0,0.607231343109
-40.0,-75.0,0.621363401302
-40.0,-70.0,0.625693927259
-40.0,-65.0,0.668635751849
-40.0,-60.0,0.692869264848
-40.0,-55.0,0.681994271083
-40.0,-50.0,0.652194005481
-40.0,-45.0,0.690605369689
-40.0,-40.0,0.692746366077
-40.0,-35.0,0.704770071343
-40.0,-30.0,0.716060420094
-40.0,-25.0,0.657731259424
-40.0,-20.0,0.661348875214
-40.0,-15.0,0.66818903779
-40.0,-10.0,0.666010438508
-40.0,-5.0,0.643748158101
-40.0,0.0,0.624493745626
-40.0,5.0,0.602871984727
-40.0,10.0,0.635815202223
-40.0,15.0,0.650532103212
-40.0,20.0,0.684508154779
-40.0,25.0,0.683401933193
-40.0,30.0,0.663781224325
-40.0,35.0,0.683547381769
-40.0,40.0,0.729139354089
-40.0,45.0,0.714289609078
-40.0,50.0,0.675340601723
-40.0,55.0,0.672077513236
-40.0,60.0,0.657985585356
-40.0,65.0,0.692721978104
-40.0,70.0,0.681440246863
-40.0,75.0,0.644906932089
-40.0,80.0,0.636443513056
-40.0,85.0,0.6311467629
-40.0,90.0,0.603702402543
-40.0,95.0,0.581597886359
-40.0,100.0,0.558025395395
-35.0,-100.0,0.588653159178
-35.0,-95.0,0.509615631308
-35.0,-90.0,0.524929114193
-35.0,-85.0,0.573535471796
-35.0,-80.0,0.605731398754
-35.0,-75.0,0.656228331599
-35.0,-70.0,0.657629055723
-35.0,-65.0,0.676179932799
-35.0,-60.0,0.698050133515
-35.0,-55.0,0.687360489647
-35.0,-50.0,0.706567567172
-35.0,-45.0,0.71000142506
-35.0,-40.0,0.693315287175
-35.0,-35.0,0.740046539328
-35.0,-30.0,0.726082154886
-35.0,-25.0,0.676224165672
-35.0,-20.0,0.6769192266
-35.0,-15.0,0.677701051455
-35.0,-10.0,0.633529979192
-35.0,-5.0,0.611566649991
-35.0,0.0,0.604670198401
-35.0,5.0,0.584911479692
-35.0,10.0,0.604508020872
-35.0,15.0,0.641824928759
-35.0,20.0,0.667640688974
-35.0,25.0,0.678373996576
-35.0,30.0,0.674190233649
-35.0,35.0,0.675063193122
-35.0,40.0,0.704067288392
-35.0,45.0,0.695845101074
-35.0,50.0,0.676654999116
-35.0,55.0,0.671186469113
-35.0,60.0,0.666377803458
-35.0,65.0,0.707862333889
-35.0,70.0,0.67729216627
-35.0,75.0,0.651519702141
-35.0,80.0,0.633461288622
-35.0,85.0,0.65224877162
-35.0,90.0,0.625679352699
-35.0,95.0,0.598614107868
-35.0,100.0,0.588653159178
-30.0,-100.0,0.58369299673
-30.0,-95.0,0.541700121644
-30.0,-90.0,0.591697291939
-30.0,-85.0,0.597687158862
-30.0,-80.0,0.632293690589
-30.0,-75.0,0.688294281172
-30.0,-70.0,0.694111532192
-30.0,-65.0,0.669760437585
-30.0,-60.0,0.676966572216
-30.0,-55.0,0.68308697346
-30.0,-50.0,0.689827112195
-30.0,-45.0,0.70454718493
-30.0,-40.0,0.705338624665
-30.0,-35.0,0.726838120606
-30.0,-30.0,0.694316339958
-30.0,-25.0,0.6804483688
-30.0,-20.0,0.674735375405
-30.0,-15.0,0.680006779175
-30.0,-10.0,0.664466299361
-30.0,-5.0,0.656964916725
-30.0,0.0,0.652062774075
-30.0,5.0,0.591324314578
-30.0,10.0,0.622922022226
-30.0,15.0,0.652847657638
-30.0,20.0,0.64593282769
-30.0,25.0,0.677589937579
-30.0,30.0,0.656567979527
-30.0,35.0,0.642467690949
-30.0,40.0,0.702483730477
-30.0,45.0,0.674820608009
-30.0,50.0,0.679457691337
-30.0,55.0,0.668831395427
-30.0,60.0,0.667238737653
-30.0,65.0,0.707760137387
-30.0,70.0,0.702391594759
-30.0,75.0,0.654725296851
-30.0,80.0,0.62217658133
-30.0,85.0,0.625230338859
-30.0,90.0,0.628662767128
-30.0,95.0,0.621930110091
-30.0,100.0,0.58369299673
-25.0,-100.0,0.615974074526
-25.0,-95.0,0.619287061344
-25.0,-90.0,0.643024544241
-25.0,-85.0,0.655494682656
-25.0,-80.0,0.664105931756
-25.0,-75.0,0.669626874318
-25.0,-70.0,0.66516801012
-25.0,-65.0,0.68600401275
-25.0,-60.0,0.677222739543
-25.0,-55.0,0.677371020513
-25.0,-50.0,0.680797837801
-25.0,-45.0,0.710290788397
-25.0,-40.0,0.72661779134
-25.0,-35.0,0.726924214107
-25.0,-30.0,0.720349703875
-25.0,-25.0,0.667837949668
-25.0,-20.0,0.69107894251
-25.0,-15.0,0.678873398628
-25.0,-10.0,0.659795483194
-25.0,-5.0,0.658368061473
-25.0,0.0,0.61441665192
-25.0,5.0,0.587047244849
-25.0,10.0,0.625913218594
-25.0,15.0,0.633506051007
-25.0,20.0,0.626100306172
-25.0,25.0,0.640817228072
-25.0,30.0,0.63255826928
-25.0,35.0,0.630140074158
-25.0,40.0,0.688092079635
-25.0,45.0,0.65656755586
-25.0,50.0,0.647349086942
-25.0,55.0,0.678839174779
-25.0,60.0,0.651432387109
-25.0,65.0,0.700668075118
-25.0,70.0,0.703420265502
-25.0,75.0,0.6666847389
-25.0,80.0,0.636096963923
-25.0,85.0,0.609059098604
-25.0,90.0,0.602701338767
-25.0,95.0,0.620568793811
-25.0,100.0,0.615974074526
-20.0,-100.0,0.640164582682
-20.0,-95.0,0.643976641811
-20.0,-90.0,0.643844779511
-20.0,-85.0,0.66725364963
-20.0,-80.0,0.660123455952
-20.0,-75.0,0.672008394198
-20.0,-70.0,0.690172165521
-20.0,-65.0,0.687598973751
-20.0,-60.0,0.703482156826
-20.0,-55.0,0.697327618305
-20.0,-50.0,0.699256092663
-20.0,-45.0,0.713949961762
-20.0,-40.0,0.722514931667
-20.0,-35.0,0.720779615904
-20.0,-30.0,0.707322582465
-20.0,-25.0,0.696177339084
-20.0,-20.0,0.703204320283
-20.0,-15.0,0.691135845164
-20.0,-10.0,0.644367511196
-20.0,-5.0,0.651360416649
-20.0,0.0,0.621833775787
-20.0,5.0,0.607024767874
-20.0,10.0,0.636399492726
-20.0,15.0,0.622597331818
-20.0,20.0,0.618667954932
-20.0,25.0,0.636028274842
-20.0,30.0,0.61367416965
-20.0,35.0,0.637299890661
-20.0,40.0,0.65306694364
-20.0,45.0,0.667121636232
-20.0,50.0,0.642191983667
-20.0,55.0,0.661990605978
-20.0,60.0,0.674808187165
-20.0,65.0,0.707348488466
-20.0,70.0,0.71762080424
-20.0,75.0,0.707507594313
-20.0,80.0,0.654162168379
-20.0,85.0,0.646852551211
-20.0,90.0,0.635981940142
-20.0,95.0,0.632242489843
-20.0,100.0,0.640164582682
-15.0,-100.0,0.659456422633
-15.0,-95.0,0.668534194009
-15.0,-90.0,0.642984465195
-15.0,-85.0,0.652991592148
-15.0,-80.0,0.667874883535
-15.0,-75.0,0.668512353714
-15.0,-70.0,0.674840924226
-15.0,-65.0,0.731734672116
-15.0,-60.0,0.731884246472
-15.0,-55.0,0.701684054686
-15.0,-50.0,0.696272043682
-15.0,-45.0,0.693597187016
-15.0,-40.0,0.704865046764
-15.0,-35.0,0.724537672532
-15.0,-30.0,0.730581792322
-15.0,-25.0,0.718650908798
-15.0,-20.0,0.725053007508
-15.0,-15.0,0.707677724428
-15.0,-10.0,0.641759909465
-15.0,-5.0,0.670038619336
-15.0,0.0,0.666698703006
-15.0,5.0,0.633766458481
-15.0,10.0,0.638913791218
-15.0,15.0,0.626851901731
-15.0,20.0,0.641360158167
-15.0,25.0,0.635442749832
-15.0,30.0,0.619212507507
-15.0,35.0,0.621421833047
-15.0,40.0,0.641929256347
-15.0,45.0,0.677148377795
-15.0,50.0,0.64629639358
-15.0,55.0,0.628379540259
-15.0,60.0,0.669094282822
-15.0,65.0,0.69809750498
-15.0,70.0,0.713151233692
-15.0,75.0,0.707828931515
-15.0,80.0,0.696066713268
-15.0,85.0,0.692929391685
-15.0,90.0,0.668973811034
-15.0,95.0,0.636599128365
-15.0,100.0,0.659456422633
-10.0,-100.0,0.648244784939
-10.0,-95.0,0.656503781502
-10.0,-90.0,0.674998635246
-10.0,-85.0,0.699445294998
-10.0,-80.0,0.689463259555
-10.0,-75.0,0.689376655444
-10.0,-70.0,0.692103437139
-10.0,-65.0,0.733017921912
-10.0,-60.0,0.691875533632
-10.0,-55.0,0.664456298465
-10.0,-50.0,0.670864431441
-10.0,-45.0,0.68247772351
-10.0,-40.0,0.693213094495
-10.0,-35.0,0.711494461885
-10.0,-30.0,0.71491551283
-10.0,-25.0,0.719109575137
-10.0,-20.0,0.721308928029
-10.0,-15.0,0.743425664317
-10.0,-10.0,0.6816946423
-10.0,-5.0,0.668643529143
-10.0,0.0,0.685471757083
-10.0,5.0,0.651498719012
-10.0,10.0,0.636445031949
-10.0,15.0,0.641873356666
-10.0,20.0,0.649076453284
-10.0,25.0,0.663254395085
-10.0,30.0,0.638841846632
-10.0,35.0,0.6149892263
-10.0,40.0,0.641621817582
-10.0,45.0,0.639173025758
-10.0,50.0,0.651309440438
-10.0,55.0,0.656274134536
-10.0,60.0,0.635725673287
-10.0,65.0,0.673481695172
-10.0,70.0,0.68014813154
-10.0,75.0,0.712352560954
-10.0,80.0,0.730513346366
-10.0,85.0,0.712883728978
-10.0,90.0,0.679673254748
-10.0,95.0,0.654201310172
-10.0,100.0,0.648244784939
-5.0,-100.0,0.660512279382
-5.0,-95.0,0.656842049118
-5.0,-90.0,0.655579379048
-5.0,-85.0,0.702698512968
-5.0,-80.0,0.697501297877
-5.0,-75.0,0.685584355058
-5.0,-70.0,0.706389594962
-5.0,-65.0,0.690950076958
-5.0,-60.0,0.670983570277
-5.0,-55.0,0.667969002808
-5.0,-50.0,0.658607800339
-5.0,-45.0,0.67097917879
-5.0,-40.0,0.684253297034
-5.0,-35.0,0.703103127081
-5.0,-30.0,0.706993800546
-5.0,-25.0,0.724792750404
-5.0,-20.0,0.708892539921
-5.0,-15.0,0.722676372567
-5.0,-10.0,0.694556329404
-5.0,-5.0,0.693541100852
-5.0,0.0,0.696766885636
-5.0,5.0,0.670161062102
-5.0,10.0,0.663281923582
-5.0,15.0,0.697167463528
-5.0,20.0,0.683001072955
-5.0,25.0,0.670852378046
-5.0,30.0,0.665778131832
-5.0,35.0,0.650433770496
-5.0,40.0,0.625135571773
-5.0,45.0,0.625441928915
-5.0,50.0,0.639404671687
-5.0,55.0,0.661044309516
-5.0,60.0,0.65860543371
-5.0,65.0,0.70254763475
-5.0,70.0,0.716696299926
-5.0,75.0,0.708040294012
-5.0,80.0,0.69144891351
-5.0,85.0,0.679808251446
-5.0,90.0,0.696453711448
-5.0,95.0,0.70197175231
-5.0,100.0,0.660512279382
0.0,-100.0,0.674811782628
0.0,-95.0,0.662106656161
0.0,-90.0,0.678237543426
0.0,-85.0,0.695276123428
0.0,-80.0,0.705532937818
0.0,-75.0,0.711545421385
0.0,-70.0,0.688795251484
0.0,-65.0,0.655506435014
0.0,-60.0,0.666848726052
0.0,-55.0,0.669182891399
0.0,-50.0,0.664098668571
0.0,-45.0,0.67353084819
0.0,-40.0,0.655236712048
0.0,-35.0,0.646341256046
0.0,-30.0,0.693935883586
0.0,-25.0,0.702015176201
0.0,-20.0,0.728725372476
0.0,-15.0,0.737823109748
0.0,-10.0,0.706717409715
0.0,-5.0,0.705219609678
0.0,0.0,0.694223420867
0.0,5.0,0.67880312863
0.0,10.0,0.673173915641
0.0,15.0,0.655134860959
0.0,20.0,0.656297384576
0.0,25.0,0.659336010931
0.0,30.0,0.656450762037
0.0,35.0,0.668906897972
0.0,40.0,0.653105327784
0.0,45.0,0.671243961782
0.0,50.0,0.669454481298
0.0,55.0,0.670841276201
0.0,60.0,0.691242442957
0.0,65.0,0.687754873799
0.0,70.0,0.702206289426
0.0,75.0,0.695600316178
0.0,80.0,0.683391162358
0.0,85.0,0.670306365805
0.0,90.0,0.674273054879
0.0,95.0,0.704132083328
0.0,100.0,0.674811782628
5.0,-100.0,0.68378933664
5.0,-95.0,0.668221570724
5.0,-90.0,0.680216735702
5.0,-85.0,0.688463485737
5.0,-80.0,0.723680896418
5.0,-75.0,0.722341693221
5.0,-70.0,0.686090416363
5.0,-65.0,0.648270345304
5.0,-60.0,0.666976297432
5.0,-55.0,0.655846697347
5.0,-50.0,0.669474848313
5.0,-45.0,0.667798283491
5.0,-40.0,0.668023581735
5.0,-35.0,0.664187301192
5.0,-30.0,0.683544885356
5.0,-25.0,0.696801712003
5.0,-20.0,0.703667395977
5.0,-15.0,0.714445815814
5.0,-10.0,0.69710977896
5.0,-5.0,0.689723850358
5.0,0.0,0.685929786597
5.0,5.0,0.638124655665
5.0,10.0,0.627386378755
5.0,15.0,0.638634546743
5.0,20.0,0.648249413994
5.0,25.0,0.669474599214
5.0,30.0,0.646925078916
5.0,35.0,0.66043255694
5.0,40.0,0.658797132114
5.0,45.0,0.674879374558
5.0,50.0,0.658556488919
5.0,55.0,0.641659217443
5.0,60.0,0.675321917367
5.0,65.0,0.70143491838
5.0,70.0,0.73301876978
5.0,75.0,0.69504323838
5.0,80.0,0.680586371035
5.0,85.0,0.682206628856
5.0,90.0,0.675031211916
5.0,95.0,0.699291962771
5.0,100.0,0.68378933664
10.0,-100.0,0.68729665118
10.0,-95.0,0.67218805149
10.0,-90.0,0.676044089015
10.0,-85.0,0.691760984849
10.0,-80.0,0.683048728153
10.0,-75.0,0.711994864923
10.0,-70.0,0.699303329429
10.0,-65.0,0.650292214793
10.0,-60.0,0.66308069724
10.0,-55.0,0.681921381284
10.0,-50.0,0.638301897875
10.0,-45.0,0.639762476123
10.0,-40.0,0.667684215433
10.0,-35.0,0.66101635
10.0,-30.0,0.660586460237
10.0,-25.0,0.72653905889
10.0,-20.0,0.713822880926
10.0,-15.0,0.712674655745
10.0,-10.0,0.719712873776
10.0,-5.0,0.698576810046
10.0,0.0,0.652618012878
10.0,5.0,0.64136624932
10.0,10.0,0.643510462711
10.0,15.0,0.656612547688
10.0,20.0,0.642258991641
10.0,25.0,0.651281134345
10.0,30.0,0.6194306829
10.0,35.0,0.647474734019
10.0,40.0,0.656200277783
10.0,45.0,0.638527794775
10.0,50.0,0.645098324364
10.0,55.0,0.645279644917
10.0,60.0,0.664830584107
10.0,65.0,0.695636819816
10.0,70.0,0.711079712727
10.0,75.0,0.680870786257
10.0,80.0,0.692889631008
10.0,85.0,0.661900053681
10.0,90.0,0.665912955889
10.0,95.0,0.682360883771
10.0,100.0,0.68729665118
15.0,-100.0,0.683777863723
15.0,-95.0,0.664026901703
15.0,-90.0,0.639078820745
15.0,-85.0,0.704497206418
15.0,-80.0,0.694934774335
15.0,-75.0,0.708682340066
15.0,-70.0,0.684691674179
15.0,-65.0,0.665506203422
15.0,-60.0,0.657161416398
15.0,-55.0,0.666666061171
15.0,-50.0,0.660048209355
15.0,-45.0,0.645234931893
15.0,-40.0,0.64149244213
15.0,-35.0,0.660427820791
15.0,-30.0,0.686561375289
15.0,-25.0,0.717515242106
15.0,-20.0,0.704659817828
15.0,-15.0,0.699338636464
15.0,-10.0,0.695687438544
15.0,-5.0,0.659905861294
15.0,0.0,0.662894761278
15.0,5.0,0.648726183353
15.0,10.0,0.645151592024
15.0,15.0,0.675373996509
15.0,20.0,0.651897580695
15.0,25.0,0.647527626333
15.0,30.0,0.669347322404
15.0,35.0,0.675264779334
15.0,40.0,0.668815733733
15.0,45.0,0.660301099039
15.0,50.0,0.659130081454
15.0,55.0,0.662601459005
15.0,60.0,0.68635805141
15.0,65.0,0.68396256582
15.0,70.0,0.704036145229
15.0,75.0,0.685644350096
15.0,80.0,0.67482296134
15.0,85.0,0.638463885608
15.0,90.0,0.66570601501
15.0,95.0,0.661745774308
15.0,100.0,0.683777863723
20.0,-100.0,0.660944011764
20.0,-95.0,0.6799259002
20.0,-90.0,0.66227572487
20.0,-85.0,0.691250350379
20.0,-80.0,0.684515514315
20.0,-75.0,0.657081719907
20.0,-70.0,0.667980436992
20.0,-65.0,0.668902720014
20.0,-60.0,0.670396710905
20.0,-55.0,0.672073744516
20.0,-50.0,0.662388481989
20.0,-45.0,0.642458158893
20.0,-40.0,0.659540724899
20.0,-35.0,0.688502762952
20.0,-30.0,0.71690716034
20.0,-25.0,0.69687929869
20.0,-20.0,0.667473066694
20.0,-15.0,0.671973615293
20.0,-10.0,0.671860906891
20.0,-5.0,0.661448384808
20.0,0.0,0.650961954694
20.0,5.0,0.620684745615
20.0,10.0,0.630382345441
20.0,15.0,0.638745305566
20.0,20.0,0.646878194957
20.0,25.0,0.614398507007
20.0,30.0,0.649763581948
20.0,35.0,0.665863889362
20.0,40.0,0.687598066643
20.0,45.0,0.69300973264
20.0,50.0,0.670237534821
20.0,55.0,0.679452124363
20.0,60.0,0.693433057086
20.0,65.0,0.684853501385
20.0,70.0,0.65815411794
20.0,75.0,0.67373644306
20.0,80.0,0.67962508988
20.0,85.0,0.64828901681
20.0,90.0,0.672463023037
20.0,95.0,0.652289858502
20.0,100.0,0.660944011764
25.0,-100.0,0.666664369942
25.0,-95.0,0.688266956557
25.0,-90.0,0.684997663296
25.0,-85.0,0.679010089408
25.0,-80.0,0.677146199523
25.0,-75.0,0.650789375094
25.0,-70.0,0.661512810671
25.0,-65.0,0.679677188022
25.0,-60.0,0.675456726312
25.0,-55.0,0.68088108953
25.0,-50.0,0.656663971486
25.0,-45.0,0.667945843353
25.0,-40.0,0.689668103376
25.0,-35.0,0.708936585699
25.0,-30.0,0.695614766932
25.0,-25.0,0.676362056499
25.0,-20.0,0.647967560779
25.0,-15.0,0.694529894702
25.0,-10.0,0.692528285858
25.0,-5.0,0.648892460461
25.0,0.0,0.605790364716
25.0,5.0,0.602825983447
25.0,10.0,0.617520470816
25.0,15.0,0.612804558208
25.0,20.0,0.611362481193
25.0,25.0,0.573444176859
25.0,30.0,0.624050047749
25.0,35.0,0.665842761391
25.0,40.0,0.681727614294
25.0,45.0,0.683732322193
25.0,50.0,0.685473803356
25.0,55.0,0.691699089996
25.0,60.0,0.686192343103
25.0,65.0,0.684709514649
25.0,70.0,0.680469614079
25.0,75.0,0.705330290244
25.0,80.0,0.717312074498
25.0,85.0,0.707404102279
25.0,90.0,0.680896241312
25.0,95.0,0.64755970311
25.0,100.0,0.666664369942
30.0,-100.0,0.651625063371
30.0,-95.0,0.684068179696
30.0,-90.0,0.656422777437
30.0,-85.0,0.654337109983
30.0,-80.0,0.660938568002
30.0,-75.0,0.656615708524
30.0,-70.0,0.656426972631
30.0,-65.0,0.69379714963
30.0,-60.0,0.689647652188
30.0,-55.0,0.715117332577
30.0,-50.0,0.705702608339
30.0,-45.0,0.679507286316
30.0,-40.0,0.694911016457
30.0,-35.0,0.723767598297
30.0,-30.0,0.709648874381
30.0,-25.0,0.667739121118
30.0,-20.0,0.669707043144
30.0,-15.0,0.679940566197
30.0,-10.0,0.711357538357
30.0,-5.0,0.664250301409
30.0,0.0,0.597896740784
30.0,5.0,0.585436468356
30.0,10.0,0.595836041135
30.0,15.0,0.591582893649
30.0,20.0,0.56693826398
30.0,25.0,0.57324377235
30.0,30.0,0.613194313179
30.0,35.0,0.655957911836
30.0,40.0,0.652055163147
30.0,45.0,0.668557576586
30.0,50.0,0.670156685066
30.0,55.0,0.670495700635
30.0,60.0,0.698811212043
30.0,65.0,0.695414418556
30.0,70.0,0.69925092865
30.0,75.0,0.722238243658
30.0,80.0,0.706541093932
30.0,85.0,0.712167818956
30.0,90.0,0.704617295158
30.0,95.0,0.659874001305
30.0,100.0,0.651625063371
35.0,-100.0,0.612267375739
35.0,-95.0,0.663226667792
35.0,-90.0,0.656075981696
35.0,-85.0,0.662025390587
35.0,-80.0,0.657281023748
35.0,-75.0,0.650420331368
35.0,-70.0,0.654215355454
35.0,-65.0,0.674358577865
35.0,-60.0,0.668359367821
35.0,-55.0,0.698672044441
35.0,-50.0,0.716965893202
35.0,-45.0,0.714520711002
35.0,-40.0,0.715357329553
35.0,-35.0,0.710001217768
35.0,-30.0,0.718258921565
35.0,-25.0,0.692881036795
35.0,-20.0,0.7104576712
35.0,-15.0,0.683566267905
35.0,-10.0,0.699650373798
35.0,-5.0,0.656455477424
35.0,0.0,0.600309759912
35.0,5.0,0.565120025504
35.0,10.0,0.607465043224
35.0,15.0,0.600168859525
35.0,20.0,0.577768496728
35.0,25.0,0.593534950763
35.0,30.0,0.630573753215
35.0,35.0,0.671660954267
35.0,40.0,0.672478209888
35.0,45.0,0.66120288534
35.0,50.0,0.668568696973
35.0,55.0,0.695275619239
35.0,60.0,0.715457321466
35.0,65.0,0.67627812771
35.0,70.0,0.683100423881
35.0,75.0,0.714659085877
35.0,80.0,0.671137976922
35.0,85.0,0.662204375013
35.0,90.0,0.655241252734
35.0,95.0,0.613931562867
35.0,100.0,0.612267375739
40.0,-100.0,0.609909964977
40.0,-95.0,0.636539484589
40.0,-90.0,0.631121094152
40.0,-85.0,0.666930112029
40.0,-80.0,0.685534763925
40.0,-75.0,0.672257982088
40.0,-70.0,0.679463150645
40.0,-65.0,0.692318309855
40.0,-60.0,0.682798796711
40.0,-55.0,0.691190996908
40.0,-50.0,0.692775753312
40.0,-45.0,0.696805706203
40.0,-40.0,0.736799394564
40.0,-35.0,0.754035180906
40.0,-30.0,0.71022232546
40.0,-25.0,0.703916222345
40.0,-20.0,0.694770349322
40.0,-15.0,0.67074486997
40.0,-10.0,0.690492535062
40.0,-5.0,0.665682627366
40.0,0.0,0.616634392527
40.0,5.0,0.60264307738
40.0,10.0,0.601475223897
40.0,15.0,0.603935991665
40.0,20.0,0.638635199605
40.0,25.0,0.639573444223
40.0,30.0,0.613170562677
40.0,35.0,0.620150120061
40.0,40.0,0.64254555424
40.0,45.0,0.608519933426
40.0,50.0,0.625820796005
40.0,55.0,0.691525440733
40.0,60.0,0.703401292438
40.0,65.0,0.688513765066
40.0,70.0,0.689269631939
40.0,75.0,0.68374555657
40.0,80.0,0.652728306878
40.0,85.0,0.615377433633
40.0,90.0,0.633807039958
40.0,95.0,0.599806890042
40.0,100.0,0.609909964977
45.0,-100.0,0.651936881844
45.0,-95.0,0.655226876201
45.0,-90.0,0.641196196753
45.0,-85.0,0.668087374239
45.0,-80.0,0.672619142433
45.0,-75.0,0.676919848655
45.0,-70.0,0.678791676414
45.0,-65.0,0.70575765871
45.0,-60.0,0.697228949502
45.0,-55.0,0.703572746244
45.0,-50.0,0.728861424465
45.0,-45.0,0.724579880389
45.0,-40.0,0.71398930814
45.0,-35.0,0.721261069534
45.0,-30.0,0.705750602854
45.0,-25.0,0.668162636439
45.0,-20.0,0.683036347018
45.0,-15.0,0.694194813153
45.0,-10.0,0.696518963375
45.0,-5.0,0.660508219305
45.0,0.0,0.60118734399
45.0,5.0,0.603962400997
45.0,10.0,0.616181574704
45.0,15.0,0.632785426428
45.0,20.0,0.633178871196
45.0,25.0,0.635855706533
45.0,30.0,0.619234444987
45.0,35.0,0.61168264909
45.0,40.0,0.64570507387
45.0,45.0,0.642143398958
45.0,50.0,0.640733785014
45.0,55.0,0.683129159291
45.0,60.0,0.710589125418
45.0,65.0,0.717689876705
45.0,70.0,0.691492043323
45.0,75.0,0.679474598862
45.0,80.0,0.659707237338
45.0,85.0,0.643292117049
45.0,90.0,0.644254168337
45.0,95.0,0.625615343707
45.0,100.0,0.651936881844
50.0,-100.0,0.620214429281
50.0,-95.0,0.620453852039
50.0,-90.0,0.63014259139
50.0,-85.0,0.652983982072
50.0,-80.0,0.667716200338
50.0,-75.0,0.678242769431
50.0,-70.0,0.678567651738
50.0,-65.0,0.696774190653
50.0,-60.0,0.698371352639
50.0,-55.0,0.720904786863
50.0,-50.0,0.724317440502
50.0,-45.0,0.705829803981
50.0,-40.0,0.709364332937
50.0,-35.0,0.722619260939
50.0,-30.0,0.725302036276
50.0,-25.0,0.701412622507
50.0,-20.0,0.679293977175
50.0,-15.0,0.639495149114
50.0,-10.0,0.673006093773
50.0,-5.0,0.625060183367
50.0,0.0,0.607765380321
50.0,5.0,0.6190547725
50.0,10.0,0.637843239011
50.0,15.0,0.621393835766
50.0,20.0,0.619940037876
50.0,25.0,0.638065598541
50.0,30.0,0.636688217942
50.0,35.0,0.645895333141
50.0,40.0,0.658826668801
50.0,45.0,0.676015630203
50.0,50.0,0.659295339913
50.0,55.0,0.63653901385
50.0,60.0,0.660042696561
50.0,65.0,0.69240377153
50.0,70.0,0.704033542979
50.0,75.0,0.670963937701
50.0,80.0,0.631510119413
50.0,85.0,0.649270664628
50.0,90.0,0.64776638622
50.0,95.0,0.633139215522
50.0,100.0,0.620214429281
55.0,-100.0,0.597775424816
55.0,-95.0,0.588403954029
55.0,-90.0,0.628048724752
55.0,-85.0,0.663816889289
55.0,-80.0,0.662758620252
55.0,-75.0,0.641539174729
55.0,-70.0,0.665614033909
55.0,-65.0,0.676607129503
55.0,-60.0,0.700455332421
55.0,-55.0,0.730307843232
55.0,-50.0,0.703822269614
55.0,-45.0,0.718651695548
55.0,-40.0,0.705323537527
55.0,-35.0,0.710786032814
55.0,-30.0,0.714506185346
55.0,-25.0,0.687397721881
55.0,-20.0,0.660151586886
55.0,-15.0,0.636979623024
55.0,-10.0,0.672104958705
55.0,-5.0,0.67566719438
55.0,0.0,0.663548338032
55.0,5.0,0.642678892503
55.0,10.0,0.654958998271
55.0,15.0,0.655966368564
55.0,20.0,0.640867262688
55.0,25.0,0.64219570212
55.0,30.0,0.649808088823
55.0,35.0,0.677629833158
55.0,40.0,0.658026819075
55.0,45.0,0.669177034174
55.0,50.0,0.655213136042
55.0,55.0,0.624339029584
55.0,60.0,0.651783621978
55.0,65.0,0.669963098599
55.0,70.0,0.687910885738
55.0,75.0,0.662996611483
55.0,80.0,0.634453574522
55.0,85.0,0.637039441238
55.0,90.0,0.650028105855
55.0,95.0,0.639885028077
55.0,100.0,0.597775424816
60.0,-100.0,0.607064213482
60.0,-95.0,0.610221019738
60.0,-90.0,0.653718976247
60.0,-85.0,0.669567416547
60.0,-80.0,0.68321452062
60.0,-75.0,0.684539721913
60.0,-70.0,0.67525041793
60.0,-65.0,0.681198682428
60.0,-60.0,0.691444878994
60.0,-55.0,0.693873823478
60.0,-50.0,0.686623638177
60.0,-45.0,0.697594448254
60.0,-40.0,0.715182152776
60.0,-35.0,0.721555170167
60.0,-30.0,0.702754099062
60.0,-25.0,0.68374168576
60.0,-20.0,0.682035723887
60.0,-15.0,0.647907063652
60.0,-10.0,0.660737248308
60.0,-5.0,0.690943547642
60.0,0.0,0.680598398839
60.0,5.0,0.656123057276
60.0,10.0,0.66027174169
60.0,15.0,0.706067263586
60.0,20.0,0.694273443986
60.0,25.0,0.681098437101
60.0,30.0,0.672044878134
60.0,35.0,0.701387609001
60.0,40.0,0.691371504952
60.0,45.0,0.708307146288
60.0,50.0,0.6558862256
60.0,55.0,0.637550318434
60.0,60.0,0.648727173085
60.0,65.0,0.675545548365
60.0,70.0,0.691915620304
60.0,75.0,0.663457347495
60.0,80.0,0.62518747906
60.0,85.0,0.601662946217
60.0,90.0,0.617973222781
60.0,95.0,0.629135170004
60.0,100.0,0.607064213482
65.0,-100.0,0.600062678859
65.0,-95.0,0.623446964562
65.0,-90.0,0.669528983922
65.0,-85.0,0.694052990835
65.0,-80.0,0.706763343676
65.0,-75.0,0.697790256496
65.0,-70.0,0.653610189338
65.0,-65.0,0.659439761654
65.0,-60.0,0.673410312199
65.0,-55.0,0.651987529491
65.0,-50.0,0.675627004636
65.0,-45.0,0.688415039051
65.0,-40.0,0.672921062811
65.0,-35.0,0.692072481645
65.0,-30.0,0.697010541368
65.0,-25.0,0.683988259531
65.0,-20.0,0.666462921253
65.0,-15.0,0.663207745098
65.0,-10.0,0.646776524623
65.0,-5.0,0.656919058992
65.0,0.0,0.673103336243
65.0,5.0,0.685046541922
65.0,10.0,0.688745856152
65.0,15.0,0.73025079134
65.0,20.0,0.744640701634
65.0,25.0,0.701142506436
65.0,30.0,0.682332491985
65.0,35.0,0.689001860131
65.0,40.0,0.6959981907
65.0,45.0,0.687891456502
65.0,50.0,0.648648186322
65.0,55.0,0.680957769835
65.0,60.0,0.680496947864
65.0,65.0,0.691766390312
65.0,70.0,0.696157861524
65.0,75.0,0.656808910929
65.0,80.0,0.624926584818
65.0,85.0,0.616860542992
65.0,90.0,0.623433318887
65.0,95.0,0.62247419194
65.0,100.0,0.600062678859
70.0,-100.0,0.622953973128
70.0,-95.0,0.65321326787
70.0,-90.0,0.680704993183
70.0,-85.0,0.679786947431
70.0,-80.0,0.69670430524
70.0,-75.0,0.680875666672
70.0,-70.0,0.615900478123
70.0,-65.0,0.60601685427
70.0,-60.0,0.622724784188
70.0,-55.0,0.619309361816
70.0,-50.0,0.663029240182
70.0,-45.0,0.675404914988
70.0,-40.0,0.658105602831
70.0,-35.0,0.669967267281
70.0,-30.0,0.659157903347
70.0,-25.0,0.645241853236
70.0,-20.0,0.620325561309
70.0,-15.0,0.663718376344
70.0,-10.0,0.657464630308
70.0,-5.0,0.668313475284
70.0,0.0,0.673234462423
70.0,5.0,0.693408788867
70.0,10.0,0.712135265294
70.0,15.0,0.730555010313
70.0,20.0,0.726754101031
70.0,25.0,0.723558309081
70.0,30.0,0.704838208707
70.0,35.0,0.692136125169
70.0,40.0,0.705899816559
70.0,45.0,0.685912128656
70.0,50.0,0.674532464295
70.0,55.0,0.660280451249
70.0,60.0,0.660480742235
70.0,65.0,0.684794471707
70.0,70.0,0.677721563911
70.0,75.0,0.647478310291
70.0,80.0,0.626992389484
70.0,85.0,0.665097573091
70.0,90.0,0.626903019527
70.0,95.0,0.614525870638
70.0,100.0,0.622953973128
75.0,-100.0,0.617603795791
75.0,-95.0,0.624411015295
75.0,-90.0,0.654635600599
75.0,-85.0,0.66389670073
75.0,-80.0,0.668860670712
75.0,-75.0,0.631692937077
75.0,-70.0,0.62484715719
75.0,-65.0,0.634164779767
75.0,-60.0,0.623573895969
75.0,-55.0,0.612508232416
75.0,-50.0,0.6457301509
75.0,-45.0,0.663361020525
75.0,-40.0,0.635854732768
75.0,-35.0,0.638845788387
75.0,-30.0,0.661043769244
75.0,-25.0,0.651956225697
75.0,-20.0,0.633664087438
75.0,-15.0,0.64141586743
75.0,-10.0,0.651262978513
75.0,-5.0,0.681620435491
75.0,0.0,0.699177886084
75.0,5.0,0.716827134127
75.0,10.0,0.712712082518
75.0,15.0,0.736951274347
75.0,20.0,0.743635960916
75.0,25.0,0.775584683839
75.0,30.0,0.744056028038
75.0,35.0,0.715836822339
75.0,40.0,0.719808518932
75.0,45.0,0.702991580856
75.0,50.0,0.674398709026
75.0,55.0,0.657146940529
75.0,60.0,0.675129013879
75.0,65.0,0.69600039446
75.0,70.0,0.686634596208
75.0,75.0,0.681435645958
75.0,80.0,0.650136605417
75.0,85.0,0.646812411092
75.0,90.0,0.637743832943
75.0,95.0,0.613758554675
75.0,100.0,0.617603795791
80.0,-100.0,0.567831922114
80.0,-95.0,0.573489407912
80.0,-90.0,0.608715106938
80.0,-85.0,0.609887730609
80.0,-80.0,0.632242691053
80.0,-75.0,0.61835473257
80.0,-70.0,0.608197911727
80.0,-65.0,0.618076585816
80.0,-60.0,0.619801037414
80.0,-55.0,0.595677531489
80.0,-50.0,0.584323009601
80.0,-45.0,0.579496643828
80.0,-40.0,0.583050433752
80.0,-35.0,0.634920730663
80.0,-30.0,0.639648346043
80.0,-25.0,0.654656720599
80.0,-20.0,0.639238613077
80.0,-15.0,0.640116832244
80.0,-10.0,0.6560924426
80.0,-5.0,0.677495445636
80.0,0.0,0.67532237242
80.0,5.0,0.695935085313
80.0,10.0,0.73896254049
80.0,15.0,0.753495301216
80.0,20.0,0.735477566138
80.0,25.0,0.72186219061
80.0,30.0,0.724799814575
80.0,35.0,0.710343466713
80.0,40.0,0.707230793133
80.0,45.0,0.68854211649
80.0,50.0,0.67035559812
80.0,55.0,0.650871444337
80.0,60.0,0.643886930708
80.0,65.0,0.656086443152
80.0,70.0,0.670599426723
80.0,75.0,0.649014175737
80.0,80.0,0.617343522845
80.0,85.0,0.592249963165
80.0,90.0,0.573036939528
80.0,95.0,0.578119313839
80.0,100.0,0.567831922114
85.0,-100.0,0.593887470082
85.0,-95.0,0.583589739445
85.0,-90.0,0.621413840244
85.0,-85.0,0.631325732471
85.0,-80.0,0.620972234701
85.0,-75.0,0.646112449586
85.0,-70.0,0.646831576532
85.0,-65.0,0.594891681821
85.0,-60.0,0.556393484039
85.0,-55.0,0.558635071959
85.0,-50.0,0.529788293474
85.0,-45.0,0.519118062432
85.0,-40.0,0.550622276741
85.0,-35.0,0.592861395417
85.0,-30.0,0.60762461207
85.0,-25.0,0.653224047632
85.0,-20.0,0.651931252215
85.0,-15.0,0.630695196621
85.0,-10.0,0.635169399547
85.0,-5.0,0.69000186957
85.0,0.0,0.712932154128
85.0,5.0,0.716293909117
85.0,10.0,0.721956118638
85.0,15.0,0.704237904064
85.0,20.0,0.678652655936
85.0,25.0,0.656993436352
85.0,30.0,0.664787885125
85.0,35.0,0.65722855049
85.0,40.0,0.676049461442
85.0,45.0,0.655883795261
85.0,50.0,0.625029049686
85.0,55.0,0.621997584287
85.0,60.0,0.61262833529
85.0,65.0,0.599995934321
85.0,70.0,0.61432899497
85.0,75.0,0.617431677001
85.0,80.0,0.61052018334
85.0,85.0,0.57296872525
85.0,90.0,0.561265204105
85.0,95.0,0.598041674464
85.0,100.0,0.593887470082
90.0,-100.0,0.598799899563
90.0,-95.0,0.575276152591
90.0,-90.0,0.596700315072
90.0,-85.0,0.634009108445
90.0,-80.0,0.62528539678
90.0,-75.0,0.632606723493
90.0,-70.0,0.604613723954
90.0,-65.0,0.568444275464
90.0,-60.0,0.522585016848
90.0,-55.0,0.51647318551
90.0,-50.0,0.487492649868
90.0,-45.0,0.465448210318
90.0,-40.0,0.513133575725
90.0,-35.0,0.558698693709
90.0,-30.0,0.56463724388
90.0,-25.0,0.604316819915
90.0,-20.0,0.641164791334
90.0,-15.0,0.644045511685
90.0,-10.0,0.636379947171
90.0,-5.0,0.668650738465
90.0,0.0,0.690441161433
90.0,5.0,0.674012987571
90.0,10.0,0.665356890657
90.0,15.0,0.637678614077
90.0,20.0,0.625992001473
90.0,25.0,0.607368787597
90.0,30.0,0.599472225761
90.0,35.0,0.594609474377
90.0,40.0,0.581211675508
90.0,45.0,0.575208947447
90.0,50.0,0.586689415939
90.0,55.0,0.629571805322
90.0,60.0,0.602879161913
90.0,65.0,0.597916521312
90.0,70.0,0.613761289672
90.0,75.0,0.617921954082
90.0,80.0,0.604581536102
90.0,85.0,0.577138143534
90.0,90.0,0.585204880703
90.0,95.0,0.598639752646
90.0,100.0,0.598799899563
95.0,-100.0,0.570878500097
95.0,-95.0,0.57408333591
95.0,-90.0,0.573984162328
95.0,-85.0,0.60751229615
95.0,-80.0,0.654831075458
95.0,-75.0,0.651581330576
95.0,-70.0,0.621809598679
95.0,-65.0,0.582315871872
95.0,-60.0,0.526804663643
95.0,-55.0,0.467107899195
95.0,-50.0,0.45269709921
95.0,-45.0,0.454033836096
95.0,-40.0,0.458963262625
95.0,-35.0,0.496546879742
95.0,-30.0,0.559657837611
95.0,-25.0,0.613056815701
95.0,-20.0,0.614891047854
95.0,-15.0,0.634209924271
95.0,-10.0,0.637329291137
95.0,-5.0,0.651148756295
95.0,0.0,0.681628975716
95.0,5.0,0.648164405288
95.0,10.0,0.631977521178
95.0,15.0,0.611679531414
95.0,20.0,0.599753019012
95.0,25.0,0.608035721442
95.0,30.0,0.578519169704
95.0,35.0,0.537382564774
95.0,40.0,0.527093141006
95.0,45.0,0.547292721715
95.0,50.0,0.59787369861
95.0,55.0,0.624720645177
95.0,60.0,0.604349543037
95.0,65.0,0.603766784535
95.0,70.0,0.624985554195
95.0,75.0,0.631485770946
95.0,80.0,0.60584537544
95.0,85.0,0.582463341545
95.0,90.0,0.576875228025
95.0,95.0,0.562481787277
95.0,100.0,0.570878500097
100.0,-100.0,0.557499475596
100.0,-95.0,0.537749367566
100.0,-90.0,0.594605532089
100.0,-85.0,0.605542791691
100.0,-80.0,0.634856931879
100.0,-75.0,0.656616550776
100.0,-70.0,0.619139763031
100.0,-65.0,0.566285819371
100.0,-60.0,0.53222318249
100.0,-55.0,0.473403403171
100.0,-50.0,0.483469784003
100.0,-45.0,0.508680207238
100.0,-40.0,0.469965516925
100.0,-35.0,0.465508267413
100.0,-30.0,0.524924261694
100.0,-25.0,0.577378270447
100.0,-20.0,0.613709475738
100.0,-15.0,0.617800072348
100.0,-10.0,0.638068663432
100.0,-5.0,0.653276576882
100.0,0.0,0.667423702197
100.0,5.0,0.67508243831
100.0,10.0,0.620159397969
100.0,15.0,0.584182555994
100.0,20.0,0.582253895449
100.0,25.0,0.612302452835
100.0,30.0,0.609922420921
100.0,35.0,0.546192590601
100.0,40.0,0.528195940535
100.0,45.0,0.553732832326
100.0,50.0,0.577656843021
100.0,55.0,0.602573318618
100.0,60.0,0.593100638443
100.0,65.0,0.588463891312
100.0,70.0,0.622774484789
100.0,75.0,0.625241771031
100.0,80.0,0.627785951677
100.0,85.0,0.633752517906
100.0,90.0,0.602808498799
100.0,95.0,0.570687973178
100.0,100.0,0.557499475596
