-100.0,-100.0,0.628890991796
-100.0,-95.0,0.629358363329
-100.0,-90.0,0.638292974847
-100.0,-85.0,0.638973515245
-100.0,-80.0,0.636898505418
-100.0,-75.0,0.634425034954
-100.0,-70.0,0.635846615667
-100.0,-65.0,0.641209578194
-100.0,-60.0,0.64384769113
-100.0,-55.0,0.643675837037
-100.0,-50.0,0.640526841724
-100.0,-45.0,0.639018613205
-100.0,-40.0,0.638334240841
-100.0,-35.0,0.638991760487
-100.0,-30.0,0.64416815115
-100.0,-25.0,0.642857301236
-100.0,-20.0,0.647195832723
-100.0,-15.0,0.650997206804
-100.0,-10.0,0.648776291502
-100.0,-5.0,0.647977231909
-100.0,0.0,0.642258660577
-100.0,5.0,0.646181655154
-100.0,10.0,0.648528676783
-100.0,15.0,0.647918573724
-100.0,20.0,0.647825380625
-100.0,25.0,0.644773746467
-100.0,30.0,0.641636902109
-100.0,35.0,0.645789950094
-100.0,40.0,0.646016587107
-100.0,45.0,0.646974573064
-100.0,50.0,0.644191477573
-100.0,55.0,0.644046432548
-100.0,60.0,0.64373474307
-100.0,65.0,0.643611857312
-100.0,70.0,0.644220935117
-100.0,75.0,0.641712006711
-100.0,80.0,0.637748225229
-100.0,85.0,0.637011179668
-100.0,90.0,0.635964802136
-100.0,95.0,0.632294356755
-100.0,100.0,0.628890991796
-95.0,-100.0,0.632906781472
-95.0,-95.0,0.631644600378
-95.0,-90.0,0.637830874098
-95.0,-85.0,0.642332631141
-95.0,-80.0,0.641171108032
-95.0,-75.0,0.631237361693
-95.0,-70.0,0.634142514784
-95.0,-65.0,0.640916635603
-95.0,-60.0,0.642132445497
-95.0,-55.0,0.642716424791
-95.0,-50.0,0.641170444114
-95.0,-45.0,0.639192599284
-95.0,-40.0,0.640719648455
-95.0,-35.0,0.641608804755
-95.0,-30.0,0.644829133829
-95.0,-25.0,0.646513325089
-95.0,-20.0,0.646227279738
-95.0,-15.0,0.64704494379
-95.0,-10.0,0.647685161985
-95.0,-5.0,0.648301999611
-95.0,0.0,0.644354784805
-95.0,5.0,0.64533227319
-95.0,10.0,0.647342420517
-95.0,15.0,0.64644896425
-95.0,20.0,0.648830004822
-95.0,25.0,0.641333602664
-95.0,30.0,0.641030460265
-95.0,35.0,0.64467926615
-95.0,40.0,0.642662651304
-95.0,45.0,0.643354228137
-95.0,50.0,0.642476007942
-95.0,55.0,0.646661897931
-95.0,60.0,0.646437064264
-95.0,65.0,0.645735612517
-95.0,70.0,0.645915459929
-95.0,75.0,0.642049112698
-95.0,80.0,0.638998343466
-95.0,85.0,0.635694218118
-95.0,90.0,0.637510503616
-95.0,95.0,0.634802960996
-95.0,100.0,0.632906781472
-90.0,-100.0,0.634073882048
-90.0,-95.0,0.635047695318
-90.0,-90.0,0.638595305738
-90.0,-85.0,0.640575294676
-90.0,-80.0,0.638869546781
-90.0,-75.0,0.633991620153
-90.0,-70.0,0.634090095041
-90.0,-65.0,0.635880859756
-90.0,-60.0,0.637847363963
-90.0,-55.0,0.638318511384
-90.0,-50.0,0.641225547724
-90.0,-45.0,0.641567941397
-90.0,-40.0,0.643996722507
-90.0,-35.0,0.643578940021
-90.0,-30.0,0.643895841333
-90.0,-25.0,0.647165395968
-90.0,-20.0,0.649453521281
-90.0,-15.0,0.645397124695
-90.0,-10.0,0.64636201616
-90.0,-5.0,0.64791295884
-90.0,0.0,0.646681616579
-90.0,5.0,0.644167666214
-90.0,10.0,0.644783674349
-90.0,15.0,0.648658939426
-90.0,20.0,0.647493627222
-90.0,25.0,0.643189953858
-90.0,30.0,0.643712988494
-90.0,35.0,0.644485969928
-90.0,40.0,0.644173934758
-90.0,45.0,0.642203879296
-90.0,50.0,0.643499578461
-90.0,55.0,0.647985362969
-90.0,60.0,0.650271189239
-90.0,65.0,0.64591719293
-90.0,70.0,0.644533659848
-90.0,75.0,0.645498443248
-90.0,80.0,0.637729606084
-90.0,85.0,0.634537336406
-90.0,90.0,0.634598446945
-90.0,95.0,0.634374871451
-90.0,100.0,0.634073882048
-85.0,-100.0,0.634469968128
-85.0,-95.0,0.638524656367
-85.0,-90.0,0.63808845274
-85.0,-85.0,0.635353162142
-85.0,-80.0,0.634660594551
-85.0,-75.0,0.63327300606
-85.0,-70.0,0.63267124721
-85.0,-65.0,0.634890364145
-85.0,-60.0,0.638264201202
-85.0,-55.0,0.642454254379
-85.0,-50.0,0.641222707849
-85.0,-45.0,0.641522241506
-85.0,-40.0,0.642483220335
-85.0,-35.0,0.643596152018
-85.0,-30.0,0.645432011486
-85.0,-25.0,0.645662769765
-85.0,-20.0,0.651892082371
-85.0,-15.0,0.649889933136
-85.0,-10.0,0.647919221324
-85.0,-5.0,0.649556838792
-85.0,0.0,0.648868848288
-85.0,5.0,0.647709965081
-85.0,10.0,0.646606109383
-85.0,15.0,0.648002244787
-85.0,20.0,0.646569278068
-85.0,25.0,0.646298204941
-85.0,30.0,0.644663954202
-85.0,35.0,0.642751449131
-85.0,40.0,0.642114650163
-85.0,45.0,0.642048417363
-85.0,50.0,0.644054341982
-85.0,55.0,0.648291381429
-85.0,60.0,0.649992952926
-85.0,65.0,0.646321120617
-85.0,70.0,0.644240204766
-85.0,75.0,0.642017206099
-85.0,80.0,0.636141589519
-85.0,85.0,0.634067218713
-85.0,90.0,0.635421338752
-85.0,95.0,0.638295819556
-85.0,100.0,0.634469968128
-80.0,-100.0,0.635848489702
-80.0,-95.0,0.638875988641
-80.0,-90.0,0.640323071768
-80.0,-85.0,0.638844053867
-80.0,-80.0,0.636204584386
-80.0,-75.0,0.635803711656
-80.0,-70.0,0.63920965249
-80.0,-65.0,0.638814412915
-80.0,-60.0,0.642051935275
-80.0,-55.0,0.64677089351
-80.0,-50.0,0.640269770691
-80.0,-45.0,0.639231158118
-80.0,-40.0,0.639847978326
-80.0,-35.0,0.641829321807
-80.0,-30.0,0.644117974793
-80.0,-25.0,0.649997544828
-80.0,-20.0,0.651081185984
-80.0,-15.0,0.65158147065
-80.0,-10.0,0.651776893272
-80.0,-5.0,0.65435985003
-80.0,0.0,0.650075000207
-80.0,5.0,0.646863840234
-80.0,10.0,0.648294795567
-80.0,15.0,0.650350761849
-80.0,20.0,0.647737329211
-80.0,25.0,0.64695846617
-80.0,30.0,0.643879299033
-80.0,35.0,0.643937647945
-80.0,40.0,0.645261830079
-80.0,45.0,0.644380654138
-80.0,50.0,0.647310091577
-80.0,55.0,0.649376776835
-80.0,60.0,0.648737339205
-80.0,65.0,0.645530611789
-80.0,70.0,0.642471501313
-80.0,75.0,0.640039516778
-80.0,80.0,0.639523471752
-80.0,85.0,0.638880068937
-80.0,90.0,0.638368500437
-80.0,95.0,0.639562346894
-80.0,100.0,0.635848489702
-75.0,-100.0,0.638832382238
-75.0,-95.0,0.640823383912
-75.0,-90.0,0.640123640057
-75.0,-85.0,0.640913080388
-75.0,-80.0,0.641000500438
-75.0,-75.0,0.637084490402
-75.0,-70.0,0.638957970609
-75.0,-65.0,0.642241542725
-75.0,-60.0,0.643959168985
-75.0,-55.0,0.642113592445
-75.0,-50.0,0.640939698002
-75.0,-45.0,0.639479551596
-75.0,-40.0,0.638486156693
-75.0,-35.0,0.640186833048
-75.0,-30.0,0.644357100963
-75.0,-25.0,0.649847038741
-75.0,-20.0,0.648638812951
-75.0,-15.0,0.647696664371
-75.0,-10.0,0.650519772322
-75.0,-5.0,0.657933224557
-75.0,0.0,0.655142721321
-75.0,5.0,0.651380085008
-75.0,10.0,0.651224891171
-75.0,15.0,0.651891941852
-75.0,20.0,0.649541587162
-75.0,25.0,0.649954187699
-75.0,30.0,0.649318325388
-75.0,35.0,0.647003604616
-75.0,40.0,0.64907466472
-75.0,45.0,0.646244496351
-75.0,50.0,0.647172741273
-75.0,55.0,0.649623900284
-75.0,60.0,0.6468191008
-75.0,65.0,0.646980744382
-75.0,70.0,0.644493250855
-75.0,75.0,0.637018062419
-75.0,80.0,0.639448618462
-75.0,85.0,0.64045944991
-75.0,90.0,0.636668292996
-75.0,95.0,0.637626441788
-75.0,100.0,0.638832382238
-70.0,-100.0,0.63884600938
-70.0,-95.0,0.643163113855
-70.0,-90.0,0.645090131288
-70.0,-85.0,0.645878552105
-70.0,-80.0,0.643956666448
-70.0,-75.0,0.638543985696
-70.0,-70.0,0.639652657932
-70.0,-65.0,0.640659264347
-70.0,-60.0,0.641351844192
-70.0,-55.0,0.639553457197
-70.0,-50.0,0.64055049266
-70.0,-45.0,0.638329561628
-70.0,-40.0,0.63681445731
-70.0,-35.0,0.638459328658
-70.0,-30.0,0.647431735558
-70.0,-25.0,0.649552477661
-70.0,-20.0,0.647157514744
-70.0,-15.0,0.644973681568
-70.0,-10.0,0.649634833776
-70.0,-5.0,0.654175369304
-70.0,0.0,0.657079506109
-70.0,5.0,0.652780280296
-70.0,10.0,0.65348395245
-70.0,15.0,0.65340068878
-70.0,20.0,0.652495319061
-70.0,25.0,0.651843563489
-70.0,30.0,0.648927819355
-70.0,35.0,0.648986058811
-70.0,40.0,0.648336984762
-70.0,45.0,0.6495860932
-70.0,50.0,0.647537460625
-70.0,55.0,0.648255149593
-70.0,60.0,0.646447117577
-70.0,65.0,0.646915147971
-70.0,70.0,0.646580810006
-70.0,75.0,0.639303557629
-70.0,80.0,0.636497860615
-70.0,85.0,0.635898313458
-70.0,90.0,0.635133041345
-70.0,95.0,0.636014532385
-70.0,100.0,0.63884600938
-65.0,-100.0,0.643054541058
-65.0,-95.0,0.645719295463
-65.0,-90.0,0.64447840007
-65.0,-85.0,0.642384607356
-65.0,-80.0,0.641687095457
-65.0,-75.0,0.641560105561
-65.0,-70.0,0.641656090436
-65.0,-65.0,0.641540939155
-65.0,-60.0,0.644914157832
-65.0,-55.0,0.641472548154
-65.0,-50.0,0.639403675432
-65.0,-45.0,0.63746584598
-65.0,-40.0,0.638751626884
-65.0,-35.0,0.641272378214
-65.0,-30.0,0.642883371944
-65.0,-25.0,0.64418153881
-65.0,-20.0,0.646347789332
-65.0,-15.0,0.64539108038
-65.0,-10.0,0.6468466026
-65.0,-5.0,0.65132829534
-65.0,0.0,0.657541552793
-65.0,5.0,0.659616591733
-65.0,10.0,0.659983861657
-65.0,15.0,0.654606178376
-65.0,20.0,0.652997913387
-65.0,25.0,0.654581059552
-65.0,30.0,0.653602743652
-65.0,35.0,0.651182410765
-65.0,40.0,0.647682896003
-65.0,45.0,0.647970782225
-65.0,50.0,0.647975415848
-65.0,55.0,0.648763540711
-65.0,60.0,0.645089354831
-65.0,65.0,0.645125735245
-65.0,70.0,0.647825528146
-65.0,75.0,0.646571012763
-65.0,80.0,0.641667978117
-65.0,85.0,0.637761480758
-65.0,90.0,0.636599696984
-65.0,95.0,0.635539275626
-65.0,100.0,0.643054541058
-60.0,-100.0,0.644971983948
-60.0,-95.0,0.64544136757
-60.0,-90.0,0.642708476887
-60.0,-85.0,0.63942507903
-60.0,-80.0,0.640377393122
-60.0,-75.0,0.643080740257
-60.0,-70.0,0.643508290715
-60.0,-65.0,0.639717750888
-60.0,-60.0,0.641121173802
-60.0,-55.0,0.641804364143
-60.0,-50.0,0.642522818773
-60.0,-45.0,0.640169394631
-60.0,-40.0,0.639288902879
-60.0,-35.0,0.637078743335
-60.0,-30.0,0.640575326433
-60.0,-25.0,0.645128968053
-60.0,-20.0,0.645673498721
-60.0,-15.0,0.64809913937
-60.0,-10.0,0.646106737361
-60.0,-5.0,0.649756263101
-60.0,0.0,0.654992677232
-60.0,5.0,0.655323432678
-60.0,10.0,0.653412431646
-60.0,15.0,0.651765291369
-60.0,20.0,0.655075500962
-60.0,25.0,0.656946102268
-60.0,30.0,0.656010007216
-60.0,35.0,0.655902017097
-60.0,40.0,0.652311106857
-60.0,45.0,0.649387538757
-60.0,50.0,0.648156991629
-60.0,55.0,0.652136171334
-60.0,60.0,0.645405431744
-60.0,65.0,0.64369443608
-60.0,70.0,0.645357215004
-60.0,75.0,0.648031107754
-60.0,80.0,0.645572602683
-60.0,85.0,0.640104225477
-60.0,90.0,0.638360194844
-60.0,95.0,0.639860709916
-60.0,100.0,0.644971983948
-55.0,-100.0,0.644835961001
-55.0,-95.0,0.645982577517
-55.0,-90.0,0.643272705132
-55.0,-85.0,0.639088254319
-55.0,-80.0,0.644211624424
-55.0,-75.0,0.648682794369
-55.0,-70.0,0.646174004891
-55.0,-65.0,0.642171934931
-55.0,-60.0,0.640984428821
-55.0,-55.0,0.638971448164
-55.0,-50.0,0.640373604398
-55.0,-45.0,0.642281801999
-55.0,-40.0,0.644957203325
-55.0,-35.0,0.643214233614
-55.0,-30.0,0.642666747985
-55.0,-25.0,0.646276942721
-55.0,-20.0,0.649181940061
-55.0,-15.0,0.649794911714
-55.0,-10.0,0.643343303667
-55.0,-5.0,0.645361947846
-55.0,0.0,0.65112538408
-55.0,5.0,0.653075286748
-55.0,10.0,0.65651799075
-55.0,15.0,0.655295389974
-55.0,20.0,0.655718655763
-55.0,25.0,0.661267797282
-55.0,30.0,0.660454713231
-55.0,35.0,0.659138814468
-55.0,40.0,0.650610075587
-55.0,45.0,0.647553440966
-55.0,50.0,0.64782002654
-55.0,55.0,0.652811309192
-55.0,60.0,0.644829120803
-55.0,65.0,0.644938203259
-55.0,70.0,0.648420444635
-55.0,75.0,0.649043719445
-55.0,80.0,0.650490929502
-55.0,85.0,0.647326911412
-55.0,90.0,0.644057648248
-55.0,95.0,0.645823043688
-55.0,100.0,0.644835961001
-50.0,-100.0,0.64821325013
-50.0,-95.0,0.644875298091
-50.0,-90.0,0.646129263589
-50.0,-85.0,0.644492610315
-50.0,-80.0,0.644563401523
-50.0,-75.0,0.64844603632
-50.0,-70.0,0.642655890633
-50.0,-65.0,0.641316340313
-50.0,-60.0,0.637668383435
-50.0,-55.0,0.640464807217
-50.0,-50.0,0.644105643329
-50.0,-45.0,0.647697203863
-50.0,-40.0,0.646222056945
-50.0,-35.0,0.643197119798
-50.0,-30.0,0.642830391207
-50.0,-25.0,0.642465351581
-50.0,-20.0,0.646390967298
-50.0,-15.0,0.65037636315
-50.0,-10.0,0.648936394425
-50.0,-5.0,0.651264199068
-50.0,0.0,0.653908433086
-50.0,5.0,0.651897336757
-50.0,10.0,0.655969447754
-50.0,15.0,0.659059418513
-50.0,20.0,0.658749687436
-50.0,25.0,0.657291575269
-50.0,30.0,0.660323000212
-50.0,35.0,0.659683295094
-50.0,40.0,0.650824581387
-50.0,45.0,0.647407585022
-50.0,50.0,0.649690900841
-50.0,55.0,0.648416669117
-50.0,60.0,0.645053293332
-50.0,65.0,0.643186696165
-50.0,70.0,0.646879538806
-50.0,75.0,0.651862877878
-50.0,80.0,0.651423719928
-50.0,85.0,0.64673867254
-50.0,90.0,0.647569400304
-50.0,95.0,0.647519812261
-50.0,100.0,0.64821325013
-45.0,-100.0,0.652014350397
-45.0,-95.0,0.649791501657
-45.0,-90.0,0.647350523006
-45.0,-85.0,0.648055382664
-45.0,-80.0,0.647968738599
-45.0,-75.0,0.648521273444
-45.0,-70.0,0.645158457865
-45.0,-65.0,0.645905624494
-45.0,-60.0,0.642638880756
-45.0,-55.0,0.642982239287
-45.0,-50.0,0.642353470208
-45.0,-45.0,0.649040797255
-45.0,-40.0,0.649214147426
-45.0,-35.0,0.646874897245
-45.0,-30.0,0.642043654821
-45.0,-25.0,0.647149151264
-45.0,-20.0,0.648556822402
-45.0,-15.0,0.649549811079
-45.0,-10.0,0.651415625828
-45.0,-5.0,0.652097082285
-45.0,0.0,0.651971568823
-45.0,5.0,0.652381094928
-45.0,10.0,0.65249989521
-45.0,15.0,0.656729295279
-45.0,20.0,0.663220712914
-45.0,25.0,0.660966683879
-45.0,30.0,0.661394939731
-45.0,35.0,0.662054229614
-45.0,40.0,0.65433294414
-45.0,45.0,0.648582998051
-45.0,50.0,0.651424282894
-45.0,55.0,0.646524932476
-45.0,60.0,0.646973947375
-45.0,65.0,0.646432455554
-45.0,70.0,0.647251687907
-45.0,75.0,0.647004130342
-45.0,80.0,0.65072098817
-45.0,85.0,0.651977904177
-45.0,90.0,0.6496414519
-45.0,95.0,0.647924336106
-45.0,100.0,0.652014350397
-40.0,-100.0,0.656319029097
-40.0,-95.0,0.653800949583
-40.0,-90.0,0.64877273718
-40.0,-85.0,0.644773381303
-40.0,-80.0,0.646938504911
-40.0,-75.0,0.647260792153
-40.0,-70.0,0.647799623717
-40.0,-65.0,0.649724410232
-40.0,-60.0,0.648298481141
-40.0,-55.0,0.647105756709
-40.0,-50.0,0.645240435819
-40.0,-45.0,0.646408267734
-40.0,-40.0,0.647841805695
-40.0,-35.0,0.644586565906
-40.0,-30.0,0.644683555639
-40.0,-25.0,0.650442207242
-40.0,-20.0,0.651712467195
-40.0,-15.0,0.649725174029
-40.0,-10.0,0.650801960288
-40.0,-5.0,0.649527076356
-40.0,0.0,0.652634443031
-40.0,5.0,0.654365734487
-40.0,10.0,0.653921462241
-40.0,15.0,0.661785734594
-40.0,20.0,0.665475210186
-40.0,25.0,0.662399924118
-40.0,30.0,0.658945311791
-40.0,35.0,0.656035908071
-40.0,40.0,0.655921618501
-40.0,45.0,0.651358327884
-40.0,50.0,0.648913249943
-40.0,55.0,0.64921030796
-40.0,60.0,0.64706771018
-40.0,65.0,0.644923951605
-40.0,70.0,0.646741893704
-40.0,75.0,0.649159518836
-40.0,80.0,0.649905668114
-40.0,85.0,0.653415267447
-40.0,90.0,0.653560480544
-40.0,95.0,0.655231616095
-40.0,100.0,0.656319029097
-35.0,-100.0,0.656411802247
-35.0,-95.0,0.658075919733
-35.0,-90.0,0.656335195416
-35.0,-85.0,0.648692958073
-35.0,-80.0,0.649848240705
-35.0,-75.0,0.651822901108
-35.0,-70.0,0.648466757959
-35.0,-65.0,0.653252892637
-35.0,-60.0,0.652147325039
-35.0,-55.0,0.651263957524
-35.0,-50.0,0.65371509683
-35.0,-45.0,0.646064298376
-35.0,-40.0,0.648469182375
-35.0,-35.0,0.648305537147
-35.0,-30.0,0.652174242766
-35.0,-25.0,0.65282319288
-35.0,-20.0,0.651958037544
-35.0,-15.0,0.650448322705
-35.0,-10.0,0.651432997885
-35.0,-5.0,0.652620281163
-35.0,0.0,0.65511783119
-35.0,5.0,0.657361844999
-35.0,10.0,0.656041115697
-35.0,15.0,0.658048756873
-35.0,20.0,0.660860504244
-35.0,25.0,0.659851375632
-35.0,30.0,0.661753956911
-35.0,35.0,0.655152511811
-35.0,40.0,0.652908599307
-35.0,45.0,0.651259355931
-35.0,50.0,0.649761964353
-35.0,55.0,0.650204388311
-35.0,60.0,0.650587959181
-35.0,65.0,0.647431267558
-35.0,70.0,0.648651717523
-35.0,75.0,0.652364704772
-35.0,80.0,0.652330586995
-35.0,85.0,0.656427955656
-35.0,90.0,0.659387566684
-35.0,95.0,0.656753851404
-35.0,100.0,0.656411802247
-30.0,-100.0,0.661557188283
-30.0,-95.0,0.661839137454
-30.0,-90.0,0.660345837611
-30.0,-85.0,0.658583603552
-30.0,-80.0,0.657253485653
-30.0,-75.0,0.657856843896
-30.0,-70.0,0.655402537609
-30.0,-65.0,0.657338128187
-30.0,-60.0,0.655299414878
-30.0,-55.0,0.654913203612
-30.0,-50.0,0.652521680563
-30.0,-45.0,0.647985369909
-30.0,-40.0,0.650465945118
-30.0,-35.0,0.649234954818
-30.0,-30.0,0.652953663522
-30.0,-25.0,0.653950922039
-30.0,-20.0,0.651086423825
-30.0,-15.0,0.654201340774
-30.0,-10.0,0.654653911611
-30.0,-5.0,0.657463575789
-30.0,0.0,0.654388586489
-30.0,5.0,0.657924882163
-30.0,10.0,0.661295769129
-30.0,15.0,0.661381566211
-30.0,20.0,0.661964167497
-30.0,25.0,0.658027300657
-30.0,30.0,0.656111783187
-30.0,35.0,0.650684427189
-30.0,40.0,0.650009441708
-30.0,45.0,0.648050781142
-30.0,50.0,0.648048201677
-30.0,55.0,0.650415595792
-30.0,60.0,0.653388370356
-30.0,65.0,0.652756542787
-30.0,70.0,0.656457951474
-30.0,75.0,0.65580452806
-30.0,80.0,0.657002606952
-30.0,85.0,0.657198928976
-30.0,90.0,0.656495554432
-30.0,95.0,0.658634692682
-30.0,100.0,0.661557188283
-25.0,-100.0,0.6674940434
-25.0,-95.0,0.669331947053
-25.0,-90.0,0.664240052597
-25.0,-85.0,0.663014763589
-25.0,-80.0,0.661759790077
-25.0,-75.0,0.661906194266
-25.0,-70.0,0.658915102239
-25.0,-65.0,0.658932137342
-25.0,-60.0,0.656680086546
-25.0,-55.0,0.653531419002
-25.0,-50.0,0.650767610476
-25.0,-45.0,0.65039414597
-25.0,-40.0,0.652957912278
-25.0,-35.0,0.651789977096
-25.0,-30.0,0.651350682407
-25.0,-25.0,0.656526415238
-25.0,-20.0,0.65719831131
-25.0,-15.0,0.659461214383
-25.0,-10.0,0.659305576869
-25.0,-5.0,0.661267247297
-25.0,0.0,0.661527936206
-25.0,5.0,0.662825764504
-25.0,10.0,0.665304594504
-25.0,15.0,0.66195932854
-25.0,20.0,0.658519104661
-25.0,25.0,0.661977573429
-25.0,30.0,0.657124373433
-25.0,35.0,0.654873495053
-25.0,40.0,0.654938122211
-25.0,45.0,0.653104715236
-25.0,50.0,0.652808560643
-25.0,55.0,0.653372916883
-25.0,60.0,0.654652920614
-25.0,65.0,0.656090701507
-25.0,70.0,0.657538760583
-25.0,75.0,0.659773024145
-25.0,80.0,0.657178405755
-25.0,85.0,0.656375058295
-25.0,90.0,0.658163715164
-25.0,95.0,0.662032448569
-25.0,100.0,0.6674940434
-20.0,-100.0,0.668609582542
-20.0,-95.0,0.670635136054
-20.0,-90.0,0.667569503771
-20.0,-85.0,0.665550412592
-20.0,-80.0,0.661028744243
-20.0,-75.0,0.666270748708
-20.0,-70.0,0.66182191779
-20.0,-65.0,0.662863549131
-20.0,-60.0,0.659419005034
-20.0,-55.0,0.656864738006
-20.0,-50.0,0.657791068611
-20.0,-45.0,0.658500460234
-20.0,-40.0,0.655595223515
-20.0,-35.0,0.654570681638
-20.0,-30.0,0.650291664949
-20.0,-25.0,0.657667703445
-20.0,-20.0,0.663056485269
-20.0,-15.0,0.664024198786
-20.0,-10.0,0.665018340004
-20.0,-5.0,0.668960530806
-20.0,0.0,0.667707548164
-20.0,5.0,0.667336919585
-20.0,10.0,0.668303350697
-20.0,15.0,0.666528168375
-20.0,20.0,0.660300188229
-20.0,25.0,0.662874759145
-20.0,30.0,0.662053618073
-20.0,35.0,0.661173978013
-20.0,40.0,0.660932839633
-20.0,45.0,0.659571679119
-20.0,50.0,0.657556680091
-20.0,55.0,0.654571672424
-20.0,60.0,0.655158564506
-20.0,65.0,0.657994695791
-20.0,70.0,0.658876794105
-20.0,75.0,0.663649143875
-20.0,80.0,0.658808094426
-20.0,85.0,0.661536381813
-20.0,90.0,0.664657528505
-20.0,95.0,0.664006495871
-20.0,100.0,0.668609582542
-15.0,-100.0,0.668096081536
-15.0,-95.0,0.668442663888
-15.0,-90.0,0.667089401856
-15.0,-85.0,0.664188395759
-15.0,-80.0,0.663249361756
-15.0,-75.0,0.669349442691
-15.0,-70.0,0.666825015163
-15.0,-65.0,0.666207342709
-15.0,-60.0,0.663856102611
-15.0,-55.0,0.661063503395
-15.0,-50.0,0.66071622637
-15.0,-45.0,0.662770208482
-15.0,-40.0,0.660549837401
-15.0,-35.0,0.658746285254
-15.0,-30.0,0.658693916724
-15.0,-25.0,0.660320239977
-15.0,-20.0,0.664489558153
-15.0,-15.0,0.668862369155
-15.0,-10.0,0.669528836039
-15.0,-5.0,0.672259888068
-15.0,0.0,0.673025571188
-15.0,5.0,0.675459755411
-15.0,10.0,0.672338489378
-15.0,15.0,0.669720863358
-15.0,20.0,0.667052604095
-15.0,25.0,0.668172481749
-15.0,30.0,0.66899321641
-15.0,35.0,0.667304804284
-15.0,40.0,0.666308960586
-15.0,45.0,0.663670504963
-15.0,50.0,0.661180736303
-15.0,55.0,0.658359680842
-15.0,60.0,0.658231311586
-15.0,65.0,0.660768135119
-15.0,70.0,0.664425313605
-15.0,75.0,0.665386277068
-15.0,80.0,0.662481952763
-15.0,85.0,0.661525758739
-15.0,90.0,0.666808166498
-15.0,95.0,0.666305668637
-15.0,100.0,0.668096081536
-10.0,-100.0,0.66565805917
-10.0,-95.0,0.664915048681
-10.0,-90.0,0.664185121014
-10.0,-85.0,0.666977290491
-10.0,-80.0,0.668914816684
-10.0,-75.0,0.670241341637
-10.0,-70.0,0.670428102831
-10.0,-65.0,0.666484209671
-10.0,-60.0,0.664099457191
-10.0,-55.0,0.661694750351
-10.0,-50.0,0.662404264708
-10.0,-45.0,0.666765842098
-10.0,-40.0,0.664317759226
-10.0,-35.0,0.661291766958
-10.0,-30.0,0.660726289844
-10.0,-25.0,0.660793249289
-10.0,-20.0,0.662724545517
-10.0,-15.0,0.667134677274
-10.0,-10.0,0.672314425063
-10.0,-5.0,0.67338962256
-10.0,0.0,0.673929416876
-10.0,5.0,0.673628694335
-10.0,10.0,0.674084551656
-10.0,15.0,0.673230684739
-10.0,20.0,0.673672355344
-10.0,25.0,0.670639411087
-10.0,30.0,0.671568693155
-10.0,35.0,0.673176773008
-10.0,40.0,0.670253630648
-10.0,45.0,0.663719178419
-10.0,50.0,0.657003005337
-10.0,55.0,0.6585724622
-10.0,60.0,0.660287929837
-10.0,65.0,0.658018571453
-10.0,70.0,0.66056305429
-10.0,75.0,0.658398251062
-10.0,80.0,0.657350337739
-10.0,85.0,0.660193439861
-10.0,90.0,0.664529000359
-10.0,95.0,0.663708693667
-10.0,100.0,0.66565805917
-5.0,-100.0,0.66697553013
-5.0,-95.0,0.667449933704
-5.0,-90.0,0.667217131919
-5.0,-85.0,0.665596442778
-5.0,-80.0,0.666577424422
-5.0,-75.0,0.664619472865
-5.0,-70.0,0.666538093497
-5.0,-65.0,0.666837530076
-5.0,-60.0,0.667282741285
-5.0,-55.0,0.66185832119
-5.0,-50.0,0.65981984248
-5.0,-45.0,0.665420818218
-5.0,-40.0,0.665067548699
-5.0,-35.0,0.66422164675
-5.0,-30.0,0.660168642263
-5.0,-25.0,0.665687116234
-5.0,-20.0,0.669007793642
-5.0,-15.0,0.669943108838
-5.0,-10.0,0.67090875677
-5.0,-5.0,0.671262574714
-5.0,0.0,0.674247131118
-5.0,5.0,0.674183576933
-5.0,10.0,0.674251140924
-5.0,15.0,0.673433995701
-5.0,20.0,0.671129791985
-5.0,25.0,0.670167067431
-5.0,30.0,0.671345413451
-5.0,35.0,0.668096037595
-5.0,40.0,0.669939156465
-5.0,45.0,0.665752080476
-5.0,50.0,0.659427281111
-5.0,55.0,0.660056661577
-5.0,60.0,0.658652031619
-5.0,65.0,0.657061482816
-5.0,70.0,0.658402776994
-5.0,75.0,0.652522555609
-5.0,80.0,0.654469066428
-5.0,85.0,0.65826464716
-5.0,90.0,0.662821170476
-5.0,95.0,0.666296393135
-5.0,100.0,0.66697553013
0.0,-100.0,0.667092049199
0.0,-95.0,0.668190125676
0.0,-90.0,0.666885346156
0.0,-85.0,0.665798390608
0.0,-80.0,0.666555587891
0.0,-75.0,0.666932062253
0.0,-70.0,0.665194930046
0.0,-65.0,0.666396833101
0.0,-60.0,0.667357178585
0.0,-55.0,0.660042713937
0.0,-50.0,0.655216896521
0.0,-45.0,0.65776164406
0.0,-40.0,0.66228865605
0.0,-35.0,0.664942308823
0.0,-30.0,0.663798336107
0.0,-25.0,0.671716817176
0.0,-20.0,0.674592693813
0.0,-15.0,0.672870491459
0.0,-10.0,0.672949974015
0.0,-5.0,0.672071839961
0.0,0.0,0.675049340757
0.0,5.0,0.677784652983
0.0,10.0,0.677958118033
0.0,15.0,0.676393695019
0.0,20.0,0.674599292007
0.0,25.0,0.669749574837
0.0,30.0,0.667496853367
0.0,35.0,0.665865352722
0.0,40.0,0.667648415523
0.0,45.0,0.666833594532
0.0,50.0,0.663849944488
0.0,55.0,0.664400700277
0.0,60.0,0.660561144365
0.0,65.0,0.66003658131
0.0,70.0,0.658574454502
0.0,75.0,0.65240036083
0.0,80.0,0.653947713224
0.0,85.0,0.657037113991
0.0,90.0,0.659532686351
0.0,95.0,0.661240776044
0.0,100.0,0.667092049199
5.0,-100.0,0.663765742587
5.0,-95.0,0.669164106058
5.0,-90.0,0.668337638672
5.0,-85.0,0.667875536048
5.0,-80.0,0.668155377427
5.0,-75.0,0.672025738423
5.0,-70.0,0.669416526028
5.0,-65.0,0.665685481213
5.0,-60.0,0.665795239438
5.0,-55.0,0.657514450478
5.0,-50.0,0.656933580627
5.0,-45.0,0.658270306944
5.0,-40.0,0.660246916838
5.0,-35.0,0.664212909502
5.0,-30.0,0.665638335209
5.0,-25.0,0.671749067929
5.0,-20.0,0.673660386986
5.0,-15.0,0.674505281342
5.0,-10.0,0.674126433648
5.0,-5.0,0.673276107148
5.0,0.0,0.67739567765
5.0,5.0,0.679195489002
5.0,10.0,0.676761280266
5.0,15.0,0.674836654642
5.0,20.0,0.674173147307
5.0,25.0,0.671283807018
5.0,30.0,0.669111814028
5.0,35.0,0.669523588387
5.0,40.0,0.667927878437
5.0,45.0,0.670292185542
5.0,50.0,0.666618621514
5.0,55.0,0.661267157614
5.0,60.0,0.65969611923
5.0,65.0,0.663592724481
5.0,70.0,0.660218151671
5.0,75.0,0.659586496164
5.0,80.0,0.661269538351
5.0,85.0,0.658021954691
5.0,90.0,0.661265912726
5.0,95.0,0.664073865568
5.0,100.0,0.663765742587
10.0,-100.0,0.665422630727
10.0,-95.0,0.667406240341
10.0,-90.0,0.66709958522
10.0,-85.0,0.668042937812
10.0,-80.0,0.668235674409
10.0,-75.0,0.671472477434
10.0,-70.0,0.66780711958
10.0,-65.0,0.665287498218
10.0,-60.0,0.66359317775
10.0,-55.0,0.658552701436
10.0,-50.0,0.653488191771
10.0,-45.0,0.659036237563
10.0,-40.0,0.659534207417
10.0,-35.0,0.664269333711
10.0,-30.0,0.6631925485
10.0,-25.0,0.670214750874
10.0,-20.0,0.668887016987
10.0,-15.0,0.670180961036
10.0,-10.0,0.673719023841
10.0,-5.0,0.67398847566
10.0,0.0,0.674643596859
10.0,5.0,0.681425757011
10.0,10.0,0.679473449634
10.0,15.0,0.678194042284
10.0,20.0,0.674567424834
10.0,25.0,0.672551879902
10.0,30.0,0.671675393329
10.0,35.0,0.672325801847
10.0,40.0,0.668629169762
10.0,45.0,0.669167689479
10.0,50.0,0.667393173811
10.0,55.0,0.663099331558
10.0,60.0,0.661348326602
10.0,65.0,0.661297365431
10.0,70.0,0.661117669596
10.0,75.0,0.661797861526
10.0,80.0,0.661498206929
10.0,85.0,0.659900699981
10.0,90.0,0.662996749079
10.0,95.0,0.662761009204
10.0,100.0,0.665422630727
15.0,-100.0,0.661291657674
15.0,-95.0,0.662278889509
15.0,-90.0,0.665029736937
15.0,-85.0,0.666520935212
15.0,-80.0,0.668093015062
15.0,-75.0,0.671273464136
15.0,-70.0,0.669395858793
15.0,-65.0,0.66643448358
15.0,-60.0,0.661186191323
15.0,-55.0,0.659516059535
15.0,-50.0,0.657295614797
15.0,-45.0,0.660691699747
15.0,-40.0,0.66147607191
15.0,-35.0,0.666392394708
15.0,-30.0,0.669565842103
15.0,-25.0,0.672545728105
15.0,-20.0,0.665194846079
15.0,-15.0,0.670388950429
15.0,-10.0,0.673105365538
15.0,-5.0,0.673973830109
15.0,0.0,0.674363994112
15.0,5.0,0.678222161624
15.0,10.0,0.680356711387
15.0,15.0,0.680110097598
15.0,20.0,0.678910686802
15.0,25.0,0.674257169722
15.0,30.0,0.671562468427
15.0,35.0,0.669467296056
15.0,40.0,0.667232543169
15.0,45.0,0.667283665565
15.0,50.0,0.669156633643
15.0,55.0,0.667797747143
15.0,60.0,0.667352665865
15.0,65.0,0.664945350458
15.0,70.0,0.662232840901
15.0,75.0,0.660836324066
15.0,80.0,0.660318571678
15.0,85.0,0.659829190728
15.0,90.0,0.659756460369
15.0,95.0,0.661457242159
15.0,100.0,0.661291657674
20.0,-100.0,0.658834546384
20.0,-95.0,0.656067365151
20.0,-90.0,0.658565951801
20.0,-85.0,0.660723591523
20.0,-80.0,0.663774381643
20.0,-75.0,0.663759752361
20.0,-70.0,0.663913216884
20.0,-65.0,0.66098345305
20.0,-60.0,0.658011328915
20.0,-55.0,0.656115910617
20.0,-50.0,0.661111940106
20.0,-45.0,0.659687562408
20.0,-40.0,0.660450436938
20.0,-35.0,0.662809531314
20.0,-30.0,0.664926170703
20.0,-25.0,0.668220147365
20.0,-20.0,0.66591324238
20.0,-15.0,0.668864491121
20.0,-10.0,0.673884596565
20.0,-5.0,0.678475856353
20.0,0.0,0.678487337372
20.0,5.0,0.676355489327
20.0,10.0,0.679007661496
20.0,15.0,0.676374712357
20.0,20.0,0.672725298083
20.0,25.0,0.671939086696
20.0,30.0,0.67139617976
20.0,35.0,0.667696879354
20.0,40.0,0.664248631464
20.0,45.0,0.664041544115
20.0,50.0,0.665073942752
20.0,55.0,0.665141994353
20.0,60.0,0.663623211505
20.0,65.0,0.659586529232
20.0,70.0,0.65939317082
20.0,75.0,0.655323015113
20.0,80.0,0.65732742037
20.0,85.0,0.657873639032
20.0,90.0,0.654262056472
20.0,95.0,0.658043379642
20.0,100.0,0.658834546384
25.0,-100.0,0.660808531903
25.0,-95.0,0.659920103573
25.0,-90.0,0.659822853545
25.0,-85.0,0.659734908261
25.0,-80.0,0.659642612297
25.0,-75.0,0.658142299528
25.0,-70.0,0.658891564233
25.0,-65.0,0.658269685218
25.0,-60.0,0.657460960353
25.0,-55.0,0.658395695792
25.0,-50.0,0.661480024939
25.0,-45.0,0.659480647937
25.0,-40.0,0.658009826551
25.0,-35.0,0.662566627792
25.0,-30.0,0.66465957688
25.0,-25.0,0.66279130693
25.0,-20.0,0.662482607708
25.0,-15.0,0.666095842157
25.0,-10.0,0.668000294274
25.0,-5.0,0.674609387855
25.0,0.0,0.673462895324
25.0,5.0,0.670203250093
25.0,10.0,0.672465785198
25.0,15.0,0.670850845747
25.0,20.0,0.668843273314
25.0,25.0,0.665767358778
25.0,30.0,0.668430766898
25.0,35.0,0.666539451998
25.0,40.0,0.664531581886
25.0,45.0,0.661204353458
25.0,50.0,0.657101670965
25.0,55.0,0.656809069857
25.0,60.0,0.658352420177
25.0,65.0,0.655398620409
25.0,70.0,0.655509527557
25.0,75.0,0.655132636611
25.0,80.0,0.656552216557
25.0,85.0,0.653084134808
25.0,90.0,0.653196283489
25.0,95.0,0.654776033288
25.0,100.0,0.660808531903
30.0,-100.0,0.660586812878
30.0,-95.0,0.662068388165
30.0,-90.0,0.658289411873
30.0,-85.0,0.65647130472
30.0,-80.0,0.657523522563
30.0,-75.0,0.657079327785
30.0,-70.0,0.658392681357
30.0,-65.0,0.65661760445
30.0,-60.0,0.654534112634
30.0,-55.0,0.65390880017
30.0,-50.0,0.655899680093
30.0,-45.0,0.659369047834
30.0,-40.0,0.655867057103
30.0,-35.0,0.657769785608
30.0,-30.0,0.660007247243
30.0,-25.0,0.659876486698
30.0,-20.0,0.663433696961
30.0,-15.0,0.66105082009
30.0,-10.0,0.660993361088
30.0,-5.0,0.666877847073
30.0,0.0,0.664437879741
30.0,5.0,0.666544258452
30.0,10.0,0.669329753017
30.0,15.0,0.6626996912
30.0,20.0,0.662110934029
30.0,25.0,0.657581677935
30.0,30.0,0.660928809375
30.0,35.0,0.659181147821
30.0,40.0,0.658091637784
30.0,45.0,0.655009813346
30.0,50.0,0.652536008973
30.0,55.0,0.650466408957
30.0,60.0,0.650705780258
30.0,65.0,0.652202670992
30.0,70.0,0.656671989104
30.0,75.0,0.654109384194
30.0,80.0,0.656805415003
30.0,85.0,0.65499819824
30.0,90.0,0.65116401737
30.0,95.0,0.653225223366
30.0,100.0,0.660586812878
35.0,-100.0,0.661752209227
35.0,-95.0,0.65959119887
35.0,-90.0,0.657466726701
35.0,-85.0,0.655704843087
35.0,-80.0,0.657336991815
35.0,-75.0,0.656237801677
35.0,-70.0,0.65513050578
35.0,-65.0,0.657822482217
35.0,-60.0,0.653000690429
35.0,-55.0,0.653276143824
35.0,-50.0,0.655290255276
35.0,-45.0,0.652940976742
35.0,-40.0,0.654409753705
35.0,-35.0,0.65412548324
35.0,-30.0,0.656584785953
35.0,-25.0,0.658368525533
35.0,-20.0,0.66045255877
35.0,-15.0,0.657556241232
35.0,-10.0,0.656560701692
35.0,-5.0,0.657458960381
35.0,0.0,0.657558013999
35.0,5.0,0.660890666345
35.0,10.0,0.662071654218
35.0,15.0,0.659125170691
35.0,20.0,0.65502582614
35.0,25.0,0.654397387538
35.0,30.0,0.658360071707
35.0,35.0,0.656202889369
35.0,40.0,0.656283157811
35.0,45.0,0.654952378471
35.0,50.0,0.649417266611
35.0,55.0,0.64974462113
35.0,60.0,0.649599720903
35.0,65.0,0.649773252162
35.0,70.0,0.653920837536
35.0,75.0,0.655001978014
35.0,80.0,0.651754341522
35.0,85.0,0.653288993534
35.0,90.0,0.652976171927
35.0,95.0,0.656195134194
35.0,100.0,0.661752209227
40.0,-100.0,0.659766496278
40.0,-95.0,0.657748975073
40.0,-90.0,0.653822047497
40.0,-85.0,0.654970577822
40.0,-80.0,0.656494641409
40.0,-75.0,0.653052813446
40.0,-70.0,0.652630027477
40.0,-65.0,0.655671828394
40.0,-60.0,0.651840288876
40.0,-55.0,0.655261596877
40.0,-50.0,0.656469707458
40.0,-45.0,0.65505428576
40.0,-40.0,0.656231060949
40.0,-35.0,0.655758248132
40.0,-30.0,0.658285396194
40.0,-25.0,0.656988418284
40.0,-20.0,0.652582486259
40.0,-15.0,0.652890063794
40.0,-10.0,0.649565928661
40.0,-5.0,0.651093088707
40.0,0.0,0.652843866106
40.0,5.0,0.652939859076
40.0,10.0,0.654418820943
40.0,15.0,0.657403070884
40.0,20.0,0.656298447868
40.0,25.0,0.659856593053
40.0,30.0,0.659785991514
40.0,35.0,0.655083879005
40.0,40.0,0.654127636006
40.0,45.0,0.653593625588
40.0,50.0,0.655379209813
40.0,55.0,0.656734925808
40.0,60.0,0.651997056125
40.0,65.0,0.65089771543
40.0,70.0,0.650907603899
40.0,75.0,0.652173183319
40.0,80.0,0.650729584399
40.0,85.0,0.651740610066
40.0,90.0,0.652466210483
40.0,95.0,0.657650341723
40.0,100.0,0.659766496278
45.0,-100.0,0.657932070752
45.0,-95.0,0.656223602523
45.0,-90.0,0.652413508529
45.0,-85.0,0.653511905929
45.0,-80.0,0.655078372106
45.0,-75.0,0.653505389845
45.0,-70.0,0.655043566489
45.0,-65.0,0.654943671415
45.0,-60.0,0.654615444781
45.0,-55.0,0.655664194123
45.0,-50.0,0.653270397882
45.0,-45.0,0.65705154207
45.0,-40.0,0.6548191676
45.0,-35.0,0.656918104509
45.0,-30.0,0.655623498105
45.0,-25.0,0.65732377073
45.0,-20.0,0.652877907642
45.0,-15.0,0.651305566837
45.0,-10.0,0.646431630355
45.0,-5.0,0.647609225182
45.0,0.0,0.648625694693
45.0,5.0,0.646610114397
45.0,10.0,0.651583904788
45.0,15.0,0.653879810064
45.0,20.0,0.656109379126
45.0,25.0,0.658354246253
45.0,30.0,0.658155152959
45.0,35.0,0.650832137743
45.0,40.0,0.654562363239
45.0,45.0,0.655215086154
45.0,50.0,0.658863676661
45.0,55.0,0.657918298914
45.0,60.0,0.656343226532
45.0,65.0,0.653401164601
45.0,70.0,0.651642164679
45.0,75.0,0.651501094148
45.0,80.0,0.651306699287
45.0,85.0,0.653307380105
45.0,90.0,0.649461227419
45.0,95.0,0.656084648322
45.0,100.0,0.657932070752
50.0,-100.0,0.654454433655
50.0,-95.0,0.651087109184
50.0,-90.0,0.651189087852
50.0,-85.0,0.651534528987
50.0,-80.0,0.652853081037
50.0,-75.0,0.653725967915
50.0,-70.0,0.656860456098
50.0,-65.0,0.655631341463
50.0,-60.0,0.651542912021
50.0,-55.0,0.652899664331
50.0,-50.0,0.652181800704
50.0,-45.0,0.65070074701
50.0,-40.0,0.653451192493
50.0,-35.0,0.654950230763
50.0,-30.0,0.654695930494
50.0,-25.0,0.65765752284
50.0,-20.0,0.655722421349
50.0,-15.0,0.654112701062
50.0,-10.0,0.649588624596
50.0,-5.0,0.646465152218
50.0,0.0,0.643529828499
50.0,5.0,0.644505569983
50.0,10.0,0.650108314773
50.0,15.0,0.64927043347
50.0,20.0,0.65127636907
50.0,25.0,0.656147175636
50.0,30.0,0.656048640338
50.0,35.0,0.647645383509
50.0,40.0,0.650925927892
50.0,45.0,0.653300333516
50.0,50.0,0.656408604945
50.0,55.0,0.652509685641
50.0,60.0,0.653841053139
50.0,65.0,0.656260011878
50.0,70.0,0.650898255194
50.0,75.0,0.653074344826
50.0,80.0,0.653200162873
50.0,85.0,0.6548681601
50.0,90.0,0.6526297767
50.0,95.0,0.653839467544
50.0,100.0,0.654454433655
55.0,-100.0,0.650189746784
55.0,-95.0,0.648143187267
55.0,-90.0,0.646086192207
55.0,-85.0,0.646035374861
55.0,-80.0,0.648519315441
55.0,-75.0,0.648875444682
55.0,-70.0,0.651380675092
55.0,-65.0,0.651237606538
55.0,-60.0,0.646542195839
55.0,-55.0,0.648782815362
55.0,-50.0,0.652506838323
55.0,-45.0,0.648979065317
55.0,-40.0,0.649491635992
55.0,-35.0,0.651484100858
55.0,-30.0,0.651886196572
55.0,-25.0,0.651161368379
55.0,-20.0,0.654164561511
55.0,-15.0,0.655280940935
55.0,-10.0,0.647745139641
55.0,-5.0,0.647154621788
55.0,0.0,0.647341931808
55.0,5.0,0.647561398389
55.0,10.0,0.649373647525
55.0,15.0,0.65107750688
55.0,20.0,0.655837756182
55.0,25.0,0.65603998715
55.0,30.0,0.654329339003
55.0,35.0,0.652324393492
55.0,40.0,0.647985795695
55.0,45.0,0.653170720691
55.0,50.0,0.653508907739
55.0,55.0,0.651986322699
55.0,60.0,0.652757312698
55.0,65.0,0.651828029263
55.0,70.0,0.653075721386
55.0,75.0,0.654531670286
55.0,80.0,0.654237014117
55.0,85.0,0.655936215912
55.0,90.0,0.65326348128
55.0,95.0,0.651202688189
55.0,100.0,0.650189746784
60.0,-100.0,0.644410984098
60.0,-95.0,0.64547422743
60.0,-90.0,0.647647231193
60.0,-85.0,0.64364897061
60.0,-80.0,0.641984408092
60.0,-75.0,0.644072927443
60.0,-70.0,0.649571839092
60.0,-65.0,0.651521780491
60.0,-60.0,0.646417191959
60.0,-55.0,0.646632996157
60.0,-50.0,0.649393566182
60.0,-45.0,0.650368127391
60.0,-40.0,0.647524993865
60.0,-35.0,0.645687588326
60.0,-30.0,0.646127683986
60.0,-25.0,0.649272227755
60.0,-20.0,0.652628342912
60.0,-15.0,0.651331846695
60.0,-10.0,0.646969935063
60.0,-5.0,0.647747940218
60.0,0.0,0.64810477181
60.0,5.0,0.648142162431
60.0,10.0,0.649739248418
60.0,15.0,0.653243858188
60.0,20.0,0.656663181644
60.0,25.0,0.654991798799
60.0,30.0,0.65277801116
60.0,35.0,0.654689748827
60.0,40.0,0.650756831778
60.0,45.0,0.654497934544
60.0,50.0,0.654891228743
60.0,55.0,0.64938158913
60.0,60.0,0.648464644434
60.0,65.0,0.649563357463
60.0,70.0,0.651859703834
60.0,75.0,0.653840237464
60.0,80.0,0.650920311467
60.0,85.0,0.650088747
60.0,90.0,0.649289986434
60.0,95.0,0.647216130418
60.0,100.0,0.644410984098
65.0,-100.0,0.643002099809
65.0,-95.0,0.644447365201
65.0,-90.0,0.649708863476
65.0,-85.0,0.645587931439
65.0,-80.0,0.642741727308
65.0,-75.0,0.647592685731
65.0,-70.0,0.651041026842
65.0,-65.0,0.649985362093
65.0,-60.0,0.645498882518
65.0,-55.0,0.646097853801
65.0,-50.0,0.648784001242
65.0,-45.0,0.647668850656
65.0,-40.0,0.6437424086
65.0,-35.0,0.638467915093
65.0,-30.0,0.642100867601
65.0,-25.0,0.647626624127
65.0,-20.0,0.650903535059
65.0,-15.0,0.648614407449
65.0,-10.0,0.64765954989
65.0,-5.0,0.646713990461
65.0,0.0,0.649973218798
65.0,5.0,0.654146636678
65.0,10.0,0.651820696669
65.0,15.0,0.64936218268
65.0,20.0,0.649099329807
65.0,25.0,0.647793332514
65.0,30.0,0.649665758045
65.0,35.0,0.655327914106
65.0,40.0,0.654974299414
65.0,45.0,0.647884997511
65.0,50.0,0.649835104546
65.0,55.0,0.649702744242
65.0,60.0,0.648133560776
65.0,65.0,0.648850303115
65.0,70.0,0.649003730424
65.0,75.0,0.652088531204
65.0,80.0,0.65113268278
65.0,85.0,0.651775076761
65.0,90.0,0.649145814762
65.0,95.0,0.644626180818
65.0,100.0,0.643002099809
70.0,-100.0,0.642929448244
70.0,-95.0,0.644774080141
70.0,-90.0,0.646536719864
70.0,-85.0,0.643497775426
70.0,-80.0,0.643328815661
70.0,-75.0,0.646175863319
70.0,-70.0,0.64512809676
70.0,-65.0,0.646203461087
70.0,-60.0,0.645526394189
70.0,-55.0,0.644968973272
70.0,-50.0,0.64693213293
70.0,-45.0,0.646389813783
70.0,-40.0,0.641019273151
70.0,-35.0,0.638166312629
70.0,-30.0,0.643729487238
70.0,-25.0,0.649150801133
70.0,-20.0,0.651354563314
70.0,-15.0,0.647756248927
70.0,-10.0,0.644842428058
70.0,-5.0,0.6430603877
70.0,0.0,0.650533971464
70.0,5.0,0.652318078921
70.0,10.0,0.652398071486
70.0,15.0,0.648793595735
70.0,20.0,0.643838495256
70.0,25.0,0.644121741304
70.0,30.0,0.649076529652
70.0,35.0,0.650993342299
70.0,40.0,0.65169242085
70.0,45.0,0.648957448073
70.0,50.0,0.647099111407
70.0,55.0,0.648741378833
70.0,60.0,0.646404683815
70.0,65.0,0.641835639264
70.0,70.0,0.646148834678
70.0,75.0,0.652874001079
70.0,80.0,0.652780071198
70.0,85.0,0.648942985548
70.0,90.0,0.647026026325
70.0,95.0,0.644203469573
70.0,100.0,0.642929448244
75.0,-100.0,0.637538741819
75.0,-95.0,0.640720297593
75.0,-90.0,0.641915769445
75.0,-85.0,0.642291360398
75.0,-80.0,0.639237946193
75.0,-75.0,0.63939227679
75.0,-70.0,0.641322284524
75.0,-65.0,0.644982517875
75.0,-60.0,0.645323779187
75.0,-55.0,0.647208730575
75.0,-50.0,0.64519153911
75.0,-45.0,0.642605232987
75.0,-40.0,0.636153867333
75.0,-35.0,0.636385103678
75.0,-30.0,0.641508667325
75.0,-25.0,0.643626554069
75.0,-20.0,0.646791908613
75.0,-15.0,0.646704876456
75.0,-10.0,0.644091319581
75.0,-5.0,0.645541972764
75.0,0.0,0.650624032144
75.0,5.0,0.650205886565
75.0,10.0,0.650290834393
75.0,15.0,0.651150194955
75.0,20.0,0.64673011958
75.0,25.0,0.647972467556
75.0,30.0,0.650313701525
75.0,35.0,0.653100574397
75.0,40.0,0.650685631928
75.0,45.0,0.651294186235
75.0,50.0,0.651256785987
75.0,55.0,0.650272675856
75.0,60.0,0.648432614157
75.0,65.0,0.64577987902
75.0,70.0,0.648038504775
75.0,75.0,0.651754639521
75.0,80.0,0.649008120832
75.0,85.0,0.644181142501
75.0,90.0,0.640901661629
75.0,95.0,0.637005699271
75.0,100.0,0.637538741819
80.0,-100.0,0.638345136657
80.0,-95.0,0.637890189661
80.0,-90.0,0.640882662433
80.0,-85.0,0.642935454667
80.0,-80.0,0.637023858181
80.0,-75.0,0.637411223383
80.0,-70.0,0.637674510689
80.0,-65.0,0.642330668583
80.0,-60.0,0.644018796637
80.0,-55.0,0.645862848873
80.0,-50.0,0.641638473224
80.0,-45.0,0.638396002854
80.0,-40.0,0.63808270985
80.0,-35.0,0.63728512354
80.0,-30.0,0.642981221333
80.0,-25.0,0.644805561832
80.0,-20.0,0.647923262101
80.0,-15.0,0.650196354213
80.0,-10.0,0.648289087895
80.0,-5.0,0.647626530542
80.0,0.0,0.648395709839
80.0,5.0,0.651118227414
80.0,10.0,0.651653601465
80.0,15.0,0.650905265909
80.0,20.0,0.647611239617
80.0,25.0,0.647566409953
80.0,30.0,0.649518845749
80.0,35.0,0.653109240183
80.0,40.0,0.650873211003
80.0,45.0,0.649248928615
80.0,50.0,0.65384775422
80.0,55.0,0.652579483111
80.0,60.0,0.650519402359
80.0,65.0,0.65063362726
80.0,70.0,0.645775208489
80.0,75.0,0.645039351483
80.0,80.0,0.642654211206
80.0,85.0,0.639487531019
80.0,90.0,0.639603562744
80.0,95.0,0.635915610776
80.0,100.0,0.638345136657
85.0,-100.0,0.639533389843
85.0,-95.0,0.637701195103
85.0,-90.0,0.640783777862
85.0,-85.0,0.643927839993
85.0,-80.0,0.645364166486
85.0,-75.0,0.640887921255
85.0,-70.0,0.638513032635
85.0,-65.0,0.64197097378
85.0,-60.0,0.641939554716
85.0,-55.0,0.644229326452
85.0,-50.0,0.638629327515
85.0,-45.0,0.632562124323
85.0,-40.0,0.63663165488
85.0,-35.0,0.638789904288
85.0,-30.0,0.643765699237
85.0,-25.0,0.644016211879
85.0,-20.0,0.646195953581
85.0,-15.0,0.648592237376
85.0,-10.0,0.64621692935
85.0,-5.0,0.649220944627
85.0,0.0,0.64793969419
85.0,5.0,0.648751192256
85.0,10.0,0.651776714589
85.0,15.0,0.650126007636
85.0,20.0,0.64770549989
85.0,25.0,0.647144976472
85.0,30.0,0.647469180741
85.0,35.0,0.649793502624
85.0,40.0,0.65191797687
85.0,45.0,0.651398357392
85.0,50.0,0.651808221762
85.0,55.0,0.653772676298
85.0,60.0,0.653206475868
85.0,65.0,0.650950478769
85.0,70.0,0.646426627788
85.0,75.0,0.640945511648
85.0,80.0,0.639529421776
85.0,85.0,0.63880389877
85.0,90.0,0.640537704626
85.0,95.0,0.638686110769
85.0,100.0,0.639533389843
90.0,-100.0,0.637995337463
90.0,-95.0,0.637608528142
90.0,-90.0,0.636890329963
90.0,-85.0,0.639280995617
90.0,-80.0,0.641130137204
90.0,-75.0,0.639754602681
90.0,-70.0,0.638941393617
90.0,-65.0,0.640362213198
90.0,-60.0,0.643410162988
90.0,-55.0,0.643478418036
90.0,-50.0,0.63838099587
90.0,-45.0,0.635638023621
90.0,-40.0,0.638644718716
90.0,-35.0,0.642182919761
90.0,-30.0,0.642490456379
90.0,-25.0,0.64328015721
90.0,-20.0,0.646772503131
90.0,-15.0,0.649371993777
90.0,-10.0,0.64841906916
90.0,-5.0,0.64929734588
90.0,0.0,0.647878655017
90.0,5.0,0.647897448102
90.0,10.0,0.649239675857
90.0,15.0,0.649561267821
90.0,20.0,0.646609261529
90.0,25.0,0.647092976675
90.0,30.0,0.644048261675
90.0,35.0,0.646282877979
90.0,40.0,0.651718130803
90.0,45.0,0.651278340051
90.0,50.0,0.649983915409
90.0,55.0,0.653661056152
90.0,60.0,0.65476112342
90.0,65.0,0.649655878136
90.0,70.0,0.644445061954
90.0,75.0,0.641878846803
90.0,80.0,0.641764871075
90.0,85.0,0.639533724665
90.0,90.0,0.638375301604
90.0,95.0,0.639284917304
90.0,100.0,0.637995337463
95.0,-100.0,0.631855632291
95.0,-95.0,0.631565632372
95.0,-90.0,0.633460098031
95.0,-85.0,0.637609801133
95.0,-80.0,0.637340357334
95.0,-75.0,0.635521462238
95.0,-70.0,0.637036011223
95.0,-65.0,0.639691941026
95.0,-60.0,0.64409416675
95.0,-55.0,0.644594845803
95.0,-50.0,0.639829391988
95.0,-45.0,0.637119911519
95.0,-40.0,0.637231640941
95.0,-35.0,0.63971070225
95.0,-30.0,0.64345711472
95.0,-25.0,0.644845058118
95.0,-20.0,0.646316040133
95.0,-15.0,0.649561328721
95.0,-10.0,0.653789676563
95.0,-5.0,0.649834536043
95.0,0.0,0.647276947111
95.0,5.0,0.645965481196
95.0,10.0,0.645626910388
95.0,15.0,0.649139415615
95.0,20.0,0.645916514367
95.0,25.0,0.647744880122
95.0,30.0,0.643767745091
95.0,35.0,0.647895476264
95.0,40.0,0.65162896024
95.0,45.0,0.652346033863
95.0,50.0,0.653234536273
95.0,55.0,0.649798234919
95.0,60.0,0.648708308067
95.0,65.0,0.647218817184
95.0,70.0,0.643025824622
95.0,75.0,0.639150785997
95.0,80.0,0.637102519007
95.0,85.0,0.637820979004
95.0,90.0,0.635452232481
95.0,95.0,0.635830447593
95.0,100.0,0.631855632291
100.0,-100.0,0.628890991796
100.0,-95.0,0.629358363329
100.0,-90.0,0.638292974847
100.0,-85.0,0.638973515245
100.0,-80.0,0.636898505418
100.0,-75.0,0.634425034954
100.0,-70.0,0.635846615667
100.0,-65.0,0.641209578194
100.0,-60.0,0.64384769113
100.0,-55.0,0.643675837037
100.0,-50.0,0.640526841724
100.0,-45.0,0.639018613205
100.0,-40.0,0.638334240841
100.0,-35.0,0.638991760487
100.0,-30.0,0.64416815115
100.0,-25.0,0.642857301236
100.0,-20.0,0.647195832723
100.0,-15.0,0.650997206804
100.0,-10.0,0.648776291502
100.0,-5.0,0.647977231909
100.0,0.0,0.642258660577
100.0,5.0,0.646181655154
100.0,10.0,0.648528676783
100.0,15.0,0.647918573724
100.0,20.0,0.647825380625
100.0,25.0,0.644773746467
100.0,30.0,0.641636902109
100.0,35.0,0.645789950094
100.0,40.0,0.646016587107
100.0,45.0,0.646974573064
100.0,50.0,0.644191477573
100.0,55.0,0.644046432548
100.0,60.0,0.64373474307
100.0,65.0,0.643611857312
100.0,70.0,0.644220935117
100.0,75.0,0.641712006711
100.0,80.0,0.637748225229
100.0,85.0,0.637011179668
100.0,90.0,0.635964802136
100.0,95.0,0.632294356755
100.0,100.0,0.628890991796
