-100.0,-100.0,0.631212860905
-100.0,-95.0,0.625775207609
-100.0,-90.0,0.617974369699
-100.0,-85.0,0.593037109114
-100.0,-80.0,0.581039015662
-100.0,-75.0,0.569529104431
-100.0,-70.0,0.588019315123
-100.0,-65.0,0.595123552482
-100.0,-60.0,0.598808063389
-100.0,-55.0,0.604764914495
-100.0,-50.0,0.613018520108
-100.0,-45.0,0.600362720683
-100.0,-40.0,0.602483012923
-100.0,-35.0,0.601999762993
-100.0,-30.0,0.605131347593
-100.0,-25.0,0.612717815033
-100.0,-20.0,0.621452826428
-100.0,-15.0,0.615664933015
-100.0,-10.0,0.603970294635
-100.0,-5.0,0.611075571132
-100.0,0.0,0.618596790888
-100.0,5.0,0.642112580583
-100.0,10.0,0.646821580595
-100.0,15.0,0.656823508047
-100.0,20.0,0.658058380067
-100.0,25.0,0.65584548846
-100.0,30.0,0.65793227753
-100.0,35.0,0.641258713046
-100.0,40.0,0.63928103118
-100.0,45.0,0.651454018002
-100.0,50.0,0.645325035038
-100.0,55.0,0.642103124579
-100.0,60.0,0.629790099344
-100.0,65.0,0.630304995664
-100.0,70.0,0.625430943695
-100.0,75.0,0.618719453693
-100.0,80.0,0.615664223995
-100.0,85.0,0.61606680556
-100.0,90.0,0.623163416934
-100.0,95.0,0.62961082165
-100.0,100.0,0.631212860905
-95.0,-100.0,0.648040956642
-95.0,-95.0,0.643547646454
-95.0,-90.0,0.614249001104
-95.0,-85.0,0.600951380448
-95.0,-80.0,0.589174560108
-95.0,-75.0,0.575718952053
-95.0,-70.0,0.58745693578
-95.0,-65.0,0.60141901872
-95.0,-60.0,0.598158146303
-95.0,-55.0,0.598674569383
-95.0,-50.0,0.608877073688
-95.0,-45.0,0.606216759208
-95.0,-40.0,0.600427551038
-95.0,-35.0,0.595945991155
-95.0,-30.0,0.607388986114
-95.0,-25.0,0.625221344731
-95.0,-20.0,0.61529498117
-95.0,-15.0,0.608368093848
-95.0,-10.0,0.615186827796
-95.0,-5.0,0.623125156443
-95.0,0.0,0.631646231157
-95.0,5.0,0.651785377763
-95.0,10.0,0.655042977542
-95.0,15.0,0.648149759186
-95.0,20.0,0.653980212476
-95.0,25.0,0.645322660303
-95.0,30.0,0.65218400337
-95.0,35.0,0.644167306373
-95.0,40.0,0.646064451846
-95.0,45.0,0.649675822199
-95.0,50.0,0.649100226963
-95.0,55.0,0.642813368889
-95.0,60.0,0.63325106181
-95.0,65.0,0.624184857402
-95.0,70.0,0.616385044257
-95.0,75.0,0.62708145709
-95.0,80.0,0.635240675063
-95.0,85.0,0.619406779534
-95.0,90.0,0.619125021728
-95.0,95.0,0.637288951736
-95.0,100.0,0.648040956642
-90.0,-100.0,0.645479610317
-90.0,-95.0,0.645691553173
-90.0,-90.0,0.614315294979
-90.0,-85.0,0.60042469931
-90.0,-80.0,0.585816077052
-90.0,-75.0,0.570437420739
-90.0,-70.0,0.576605110356
-90.0,-65.0,0.599392192276
-90.0,-60.0,0.599953165993
-90.0,-55.0,0.59720477718
-90.0,-50.0,0.607735290688
-90.0,-45.0,0.623817772594
-90.0,-40.0,0.606658254092
-90.0,-35.0,0.594834858471
-90.0,-30.0,0.600164583019
-90.0,-25.0,0.622463991248
-90.0,-20.0,0.617022951176
-90.0,-15.0,0.612645581715
-90.0,-10.0,0.61439801614
-90.0,-5.0,0.624111459812
-90.0,0.0,0.638932269068
-90.0,5.0,0.647605796958
-90.0,10.0,0.649627394927
-90.0,15.0,0.642612623137
-90.0,20.0,0.643839552233
-90.0,25.0,0.642443554439
-90.0,30.0,0.646814387288
-90.0,35.0,0.644255214369
-90.0,40.0,0.643791591749
-90.0,45.0,0.64076076067
-90.0,50.0,0.650555398726
-90.0,55.0,0.634827054146
-90.0,60.0,0.63743026915
-90.0,65.0,0.631768349212
-90.0,70.0,0.621576783098
-90.0,75.0,0.623690549006
-90.0,80.0,0.629644437624
-90.0,85.0,0.630937045768
-90.0,90.0,0.634999146492
-90.0,95.0,0.639099377784
-90.0,100.0,0.645479610317
-85.0,-100.0,0.633766624712
-85.0,-95.0,0.628285434381
-85.0,-90.0,0.60425117914
-85.0,-85.0,0.589958638991
-85.0,-80.0,0.582294872458
-85.0,-75.0,0.573947839533
-85.0,-70.0,0.587149923241
-85.0,-65.0,0.606010391109
-85.0,-60.0,0.601642045656
-85.0,-55.0,0.603058264156
-85.0,-50.0,0.603880075133
-85.0,-45.0,0.615338605307
-85.0,-40.0,0.613216864148
-85.0,-35.0,0.60490737684
-85.0,-30.0,0.608258745264
-85.0,-25.0,0.613393080778
-85.0,-20.0,0.612936838576
-85.0,-15.0,0.608299241839
-85.0,-10.0,0.618559254394
-85.0,-5.0,0.628777836673
-85.0,0.0,0.632586977424
-85.0,5.0,0.641613477225
-85.0,10.0,0.649851019541
-85.0,15.0,0.645965430511
-85.0,20.0,0.64865009309
-85.0,25.0,0.639936046499
-85.0,30.0,0.638980648124
-85.0,35.0,0.645569255423
-85.0,40.0,0.649299286534
-85.0,45.0,0.647198771857
-85.0,50.0,0.648516361961
-85.0,55.0,0.649014370417
-85.0,60.0,0.646567191255
-85.0,65.0,0.633390749565
-85.0,70.0,0.640205680987
-85.0,75.0,0.63226633124
-85.0,80.0,0.625743796746
-85.0,85.0,0.621010487045
-85.0,90.0,0.620525185715
-85.0,95.0,0.633646279347
-85.0,100.0,0.633766624712
-80.0,-100.0,0.624778190165
-80.0,-95.0,0.621913728262
-80.0,-90.0,0.613425347746
-80.0,-85.0,0.597124635547
-80.0,-80.0,0.581312289364
-80.0,-75.0,0.580731787105
-80.0,-70.0,0.580242458126
-80.0,-65.0,0.59474647732
-80.0,-60.0,0.600608021143
-80.0,-55.0,0.607313311829
-80.0,-50.0,0.616348863004
-80.0,-45.0,0.623924616451
-80.0,-40.0,0.620810267007
-80.0,-35.0,0.599421379297
-80.0,-30.0,0.611102670438
-80.0,-25.0,0.610792299454
-80.0,-20.0,0.617355406785
-80.0,-15.0,0.628155376578
-80.0,-10.0,0.632172533445
-80.0,-5.0,0.646042173966
-80.0,0.0,0.648582231291
-80.0,5.0,0.642505815787
-80.0,10.0,0.653119985077
-80.0,15.0,0.657161803363
-80.0,20.0,0.658645510747
-80.0,25.0,0.641049017486
-80.0,30.0,0.636658488224
-80.0,35.0,0.647316775001
-80.0,40.0,0.653306359524
-80.0,45.0,0.650790639434
-80.0,50.0,0.64576676409
-80.0,55.0,0.645767138831
-80.0,60.0,0.645928070519
-80.0,65.0,0.650093209531
-80.0,70.0,0.646358682987
-80.0,75.0,0.635208610507
-80.0,80.0,0.619301835999
-80.0,85.0,0.619746777447
-80.0,90.0,0.618537895526
-80.0,95.0,0.62360646128
-80.0,100.0,0.624778190165
-75.0,-100.0,0.612760840361
-75.0,-95.0,0.61954374772
-75.0,-90.0,0.632466705357
-75.0,-85.0,0.632922523038
-75.0,-80.0,0.608365550022
-75.0,-75.0,0.599682522441
-75.0,-70.0,0.588260359691
-75.0,-65.0,0.586906045753
-75.0,-60.0,0.594510118198
-75.0,-55.0,0.611645704509
-75.0,-50.0,0.622890717176
-75.0,-45.0,0.631517759209
-75.0,-40.0,0.634029765847
-75.0,-35.0,0.616951181139
-75.0,-30.0,0.609107373029
-75.0,-25.0,0.607419117079
-75.0,-20.0,0.61879443559
-75.0,-15.0,0.637589723006
-75.0,-10.0,0.642005896213
-75.0,-5.0,0.655942934878
-75.0,0.0,0.658983767734
-75.0,5.0,0.643488421952
-75.0,10.0,0.646198711862
-75.0,15.0,0.655893893506
-75.0,20.0,0.661385086792
-75.0,25.0,0.643417976229
-75.0,30.0,0.63218523234
-75.0,35.0,0.646585370273
-75.0,40.0,0.658656585584
-75.0,45.0,0.652100074411
-75.0,50.0,0.647664173025
-75.0,55.0,0.654917104362
-75.0,60.0,0.655694579743
-75.0,65.0,0.662978114431
-75.0,70.0,0.647267153581
-75.0,75.0,0.636967572576
-75.0,80.0,0.618237682603
-75.0,85.0,0.612702332686
-75.0,90.0,0.616033412122
-75.0,95.0,0.624892990722
-75.0,100.0,0.612760840361
-70.0,-100.0,0.6211143702
-70.0,-95.0,0.625768219724
-70.0,-90.0,0.637557143251
-70.0,-85.0,0.629385888756
-70.0,-80.0,0.617662745123
-70.0,-75.0,0.613668389892
-70.0,-70.0,0.602661209086
-70.0,-65.0,0.601128657027
-70.0,-60.0,0.601706356009
-70.0,-55.0,0.616701105782
-70.0,-50.0,0.630399921131
-70.0,-45.0,0.621767617127
-70.0,-40.0,0.625581070335
-70.0,-35.0,0.623014382741
-70.0,-30.0,0.613570263467
-70.0,-25.0,0.617640060885
-70.0,-20.0,0.632752468543
-70.0,-15.0,0.640749874904
-70.0,-10.0,0.648504344003
-70.0,-5.0,0.660065321792
-70.0,0.0,0.660166822695
-70.0,5.0,0.642118992382
-70.0,10.0,0.648342813981
-70.0,15.0,0.659909922113
-70.0,20.0,0.651185122557
-70.0,25.0,0.641146927363
-70.0,30.0,0.641948728515
-70.0,35.0,0.649432236389
-70.0,40.0,0.643475385493
-70.0,45.0,0.651046830696
-70.0,50.0,0.655018299519
-70.0,55.0,0.663022904644
-70.0,60.0,0.662144574461
-70.0,65.0,0.672509599346
-70.0,70.0,0.657593617072
-70.0,75.0,0.63686889042
-70.0,80.0,0.626410652273
-70.0,85.0,0.626820317138
-70.0,90.0,0.620495867077
-70.0,95.0,0.619769431219
-70.0,100.0,0.6211143702
-65.0,-100.0,0.617843587007
-65.0,-95.0,0.623360534434
-65.0,-90.0,0.632153972721
-65.0,-85.0,0.623853365574
-65.0,-80.0,0.62810220355
-65.0,-75.0,0.623126571838
-65.0,-70.0,0.616566920818
-65.0,-65.0,0.609336020629
-65.0,-60.0,0.615719173113
-65.0,-55.0,0.624755516888
-65.0,-50.0,0.626515921084
-65.0,-45.0,0.622689466938
-65.0,-40.0,0.633835419692
-65.0,-35.0,0.631286959262
-65.0,-30.0,0.621700109471
-65.0,-25.0,0.626806155916
-65.0,-20.0,0.638449412332
-65.0,-15.0,0.650576337745
-65.0,-10.0,0.664490591401
-65.0,-5.0,0.663680964764
-65.0,0.0,0.659012363158
-65.0,5.0,0.647675805714
-65.0,10.0,0.641919960198
-65.0,15.0,0.65199374468
-65.0,20.0,0.649626459788
-65.0,25.0,0.647566815203
-65.0,30.0,0.650284348181
-65.0,35.0,0.653456334854
-65.0,40.0,0.660169918915
-65.0,45.0,0.661255489847
-65.0,50.0,0.665226358055
-65.0,55.0,0.677359281448
-65.0,60.0,0.675228469667
-65.0,65.0,0.667453614376
-65.0,70.0,0.656653088523
-65.0,75.0,0.642341970155
-65.0,80.0,0.62895401287
-65.0,85.0,0.631824188775
-65.0,90.0,0.636804796474
-65.0,95.0,0.626197668905
-65.0,100.0,0.617843587007
-60.0,-100.0,0.632074268089
-60.0,-95.0,0.627072744264
-60.0,-90.0,0.624217191327
-60.0,-85.0,0.615328195701
-60.0,-80.0,0.628630914359
-60.0,-75.0,0.633650411076
-60.0,-70.0,0.637100543826
-60.0,-65.0,0.626479446615
-60.0,-60.0,0.631906286764
-60.0,-55.0,0.633236849984
-60.0,-50.0,0.632609849225
-60.0,-45.0,0.642546554542
-60.0,-40.0,0.64798685192
-60.0,-35.0,0.645830899306
-60.0,-30.0,0.639846393631
-60.0,-25.0,0.637515213261
-60.0,-20.0,0.653949928208
-60.0,-15.0,0.653326343411
-60.0,-10.0,0.657349082676
-60.0,-5.0,0.663404241005
-60.0,0.0,0.658266907432
-60.0,5.0,0.652440217747
-60.0,10.0,0.645711762115
-60.0,15.0,0.656278272572
-60.0,20.0,0.652777424599
-60.0,25.0,0.654856250202
-60.0,30.0,0.663106114514
-60.0,35.0,0.659607626943
-60.0,40.0,0.668144116813
-60.0,45.0,0.666768530613
-60.0,50.0,0.676571115968
-60.0,55.0,0.688236367778
-60.0,60.0,0.688767015742
-60.0,65.0,0.674212860829
-60.0,70.0,0.664279862507
-60.0,75.0,0.659464544658
-60.0,80.0,0.63520281635
-60.0,85.0,0.627438190478
-60.0,90.0,0.63810581973
-60.0,95.0,0.642771658808
-60.0,100.0,0.632074268089
-55.0,-100.0,0.630598445395
-55.0,-95.0,0.624320331289
-55.0,-90.0,0.618428891327
-55.0,-85.0,0.616228296157
-55.0,-80.0,0.613440119215
-55.0,-75.0,0.628779883011
-55.0,-70.0,0.64161518212
-55.0,-65.0,0.642280048018
-55.0,-60.0,0.650700336198
-55.0,-55.0,0.652602241661
-55.0,-50.0,0.651552386193
-55.0,-45.0,0.663333004391
-55.0,-40.0,0.665557934463
-55.0,-35.0,0.65000232898
-55.0,-30.0,0.661969597819
-55.0,-25.0,0.668338522682
-55.0,-20.0,0.672207723327
-55.0,-15.0,0.666961159608
-55.0,-10.0,0.654251507964
-55.0,-5.0,0.665578658769
-55.0,0.0,0.6581766165
-55.0,5.0,0.664551874394
-55.0,10.0,0.659837301196
-55.0,15.0,0.665840812745
-55.0,20.0,0.661073592328
-55.0,25.0,0.667409369025
-55.0,30.0,0.671731792782
-55.0,35.0,0.670890867451
-55.0,40.0,0.672436668406
-55.0,45.0,0.669841827657
-55.0,50.0,0.693901279467
-55.0,55.0,0.69981826074
-55.0,60.0,0.689669729685
-55.0,65.0,0.681519893148
-55.0,70.0,0.670365703622
-55.0,75.0,0.659987404623
-55.0,80.0,0.650382180991
-55.0,85.0,0.640740963441
-55.0,90.0,0.640766887068
-55.0,95.0,0.635101100334
-55.0,100.0,0.630598445395
-50.0,-100.0,0.636979539948
-50.0,-95.0,0.627751417205
-50.0,-90.0,0.614723273437
-50.0,-85.0,0.623759144139
-50.0,-80.0,0.619789191351
-50.0,-75.0,0.622565361025
-50.0,-70.0,0.635473777434
-50.0,-65.0,0.659607511042
-50.0,-60.0,0.658052786753
-50.0,-55.0,0.656257366053
-50.0,-50.0,0.667886781212
-50.0,-45.0,0.665459390937
-50.0,-40.0,0.669050278507
-50.0,-35.0,0.664241155149
-50.0,-30.0,0.660544186992
-50.0,-25.0,0.671114093546
-50.0,-20.0,0.671286701359
-50.0,-15.0,0.667587488375
-50.0,-10.0,0.663081430242
-50.0,-5.0,0.667169611652
-50.0,0.0,0.66542077786
-50.0,5.0,0.672092680145
-50.0,10.0,0.671416354027
-50.0,15.0,0.670748389199
-50.0,20.0,0.668777018444
-50.0,25.0,0.669370022133
-50.0,30.0,0.673135632436
-50.0,35.0,0.678131757651
-50.0,40.0,0.677407017638
-50.0,45.0,0.684589556803
-50.0,50.0,0.700748648871
-50.0,55.0,0.6929648918
-50.0,60.0,0.687275164129
-50.0,65.0,0.670828379702
-50.0,70.0,0.662583260349
-50.0,75.0,0.656424727217
-50.0,80.0,0.647092782377
-50.0,85.0,0.644480719144
-50.0,90.0,0.629799981218
-50.0,95.0,0.627481809885
-50.0,100.0,0.636979539948
-45.0,-100.0,0.634036222393
-45.0,-95.0,0.641917963624
-45.0,-90.0,0.628087333973
-45.0,-85.0,0.622312043531
-45.0,-80.0,0.619464848197
-45.0,-75.0,0.617401615429
-45.0,-70.0,0.631048121135
-45.0,-65.0,0.653225087488
-45.0,-60.0,0.652785667943
-45.0,-55.0,0.669359300661
-45.0,-50.0,0.670387876929
-45.0,-45.0,0.665015028014
-45.0,-40.0,0.675867185287
-45.0,-35.0,0.678844735067
-45.0,-30.0,0.674980365267
-45.0,-25.0,0.682485329795
-45.0,-20.0,0.673880117937
-45.0,-15.0,0.664003452128
-45.0,-10.0,0.668074157805
-45.0,-5.0,0.66660102976
-45.0,0.0,0.671682966379
-45.0,5.0,0.663209309795
-45.0,10.0,0.669652583015
-45.0,15.0,0.664404534746
-45.0,20.0,0.657748837747
-45.0,25.0,0.660537612952
-45.0,30.0,0.665597254908
-45.0,35.0,0.672641121794
-45.0,40.0,0.677928096374
-45.0,45.0,0.692438356209
-45.0,50.0,0.689471930634
-45.0,55.0,0.681761726066
-45.0,60.0,0.685454411969
-45.0,65.0,0.677080375917
-45.0,70.0,0.656058409959
-45.0,75.0,0.650773263085
-45.0,80.0,0.643273137679
-45.0,85.0,0.635088472206
-45.0,90.0,0.623720592172
-45.0,95.0,0.638757830333
-45.0,100.0,0.634036222393
-40.0,-100.0,0.639725425439
-40.0,-95.0,0.639239116923
-40.0,-90.0,0.632974889404
-40.0,-85.0,0.623601820777
-40.0,-80.0,0.636927515713
-40.0,-75.0,0.629133001072
-40.0,-70.0,0.636352557226
-40.0,-65.0,0.647794923286
-40.0,-60.0,0.649104895477
-40.0,-55.0,0.669368952151
-40.0,-50.0,0.666262930456
-40.0,-45.0,0.666127792602
-40.0,-40.0,0.677322610532
-40.0,-35.0,0.676165521888
-40.0,-30.0,0.676532533526
-40.0,-25.0,0.685808835247
-40.0,-20.0,0.677801017106
-40.0,-15.0,0.671422249413
-40.0,-10.0,0.682013082958
-40.0,-5.0,0.678666131837
-40.0,0.0,0.679821443951
-40.0,5.0,0.668931899232
-40.0,10.0,0.664623630289
-40.0,15.0,0.655505755337
-40.0,20.0,0.661777606558
-40.0,25.0,0.65300586773
-40.0,30.0,0.66250252497
-40.0,35.0,0.669856904566
-40.0,40.0,0.669161189945
-40.0,45.0,0.682813403487
-40.0,50.0,0.676504478666
-40.0,55.0,0.671400867767
-40.0,60.0,0.687458186706
-40.0,65.0,0.682647306954
-40.0,70.0,0.667827235943
-40.0,75.0,0.65417119231
-40.0,80.0,0.641166786632
-40.0,85.0,0.638102292944
-40.0,90.0,0.636597571984
-40.0,95.0,0.640994104838
-40.0,100.0,0.639725425439
-35.0,-100.0,0.645019449661
-35.0,-95.0,0.639014760162
-35.0,-90.0,0.642558104976
-35.0,-85.0,0.641622960841
-35.0,-80.0,0.641088681406
-35.0,-75.0,0.63587764684
-35.0,-70.0,0.640943951956
-35.0,-65.0,0.6597192966
-35.0,-60.0,0.656207923582
-35.0,-55.0,0.669956145827
-35.0,-50.0,0.672203643833
-35.0,-45.0,0.671726158025
-35.0,-40.0,0.683935475247
-35.0,-35.0,0.68456470039
-35.0,-30.0,0.681391896525
-35.0,-25.0,0.68634981357
-35.0,-20.0,0.678420076456
-35.0,-15.0,0.672999343299
-35.0,-10.0,0.681778568696
-35.0,-5.0,0.673767762546
-35.0,0.0,0.682194359586
-35.0,5.0,0.677529258714
-35.0,10.0,0.667720882874
-35.0,15.0,0.661362319545
-35.0,20.0,0.667237995192
-35.0,25.0,0.664100734919
-35.0,30.0,0.671965864385
-35.0,35.0,0.675114459049
-35.0,40.0,0.673335625353
-35.0,45.0,0.678311584926
-35.0,50.0,0.677776203394
-35.0,55.0,0.664023386111
-35.0,60.0,0.681543907398
-35.0,65.0,0.670148960757
-35.0,70.0,0.665221338303
-35.0,75.0,0.660757485339
-35.0,80.0,0.649199564318
-35.0,85.0,0.650230671516
-35.0,90.0,0.653532990206
-35.0,95.0,0.645747458843
-35.0,100.0,0.645019449661
-30.0,-100.0,0.643797717367
-30.0,-95.0,0.645332556121
-30.0,-90.0,0.645511796964
-30.0,-85.0,0.651181477244
-30.0,-80.0,0.653261887315
-30.0,-75.0,0.647382111093
-30.0,-70.0,0.644120302365
-30.0,-65.0,0.658232231878
-30.0,-60.0,0.66022690225
-30.0,-55.0,0.672738286302
-30.0,-50.0,0.682661740063
-30.0,-45.0,0.676229128058
-30.0,-40.0,0.685276817419
-30.0,-35.0,0.683605919616
-30.0,-30.0,0.681038070948
-30.0,-25.0,0.677023351377
-30.0,-20.0,0.677794502532
-30.0,-15.0,0.674026023223
-30.0,-10.0,0.675464445686
-30.0,-5.0,0.679425508827
-30.0,0.0,0.677473111291
-30.0,5.0,0.679975540776
-30.0,10.0,0.667789765291
-30.0,15.0,0.665816019532
-30.0,20.0,0.672371900016
-30.0,25.0,0.669911080496
-30.0,30.0,0.67491273613
-30.0,35.0,0.672841952909
-30.0,40.0,0.669284617012
-30.0,45.0,0.682335596167
-30.0,50.0,0.676672811439
-30.0,55.0,0.668027155938
-30.0,60.0,0.672711778661
-30.0,65.0,0.660732473328
-30.0,70.0,0.659267709532
-30.0,75.0,0.662269040434
-30.0,80.0,0.652189806861
-30.0,85.0,0.655778881165
-30.0,90.0,0.647075585677
-30.0,95.0,0.642455385986
-30.0,100.0,0.643797717367
-25.0,-100.0,0.64467113523
-25.0,-95.0,0.65869581069
-25.0,-90.0,0.650071877273
-25.0,-85.0,0.648725495921
-25.0,-80.0,0.663073108907
-25.0,-75.0,0.649135156649
-25.0,-70.0,0.653174052121
-25.0,-65.0,0.654886022131
-25.0,-60.0,0.667937235833
-25.0,-55.0,0.686259768419
-25.0,-50.0,0.694886398092
-25.0,-45.0,0.68568583593
-25.0,-40.0,0.681305252188
-25.0,-35.0,0.681225931859
-25.0,-30.0,0.683828479697
-25.0,-25.0,0.679745474959
-25.0,-20.0,0.677280679913
-25.0,-15.0,0.678564387053
-25.0,-10.0,0.666249705967
-25.0,-5.0,0.668378674904
-25.0,0.0,0.677093615826
-25.0,5.0,0.683734584383
-25.0,10.0,0.671075156351
-25.0,15.0,0.67065387075
-25.0,20.0,0.666365681545
-25.0,25.0,0.664386748962
-25.0,30.0,0.670610631857
-25.0,35.0,0.673112084977
-25.0,40.0,0.658135293937
-25.0,45.0,0.668255724827
-25.0,50.0,0.672568856225
-25.0,55.0,0.670764034108
-25.0,60.0,0.674984824574
-25.0,65.0,0.68061255957
-25.0,70.0,0.664249719977
-25.0,75.0,0.654819547358
-25.0,80.0,0.646725231833
-25.0,85.0,0.650800575129
-25.0,90.0,0.650942975639
-25.0,95.0,0.649265366643
-25.0,100.0,0.64467113523
-20.0,-100.0,0.651109993323
-20.0,-95.0,0.657956475619
-20.0,-90.0,0.656869844823
-20.0,-85.0,0.654280196979
-20.0,-80.0,0.640068763381
-20.0,-75.0,0.634511436448
-20.0,-70.0,0.649479799463
-20.0,-65.0,0.666139652961
-20.0,-60.0,0.676854407537
-20.0,-55.0,0.689373435231
-20.0,-50.0,0.686006628185
-20.0,-45.0,0.686421581524
-20.0,-40.0,0.679645708049
-20.0,-35.0,0.682355839895
-20.0,-30.0,0.665992376709
-20.0,-25.0,0.678027051103
-20.0,-20.0,0.68121671687
-20.0,-15.0,0.681334934474
-20.0,-10.0,0.68122278954
-20.0,-5.0,0.674725585297
-20.0,0.0,0.676997466828
-20.0,5.0,0.673948675885
-20.0,10.0,0.654702449381
-20.0,15.0,0.657765426987
-20.0,20.0,0.658051093221
-20.0,25.0,0.650854425399
-20.0,30.0,0.663587349983
-20.0,35.0,0.673534560043
-20.0,40.0,0.668320423689
-20.0,45.0,0.677468083633
-20.0,50.0,0.679186866687
-20.0,55.0,0.669724472415
-20.0,60.0,0.669969090955
-20.0,65.0,0.670180596491
-20.0,70.0,0.663254220075
-20.0,75.0,0.655875137181
-20.0,80.0,0.658859832939
-20.0,85.0,0.655813201422
-20.0,90.0,0.653350490982
-20.0,95.0,0.650819952653
-20.0,100.0,0.651109993323
-15.0,-100.0,0.650336668487
-15.0,-95.0,0.65162295535
-15.0,-90.0,0.652266584128
-15.0,-85.0,0.652167234689
-15.0,-80.0,0.640359831818
-15.0,-75.0,0.643347793751
-15.0,-70.0,0.659889260568
-15.0,-65.0,0.680818724933
-15.0,-60.0,0.684199805397
-15.0,-55.0,0.693680839817
-15.0,-50.0,0.685426426368
-15.0,-45.0,0.689387682912
-15.0,-40.0,0.693903725653
-15.0,-35.0,0.688448643682
-15.0,-30.0,0.675854048441
-15.0,-25.0,0.684436717848
-15.0,-20.0,0.682230238479
-15.0,-15.0,0.673742055786
-15.0,-10.0,0.666677795162
-15.0,-5.0,0.661492163142
-15.0,0.0,0.666204741493
-15.0,5.0,0.659179498879
-15.0,10.0,0.645432090754
-15.0,15.0,0.655201030048
-15.0,20.0,0.659739740134
-15.0,25.0,0.660888894247
-15.0,30.0,0.665085277865
-15.0,35.0,0.673041523655
-15.0,40.0,0.668962910315
-15.0,45.0,0.675591727499
-15.0,50.0,0.685407589949
-15.0,55.0,0.677323196512
-15.0,60.0,0.671621078494
-15.0,65.0,0.666071724611
-15.0,70.0,0.665718107912
-15.0,75.0,0.665366395203
-15.0,80.0,0.66750937378
-15.0,85.0,0.667375491361
-15.0,90.0,0.662767137263
-15.0,95.0,0.658995554421
-15.0,100.0,0.650336668487
-10.0,-100.0,0.657465326521
-10.0,-95.0,0.654364181562
-10.0,-90.0,0.659491664492
-10.0,-85.0,0.662531400579
-10.0,-80.0,0.652991974638
-10.0,-75.0,0.663019615929
-10.0,-70.0,0.666587868268
-10.0,-65.0,0.682164615295
-10.0,-60.0,0.684400036316
-10.0,-55.0,0.68191727461
-10.0,-50.0,0.685158459642
-10.0,-45.0,0.692249874769
-10.0,-40.0,0.687512041779
-10.0,-35.0,0.685609961048
-10.0,-30.0,0.679670036301
-10.0,-25.0,0.682944868269
-10.0,-20.0,0.68640211092
-10.0,-15.0,0.671180176906
-10.0,-10.0,0.666793953485
-10.0,-5.0,0.668599248368
-10.0,0.0,0.677512513681
-10.0,5.0,0.672565566311
-10.0,10.0,0.654373693976
-10.0,15.0,0.656786992377
-10.0,20.0,0.656121830209
-10.0,25.0,0.655440432545
-10.0,30.0,0.658714705614
-10.0,35.0,0.651567364536
-10.0,40.0,0.661634962241
-10.0,45.0,0.666091488362
-10.0,50.0,0.673878361619
-10.0,55.0,0.683748690872
-10.0,60.0,0.673511279236
-10.0,65.0,0.66364126648
-10.0,70.0,0.654043524202
-10.0,75.0,0.660602747664
-10.0,80.0,0.663614141954
-10.0,85.0,0.667698986814
-10.0,90.0,0.66489463723
-10.0,95.0,0.659782171151
-10.0,100.0,0.657465326521
-5.0,-100.0,0.671938447663
-5.0,-95.0,0.670745289109
-5.0,-90.0,0.673749884421
-5.0,-85.0,0.677332753973
-5.0,-80.0,0.670215202506
-5.0,-75.0,0.670564396376
-5.0,-70.0,0.672511329527
-5.0,-65.0,0.673809724212
-5.0,-60.0,0.687398690461
-5.0,-55.0,0.684189332051
-5.0,-50.0,0.6865775619
-5.0,-45.0,0.69068501748
-5.0,-40.0,0.691416436182
-5.0,-35.0,0.695335254274
-5.0,-30.0,0.683463567305
-5.0,-25.0,0.688045745183
-5.0,-20.0,0.685124085657
-5.0,-15.0,0.660935105538
-5.0,-10.0,0.664011066136
-5.0,-5.0,0.670238019789
-5.0,0.0,0.669451302389
-5.0,5.0,0.670218579071
-5.0,10.0,0.649052959093
-5.0,15.0,0.643024356159
-5.0,20.0,0.646988305777
-5.0,25.0,0.656200149224
-5.0,30.0,0.664646641767
-5.0,35.0,0.6494886787
-5.0,40.0,0.655974792844
-5.0,45.0,0.663577241818
-5.0,50.0,0.679376250357
-5.0,55.0,0.674935670183
-5.0,60.0,0.672710598459
-5.0,65.0,0.672008335165
-5.0,70.0,0.656400489852
-5.0,75.0,0.655997740224
-5.0,80.0,0.655690751521
-5.0,85.0,0.665476693493
-5.0,90.0,0.667943059458
-5.0,95.0,0.660569046807
-5.0,100.0,0.671938447663
0.0,-100.0,0.677949749435
0.0,-95.0,0.674076613778
0.0,-90.0,0.671431487894
0.0,-85.0,0.670642034926
0.0,-80.0,0.665132896935
0.0,-75.0,0.665325760223
0.0,-70.0,0.673146871872
0.0,-65.0,0.679250706108
0.0,-60.0,0.682363116633
0.0,-55.0,0.686646538746
0.0,-50.0,0.692953770651
0.0,-45.0,0.696179421654
0.0,-40.0,0.703740788569
0.0,-35.0,0.704005348032
0.0,-30.0,0.687788534147
0.0,-25.0,0.672472681406
0.0,-20.0,0.669945423201
0.0,-15.0,0.656490070415
0.0,-10.0,0.65654741282
0.0,-5.0,0.66727758442
0.0,0.0,0.659427879956
0.0,5.0,0.663206871769
0.0,10.0,0.64759937925
0.0,15.0,0.647799286842
0.0,20.0,0.646272829382
0.0,25.0,0.645376204104
0.0,30.0,0.651739477515
0.0,35.0,0.654876307511
0.0,40.0,0.658666052017
0.0,45.0,0.666996734849
0.0,50.0,0.68094033287
0.0,55.0,0.681439123587
0.0,60.0,0.675306528386
0.0,65.0,0.667952547137
0.0,70.0,0.667270501968
0.0,75.0,0.658289722608
0.0,80.0,0.65647677566
0.0,85.0,0.665371596627
0.0,90.0,0.673739833617
0.0,95.0,0.67591939705
0.0,100.0,0.677949749435
5.0,-100.0,0.681531456681
5.0,-95.0,0.674590462393
5.0,-90.0,0.659410010251
5.0,-85.0,0.660789382444
5.0,-80.0,0.664714210295
5.0,-75.0,0.668355470007
5.0,-70.0,0.671351333419
5.0,-65.0,0.686899559453
5.0,-60.0,0.682506984556
5.0,-55.0,0.691808114495
5.0,-50.0,0.700417656574
5.0,-45.0,0.693901301702
5.0,-40.0,0.7012448683
5.0,-35.0,0.703205187057
5.0,-30.0,0.692910947924
5.0,-25.0,0.678618443238
5.0,-20.0,0.672592722388
5.0,-15.0,0.667899263191
5.0,-10.0,0.661594477509
5.0,-5.0,0.663538031061
5.0,0.0,0.659413449204
5.0,5.0,0.65547275116
5.0,10.0,0.644517687524
5.0,15.0,0.64927600315
5.0,20.0,0.635606373619
5.0,25.0,0.630879293407
5.0,30.0,0.644342734482
5.0,35.0,0.653460876016
5.0,40.0,0.660690337807
5.0,45.0,0.668169633572
5.0,50.0,0.676495787229
5.0,55.0,0.672837348526
5.0,60.0,0.668462715959
5.0,65.0,0.6763390231
5.0,70.0,0.673734800659
5.0,75.0,0.675854770295
5.0,80.0,0.675990324358
5.0,85.0,0.671951543247
5.0,90.0,0.678936321032
5.0,95.0,0.684690606586
5.0,100.0,0.681531456681
10.0,-100.0,0.67681557625
10.0,-95.0,0.673954906241
10.0,-90.0,0.663074091629
10.0,-85.0,0.664986868881
10.0,-80.0,0.680318682868
10.0,-75.0,0.67916096927
10.0,-70.0,0.673863115774
10.0,-65.0,0.680239968487
10.0,-60.0,0.687936720715
10.0,-55.0,0.694362011116
10.0,-50.0,0.695262205213
10.0,-45.0,0.696496323208
10.0,-40.0,0.693020042662
10.0,-35.0,0.696368619786
10.0,-30.0,0.688732386533
10.0,-25.0,0.685561088143
10.0,-20.0,0.677558725062
10.0,-15.0,0.665388481214
10.0,-10.0,0.65924786624
10.0,-5.0,0.665239888227
10.0,0.0,0.667657106115
10.0,5.0,0.654894138537
10.0,10.0,0.642534520736
10.0,15.0,0.644108458218
10.0,20.0,0.637446380811
10.0,25.0,0.641005373499
10.0,30.0,0.639333700768
10.0,35.0,0.639074423686
10.0,40.0,0.647074683699
10.0,45.0,0.664441641676
10.0,50.0,0.665977833767
10.0,55.0,0.665292713615
10.0,60.0,0.671943870012
10.0,65.0,0.678831650152
10.0,70.0,0.679881131996
10.0,75.0,0.688319019642
10.0,80.0,0.692795667214
10.0,85.0,0.683929840007
10.0,90.0,0.685347032143
10.0,95.0,0.682232611607
10.0,100.0,0.67681557625
15.0,-100.0,0.678314027766
15.0,-95.0,0.673058565444
15.0,-90.0,0.670145596574
15.0,-85.0,0.659847175234
15.0,-80.0,0.672991759648
15.0,-75.0,0.677614049488
15.0,-70.0,0.670430070901
15.0,-65.0,0.680327059676
15.0,-60.0,0.68320531651
15.0,-55.0,0.685557322908
15.0,-50.0,0.684760077716
15.0,-45.0,0.699089211329
15.0,-40.0,0.693520243686
15.0,-35.0,0.699729884222
15.0,-30.0,0.701599247745
15.0,-25.0,0.689611196073
15.0,-20.0,0.680553212454
15.0,-15.0,0.66505140997
15.0,-10.0,0.660608568298
15.0,-5.0,0.672238340036
15.0,0.0,0.65813504162
15.0,5.0,0.661161990311
15.0,10.0,0.649876001134
15.0,15.0,0.647636953492
15.0,20.0,0.65209385863
15.0,25.0,0.649164455036
15.0,30.0,0.648554080824
15.0,35.0,0.645915378133
15.0,40.0,0.649823872209
15.0,45.0,0.656611777192
15.0,50.0,0.664722367726
15.0,55.0,0.673330158049
15.0,60.0,0.687439459566
15.0,65.0,0.687913121338
15.0,70.0,0.683444942786
15.0,75.0,0.673589925264
15.0,80.0,0.683971986566
15.0,85.0,0.681078127193
15.0,90.0,0.672757753919
15.0,95.0,0.673243590657
15.0,100.0,0.678314027766
20.0,-100.0,0.675459753397
20.0,-95.0,0.665537701135
20.0,-90.0,0.666812339483
20.0,-85.0,0.661790328718
20.0,-80.0,0.666598714969
20.0,-75.0,0.680702875471
20.0,-70.0,0.674710228099
20.0,-65.0,0.680985380953
20.0,-60.0,0.683941490054
20.0,-55.0,0.689365112471
20.0,-50.0,0.683403155203
20.0,-45.0,0.684579525098
20.0,-40.0,0.687775014024
20.0,-35.0,0.700602194096
20.0,-30.0,0.69889087849
20.0,-25.0,0.681292536141
20.0,-20.0,0.674477576443
20.0,-15.0,0.666501139616
20.0,-10.0,0.671939185649
20.0,-5.0,0.679804186903
20.0,0.0,0.659301067558
20.0,5.0,0.660457282745
20.0,10.0,0.66534750193
20.0,15.0,0.654667761673
20.0,20.0,0.64438121186
20.0,25.0,0.649349594457
20.0,30.0,0.653831438189
20.0,35.0,0.648350273487
20.0,40.0,0.647338201436
20.0,45.0,0.646736956924
20.0,50.0,0.66351034696
20.0,55.0,0.672483281944
20.0,60.0,0.683962394747
20.0,65.0,0.678799029202
20.0,70.0,0.678552837923
20.0,75.0,0.666572190194
20.0,80.0,0.669283686291
20.0,85.0,0.673434086076
20.0,90.0,0.666709436329
20.0,95.0,0.668560494457
20.0,100.0,0.675459753397
25.0,-100.0,0.674382619115
25.0,-95.0,0.673301481636
25.0,-90.0,0.673296211725
25.0,-85.0,0.672151384708
25.0,-80.0,0.668196293814
25.0,-75.0,0.676731637505
25.0,-70.0,0.682467019542
25.0,-65.0,0.687107655699
25.0,-60.0,0.687043363859
25.0,-55.0,0.686441873673
25.0,-50.0,0.692397057573
25.0,-45.0,0.691196930267
25.0,-40.0,0.683213374397
25.0,-35.0,0.683016103222
25.0,-30.0,0.689971388052
25.0,-25.0,0.681728526717
25.0,-20.0,0.666783631143
25.0,-15.0,0.662029113818
25.0,-10.0,0.679196329772
25.0,-5.0,0.671152828709
25.0,0.0,0.656597991266
25.0,5.0,0.652159888456
25.0,10.0,0.669818603796
25.0,15.0,0.656441238007
25.0,20.0,0.642934339062
25.0,25.0,0.643782175305
25.0,30.0,0.64837397944
25.0,35.0,0.653058023014
25.0,40.0,0.652504064373
25.0,45.0,0.638371111508
25.0,50.0,0.654772548428
25.0,55.0,0.674033028672
25.0,60.0,0.675543730413
25.0,65.0,0.668355834433
25.0,70.0,0.675357043738
25.0,75.0,0.668315786416
25.0,80.0,0.673417349757
25.0,85.0,0.674734717094
25.0,90.0,0.667794388121
25.0,95.0,0.675751739857
25.0,100.0,0.674382619115
30.0,-100.0,0.668080526127
30.0,-95.0,0.666075104176
30.0,-90.0,0.67345815729
30.0,-85.0,0.671041130802
30.0,-80.0,0.670242500831
30.0,-75.0,0.672027517549
30.0,-70.0,0.676502752145
30.0,-65.0,0.688905681387
30.0,-60.0,0.688618537056
30.0,-55.0,0.686942772599
30.0,-50.0,0.687299419864
30.0,-45.0,0.687464016767
30.0,-40.0,0.681770292642
30.0,-35.0,0.688108287876
30.0,-30.0,0.691486968318
30.0,-25.0,0.675436618779
30.0,-20.0,0.665546413685
30.0,-15.0,0.666642636838
30.0,-10.0,0.671004317084
30.0,-5.0,0.660981039922
30.0,0.0,0.658750356107
30.0,5.0,0.654852573617
30.0,10.0,0.664613203477
30.0,15.0,0.6606123839
30.0,20.0,0.643805438038
30.0,25.0,0.640286077802
30.0,30.0,0.647349649432
30.0,35.0,0.655852385202
30.0,40.0,0.658677957683
30.0,45.0,0.64857854812
30.0,50.0,0.650504827426
30.0,55.0,0.663012169028
30.0,60.0,0.664583467912
30.0,65.0,0.652254167425
30.0,70.0,0.662266606624
30.0,75.0,0.669921987152
30.0,80.0,0.672473767218
30.0,85.0,0.670452198843
30.0,90.0,0.664880086278
30.0,95.0,0.668630174513
30.0,100.0,0.668080526127
35.0,-100.0,0.671450131654
35.0,-95.0,0.668756917665
35.0,-90.0,0.666725157873
35.0,-85.0,0.661838212529
35.0,-80.0,0.663069445929
35.0,-75.0,0.673130520023
35.0,-70.0,0.668466936115
35.0,-65.0,0.675825625294
35.0,-60.0,0.685932600336
35.0,-55.0,0.684288804927
35.0,-50.0,0.686344030646
35.0,-45.0,0.690723276804
35.0,-40.0,0.680108208349
35.0,-35.0,0.676083576803
35.0,-30.0,0.678480301262
35.0,-25.0,0.670882501649
35.0,-20.0,0.661015757125
35.0,-15.0,0.668167272243
35.0,-10.0,0.667229472319
35.0,-5.0,0.664331496388
35.0,0.0,0.662419580662
35.0,5.0,0.662507534408
35.0,10.0,0.664204578624
35.0,15.0,0.656456665293
35.0,20.0,0.648991542093
35.0,25.0,0.657335073765
35.0,30.0,0.658733999374
35.0,35.0,0.66710370269
35.0,40.0,0.666783958455
35.0,45.0,0.649701695083
35.0,50.0,0.651906655108
35.0,55.0,0.664148355214
35.0,60.0,0.668601351342
35.0,65.0,0.65471354117
35.0,70.0,0.652447694751
35.0,75.0,0.650485476609
35.0,80.0,0.666898507551
35.0,85.0,0.666963682571
35.0,90.0,0.655580513064
35.0,95.0,0.665286611751
35.0,100.0,0.671450131654
40.0,-100.0,0.67061307245
40.0,-95.0,0.667902732363
40.0,-90.0,0.659538698387
40.0,-85.0,0.660423571545
40.0,-80.0,0.660181180664
40.0,-75.0,0.671286695911
40.0,-70.0,0.675315234174
40.0,-65.0,0.677075409671
40.0,-60.0,0.676714391503
40.0,-55.0,0.683693004958
40.0,-50.0,0.683346416348
40.0,-45.0,0.682643806336
40.0,-40.0,0.682679201448
40.0,-35.0,0.673175007508
40.0,-30.0,0.686988581066
40.0,-25.0,0.682827689567
40.0,-20.0,0.669643430315
40.0,-15.0,0.671190712078
40.0,-10.0,0.661627279075
40.0,-5.0,0.651456842013
40.0,0.0,0.658950161153
40.0,5.0,0.672995789206
40.0,10.0,0.66651777627
40.0,15.0,0.650539960542
40.0,20.0,0.654693768177
40.0,25.0,0.662667882235
40.0,30.0,0.658495830564
40.0,35.0,0.663106091571
40.0,40.0,0.664772521379
40.0,45.0,0.66949098293
40.0,50.0,0.66637730544
40.0,55.0,0.663755646492
40.0,60.0,0.668015641369
40.0,65.0,0.655776215737
40.0,70.0,0.657686371772
40.0,75.0,0.645817698614
40.0,80.0,0.656938669279
40.0,85.0,0.658913265798
40.0,90.0,0.651496758244
40.0,95.0,0.669180561643
40.0,100.0,0.67061307245
45.0,-100.0,0.661433312885
45.0,-95.0,0.668052071277
45.0,-90.0,0.669624152178
45.0,-85.0,0.667027128829
45.0,-80.0,0.672464892526
45.0,-75.0,0.679101028081
45.0,-70.0,0.667342344428
45.0,-65.0,0.675143436818
45.0,-60.0,0.67745955786
45.0,-55.0,0.680123239819
45.0,-50.0,0.670984073632
45.0,-45.0,0.678225931509
45.0,-40.0,0.676616046368
45.0,-35.0,0.668593844229
45.0,-30.0,0.682657917316
45.0,-25.0,0.678760167757
45.0,-20.0,0.675787645162
45.0,-15.0,0.666909600606
45.0,-10.0,0.660016476115
45.0,-5.0,0.662002958746
45.0,0.0,0.659970779946
45.0,5.0,0.659180630016
45.0,10.0,0.665109590387
45.0,15.0,0.66066509592
45.0,20.0,0.650122717199
45.0,25.0,0.653977133703
45.0,30.0,0.660686191528
45.0,35.0,0.66032525437
45.0,40.0,0.660592211373
45.0,45.0,0.676991324237
45.0,50.0,0.671106503246
45.0,55.0,0.671840466009
45.0,60.0,0.67759755049
45.0,65.0,0.65856549012
45.0,70.0,0.662304294393
45.0,75.0,0.661486361568
45.0,80.0,0.669547501578
45.0,85.0,0.665649573248
45.0,90.0,0.664651465361
45.0,95.0,0.664026569972
45.0,100.0,0.661433312885
50.0,-100.0,0.660564916316
50.0,-95.0,0.664618287811
50.0,-90.0,0.667853882435
50.0,-85.0,0.661908076631
50.0,-80.0,0.657976071875
50.0,-75.0,0.662691086947
50.0,-70.0,0.660531322849
50.0,-65.0,0.664377729362
50.0,-60.0,0.671690757853
50.0,-55.0,0.674642017932
50.0,-50.0,0.673652745136
50.0,-45.0,0.670833325322
50.0,-40.0,0.673826525735
50.0,-35.0,0.675956831256
50.0,-30.0,0.676559022286
50.0,-25.0,0.669212059032
50.0,-20.0,0.669630793253
50.0,-15.0,0.67132562009
50.0,-10.0,0.66836046928
50.0,-5.0,0.6621749
50.0,0.0,0.667140312701
50.0,5.0,0.659957443701
50.0,10.0,0.659939791769
50.0,15.0,0.65814232313
50.0,20.0,0.654350725491
50.0,25.0,0.658264602642
50.0,30.0,0.652563032253
50.0,35.0,0.655248744946
50.0,40.0,0.673522215975
50.0,45.0,0.684581608423
50.0,50.0,0.671032474434
50.0,55.0,0.671800829052
50.0,60.0,0.666722815673
50.0,65.0,0.658101133755
50.0,70.0,0.664602596376
50.0,75.0,0.671056411211
50.0,80.0,0.66306443015
50.0,85.0,0.663369219055
50.0,90.0,0.663939284846
50.0,95.0,0.665509739418
50.0,100.0,0.660564916316
55.0,-100.0,0.644095804678
55.0,-95.0,0.651594860015
55.0,-90.0,0.650580697646
55.0,-85.0,0.651356462382
55.0,-80.0,0.653532293334
55.0,-75.0,0.646482495079
55.0,-70.0,0.655441903328
55.0,-65.0,0.662863805135
55.0,-60.0,0.677235253767
55.0,-55.0,0.674333018706
55.0,-50.0,0.672492153342
55.0,-45.0,0.662748784247
55.0,-40.0,0.660503544255
55.0,-35.0,0.665285364243
55.0,-30.0,0.679308357088
55.0,-25.0,0.68497628332
55.0,-20.0,0.676296390457
55.0,-15.0,0.672332255769
55.0,-10.0,0.671703462976
55.0,-5.0,0.666418686889
55.0,0.0,0.671805989391
55.0,5.0,0.665811888609
55.0,10.0,0.671611360178
55.0,15.0,0.663461260685
55.0,20.0,0.662539349138
55.0,25.0,0.66772317151
55.0,30.0,0.663960956995
55.0,35.0,0.675845608186
55.0,40.0,0.68496110178
55.0,45.0,0.680454757306
55.0,50.0,0.683786874907
55.0,55.0,0.671809762975
55.0,60.0,0.661085231943
55.0,65.0,0.667681674536
55.0,70.0,0.671233210355
55.0,75.0,0.663569759276
55.0,80.0,0.651552950203
55.0,85.0,0.653424460502
55.0,90.0,0.653124699157
55.0,95.0,0.65313235278
55.0,100.0,0.644095804678
60.0,-100.0,0.631294152496
60.0,-95.0,0.633856651807
60.0,-90.0,0.623876799806
60.0,-85.0,0.634997834454
60.0,-80.0,0.638681353848
60.0,-75.0,0.648594387006
60.0,-70.0,0.662901573569
60.0,-65.0,0.667710397998
60.0,-60.0,0.666190125823
60.0,-55.0,0.662170847231
60.0,-50.0,0.656144293366
60.0,-45.0,0.650380086604
60.0,-40.0,0.647390335688
60.0,-35.0,0.657820420902
60.0,-30.0,0.676827101134
60.0,-25.0,0.679162815803
60.0,-20.0,0.675808943413
60.0,-15.0,0.673366618405
60.0,-10.0,0.67621256216
60.0,-5.0,0.676992119995
60.0,0.0,0.665653872132
60.0,5.0,0.667125867519
60.0,10.0,0.673960830171
60.0,15.0,0.673996850982
60.0,20.0,0.670433387079
60.0,25.0,0.673047316337
60.0,30.0,0.669039683775
60.0,35.0,0.665863495157
60.0,40.0,0.666246607544
60.0,45.0,0.663190344683
60.0,50.0,0.669124809743
60.0,55.0,0.667069225253
60.0,60.0,0.658334229394
60.0,65.0,0.65390238846
60.0,70.0,0.657715634157
60.0,75.0,0.64589658543
60.0,80.0,0.641408632498
60.0,85.0,0.640457011645
60.0,90.0,0.647462710484
60.0,95.0,0.630556279396
60.0,100.0,0.631294152496
65.0,-100.0,0.632581069455
65.0,-95.0,0.636990392548
65.0,-90.0,0.630772551752
65.0,-85.0,0.63619688461
65.0,-80.0,0.632529136972
65.0,-75.0,0.642654897469
65.0,-70.0,0.654619838608
65.0,-65.0,0.661404056411
65.0,-60.0,0.652669267887
65.0,-55.0,0.641062973321
65.0,-50.0,0.644853958019
65.0,-45.0,0.641775399663
65.0,-40.0,0.641255505723
65.0,-35.0,0.637384974338
65.0,-30.0,0.642512785604
65.0,-25.0,0.670908492544
65.0,-20.0,0.670453740759
65.0,-15.0,0.667541601088
65.0,-10.0,0.675507372644
65.0,-5.0,0.677934325086
65.0,0.0,0.671058646198
65.0,5.0,0.663925300931
65.0,10.0,0.658560993207
65.0,15.0,0.665416912038
65.0,20.0,0.66338708081
65.0,25.0,0.660941418312
65.0,30.0,0.649908476583
65.0,35.0,0.651556595221
65.0,40.0,0.645452982209
65.0,45.0,0.659392849019
65.0,50.0,0.66809676313
65.0,55.0,0.663704060292
65.0,60.0,0.652957999364
65.0,65.0,0.641849643585
65.0,70.0,0.63156343166
65.0,75.0,0.630083399722
65.0,80.0,0.626238740736
65.0,85.0,0.638828518496
65.0,90.0,0.648229412489
65.0,95.0,0.636966950193
65.0,100.0,0.632581069455
70.0,-100.0,0.629596084852
70.0,-95.0,0.631112988779
70.0,-90.0,0.628927855061
70.0,-85.0,0.631106944117
70.0,-80.0,0.623907108945
70.0,-75.0,0.623840842333
70.0,-70.0,0.635336282161
70.0,-65.0,0.631165738171
70.0,-60.0,0.636067936183
70.0,-55.0,0.631356666034
70.0,-50.0,0.629768435019
70.0,-45.0,0.634399724491
70.0,-40.0,0.635259786218
70.0,-35.0,0.628143333104
70.0,-30.0,0.63140599732
70.0,-25.0,0.648876526076
70.0,-20.0,0.658309989836
70.0,-15.0,0.671033412828
70.0,-10.0,0.668590728217
70.0,-5.0,0.664040442992
70.0,0.0,0.653208213343
70.0,5.0,0.641667063096
70.0,10.0,0.64114007187
70.0,15.0,0.645293041962
70.0,20.0,0.647189922698
70.0,25.0,0.643698021832
70.0,30.0,0.632766694782
70.0,35.0,0.635499955142
70.0,40.0,0.636465972173
70.0,45.0,0.653110196588
70.0,50.0,0.656044955666
70.0,55.0,0.645582967328
70.0,60.0,0.642969557046
70.0,65.0,0.633615495892
70.0,70.0,0.624157084918
70.0,75.0,0.625769053557
70.0,80.0,0.626351291774
70.0,85.0,0.641247009826
70.0,90.0,0.645133309553
70.0,95.0,0.642030670662
70.0,100.0,0.629596084852
75.0,-100.0,0.624020549626
75.0,-95.0,0.619567611021
75.0,-90.0,0.624850361856
75.0,-85.0,0.616921910553
75.0,-80.0,0.608642215724
75.0,-75.0,0.609624781249
75.0,-70.0,0.626511251439
75.0,-65.0,0.620148596983
75.0,-60.0,0.624441231769
75.0,-55.0,0.632522000514
75.0,-50.0,0.628440345769
75.0,-45.0,0.619172071546
75.0,-40.0,0.61820562441
75.0,-35.0,0.620867061347
75.0,-30.0,0.615176299322
75.0,-25.0,0.633480897017
75.0,-20.0,0.64207614219
75.0,-15.0,0.660601452833
75.0,-10.0,0.662703603076
75.0,-5.0,0.671367602349
75.0,0.0,0.66243614677
75.0,5.0,0.647465992715
75.0,10.0,0.641383470781
75.0,15.0,0.642366160589
75.0,20.0,0.643420674052
75.0,25.0,0.633810479199
75.0,30.0,0.62841002101
75.0,35.0,0.632225515644
75.0,40.0,0.63926018532
75.0,45.0,0.639329199436
75.0,50.0,0.644743879217
75.0,55.0,0.641877254877
75.0,60.0,0.644294776793
75.0,65.0,0.628585098484
75.0,70.0,0.625174649778
75.0,75.0,0.625897655968
75.0,80.0,0.635176878448
75.0,85.0,0.639860914366
75.0,90.0,0.637297980348
75.0,95.0,0.636120137588
75.0,100.0,0.624020549626
80.0,-100.0,0.626417067188
80.0,-95.0,0.623767963281
80.0,-90.0,0.619696219717
80.0,-85.0,0.613898024116
80.0,-80.0,0.616023060682
80.0,-75.0,0.606323139004
80.0,-70.0,0.617296460475
80.0,-65.0,0.618174988289
80.0,-60.0,0.624178748319
80.0,-55.0,0.628229348383
80.0,-50.0,0.62802190281
80.0,-45.0,0.620143624531
80.0,-40.0,0.61857989551
80.0,-35.0,0.619171258502
80.0,-30.0,0.608321588289
80.0,-25.0,0.615885745032
80.0,-20.0,0.626768503704
80.0,-15.0,0.657846467064
80.0,-10.0,0.658618409363
80.0,-5.0,0.655211832746
80.0,0.0,0.66106339517
80.0,5.0,0.651367334416
80.0,10.0,0.642242843736
80.0,15.0,0.644406902652
80.0,20.0,0.643248937174
80.0,25.0,0.639746055434
80.0,30.0,0.637479979613
80.0,35.0,0.6515491479
80.0,40.0,0.656067560458
80.0,45.0,0.647194771238
80.0,50.0,0.644724842134
80.0,55.0,0.64114312834
80.0,60.0,0.633984051166
80.0,65.0,0.625689527973
80.0,70.0,0.628400121718
80.0,75.0,0.627914809209
80.0,80.0,0.632893883172
80.0,85.0,0.631099927422
80.0,90.0,0.637474037537
80.0,95.0,0.631453579292
80.0,100.0,0.626417067188
85.0,-100.0,0.627653739402
85.0,-95.0,0.632544634441
85.0,-90.0,0.628504959929
85.0,-85.0,0.624327688218
85.0,-80.0,0.617907184938
85.0,-75.0,0.611507777004
85.0,-70.0,0.607322503833
85.0,-65.0,0.607143485729
85.0,-60.0,0.615127479333
85.0,-55.0,0.617357216468
85.0,-50.0,0.626172922034
85.0,-45.0,0.62374978529
85.0,-40.0,0.616675116892
85.0,-35.0,0.611621538986
85.0,-30.0,0.610299430079
85.0,-25.0,0.606368147831
85.0,-20.0,0.612139061031
85.0,-15.0,0.635667242486
85.0,-10.0,0.642818883275
85.0,-5.0,0.649365157338
85.0,0.0,0.64724917718
85.0,5.0,0.648001764875
85.0,10.0,0.648405266588
85.0,15.0,0.647664219468
85.0,20.0,0.649527756278
85.0,25.0,0.641413777379
85.0,30.0,0.646716860605
85.0,35.0,0.659162527978
85.0,40.0,0.652687276389
85.0,45.0,0.654998357097
85.0,50.0,0.64685674121
85.0,55.0,0.644829884749
85.0,60.0,0.641226584266
85.0,65.0,0.624866749387
85.0,70.0,0.632290720239
85.0,75.0,0.639524265624
85.0,80.0,0.627678310829
85.0,85.0,0.618376595988
85.0,90.0,0.619998262153
85.0,95.0,0.627348359338
85.0,100.0,0.627653739402
90.0,-100.0,0.625332528148
90.0,-95.0,0.636914368839
90.0,-90.0,0.63066367568
90.0,-85.0,0.628439182215
90.0,-80.0,0.615892588257
90.0,-75.0,0.600955052908
90.0,-70.0,0.591500321801
90.0,-65.0,0.597359085999
90.0,-60.0,0.607846816153
90.0,-55.0,0.614639106816
90.0,-50.0,0.611324348181
90.0,-45.0,0.617057299495
90.0,-40.0,0.614675551708
90.0,-35.0,0.610303090695
90.0,-30.0,0.611157182443
90.0,-25.0,0.615116737673
90.0,-20.0,0.617585308676
90.0,-15.0,0.632851804779
90.0,-10.0,0.631924189861
90.0,-5.0,0.631679116821
90.0,0.0,0.633888161244
90.0,5.0,0.636819601242
90.0,10.0,0.648003531611
90.0,15.0,0.65044854819
90.0,20.0,0.64795715209
90.0,25.0,0.636929821845
90.0,30.0,0.629844119459
90.0,35.0,0.643417460489
90.0,40.0,0.650458181646
90.0,45.0,0.653482403406
90.0,50.0,0.650923094946
90.0,55.0,0.633502824714
90.0,60.0,0.630177639823
90.0,65.0,0.625564501983
90.0,70.0,0.632918875361
90.0,75.0,0.645168670499
90.0,80.0,0.629319977578
90.0,85.0,0.60852373621
90.0,90.0,0.621586727768
90.0,95.0,0.627163470746
90.0,100.0,0.625332528148
95.0,-100.0,0.632550744444
95.0,-95.0,0.623086226945
95.0,-90.0,0.622201011567
95.0,-85.0,0.606051004315
95.0,-80.0,0.591924378052
95.0,-75.0,0.584356817269
95.0,-70.0,0.597423702502
95.0,-65.0,0.59893173051
95.0,-60.0,0.598639580346
95.0,-55.0,0.608137023599
95.0,-50.0,0.609616669867
95.0,-45.0,0.611049222642
95.0,-40.0,0.604958684608
95.0,-35.0,0.600057383451
95.0,-30.0,0.601414941895
95.0,-25.0,0.612167329416
95.0,-20.0,0.626606005421
95.0,-15.0,0.623359168111
95.0,-10.0,0.620760122494
95.0,-5.0,0.625501295294
95.0,0.0,0.632458630893
95.0,5.0,0.643735573951
95.0,10.0,0.653174286681
95.0,15.0,0.64958893166
95.0,20.0,0.647817982255
95.0,25.0,0.65101777036
95.0,30.0,0.641480416464
95.0,35.0,0.646946006232
95.0,40.0,0.649365774768
95.0,45.0,0.648433608738
95.0,50.0,0.642089795535
95.0,55.0,0.630328574784
95.0,60.0,0.623724826415
95.0,65.0,0.629007608459
95.0,70.0,0.634427867655
95.0,75.0,0.635621201484
95.0,80.0,0.628715500308
95.0,85.0,0.626351544098
95.0,90.0,0.632620899977
95.0,95.0,0.630954053386
95.0,100.0,0.632550744444
100.0,-100.0,0.631212860905
100.0,-95.0,0.625775207609
100.0,-90.0,0.617974369699
100.0,-85.0,0.593037109114
100.0,-80.0,0.581039015662
100.0,-75.0,0.569529104431
100.0,-70.0,0.588019315123
100.0,-65.0,0.595123552482
100.0,-60.0,0.598808063389
100.0,-55.0,0.604764914495
100.0,-50.0,0.613018520108
100.0,-45.0,0.600362720683
100.0,-40.0,0.602483012923
100.0,-35.0,0.601999762993
100.0,-30.0,0.605131347593
100.0,-25.0,0.612717815033
100.0,-20.0,0.621452826428
100.0,-15.0,0.615664933015
100.0,-10.0,0.603970294635
100.0,-5.0,0.611075571132
100.0,0.0,0.618596790888
100.0,5.0,0.642112580583
100.0,10.0,0.646821580595
100.0,15.0,0.656823508047
100.0,20.0,0.658058380067
100.0,25.0,0.65584548846
100.0,30.0,0.65793227753
100.0,35.0,0.641258713046
100.0,40.0,0.63928103118
100.0,45.0,0.651454018002
100.0,50.0,0.645325035038
100.0,55.0,0.642103124579
100.0,60.0,0.629790099344
100.0,65.0,0.630304995664
100.0,70.0,0.625430943695
100.0,75.0,0.618719453693
100.0,80.0,0.615664223995
100.0,85.0,0.61606680556
100.0,90.0,0.623163416934
100.0,95.0,0.62961082165
100.0,100.0,0.631212860905
