-100.0,-100.0,0.650909316807
-100.0,-95.0,0.651666178475
-100.0,-90.0,0.652727603079
-100.0,-85.0,0.650490983014
-100.0,-80.0,0.649829913996
-100.0,-75.0,0.647159931296
-100.0,-70.0,0.648195806212
-100.0,-65.0,0.648633650464
-100.0,-60.0,0.649565615848
-100.0,-55.0,0.646107166233
-100.0,-50.0,0.645720677267
-100.0,-45.0,0.643860594446
-100.0,-40.0,0.645793322146
-100.0,-35.0,0.648084871884
-100.0,-30.0,0.646621968546
-100.0,-25.0,0.64533865645
-100.0,-20.0,0.648008263372
-100.0,-15.0,0.647917458952
-100.0,-10.0,0.649234477215
-100.0,-5.0,0.65266735159
-100.0,0.0,0.653657823074
-100.0,5.0,0.651581116894
-100.0,10.0,0.652567747941
-100.0,15.0,0.652342444489
-100.0,20.0,0.648279978474
-100.0,25.0,0.647112640129
-100.0,30.0,0.643570068247
-100.0,35.0,0.644625263398
-100.0,40.0,0.64688077827
-100.0,45.0,0.646250254345
-100.0,50.0,0.642060382599
-100.0,55.0,0.642485645381
-100.0,60.0,0.639313983481
-100.0,65.0,0.6398544179
-100.0,70.0,0.641365902184
-100.0,75.0,0.646243811581
-100.0,80.0,0.647267279986
-100.0,85.0,0.647996778462
-100.0,90.0,0.650635481289
-100.0,95.0,0.651075284295
-100.0,100.0,0.650909316807
-95.0,-100.0,0.652873928166
-95.0,-95.0,0.651292339565
-95.0,-90.0,0.653750054007
-95.0,-85.0,0.652514455557
-95.0,-80.0,0.650705716208
-95.0,-75.0,0.649571982512
-95.0,-70.0,0.651141066829
-95.0,-65.0,0.64874791184
-95.0,-60.0,0.648734108768
-95.0,-55.0,0.647998552684
-95.0,-50.0,0.647058800988
-95.0,-45.0,0.644965975637
-95.0,-40.0,0.646279214626
-95.0,-35.0,0.646387968788
-95.0,-30.0,0.645249499873
-95.0,-25.0,0.647211754201
-95.0,-20.0,0.647088818761
-95.0,-15.0,0.647589525196
-95.0,-10.0,0.650522595099
-95.0,-5.0,0.652021723877
-95.0,0.0,0.653065503009
-95.0,5.0,0.652387640728
-95.0,10.0,0.652581109524
-95.0,15.0,0.650931345344
-95.0,20.0,0.646947417325
-95.0,25.0,0.646083461158
-95.0,30.0,0.645487197796
-95.0,35.0,0.647826151492
-95.0,40.0,0.647614565774
-95.0,45.0,0.64559052615
-95.0,50.0,0.641647877328
-95.0,55.0,0.64210160401
-95.0,60.0,0.638962861817
-95.0,65.0,0.640681135934
-95.0,70.0,0.644798048003
-95.0,75.0,0.647643488823
-95.0,80.0,0.647593476739
-95.0,85.0,0.646312810985
-95.0,90.0,0.65121997431
-95.0,95.0,0.654079633959
-95.0,100.0,0.652873928166
-90.0,-100.0,0.651652241683
-90.0,-95.0,0.651759612424
-90.0,-90.0,0.652249928156
-90.0,-85.0,0.651554850364
-90.0,-80.0,0.651250160703
-90.0,-75.0,0.650341139776
-90.0,-70.0,0.649444137509
-90.0,-65.0,0.650956203007
-90.0,-60.0,0.647646351015
-90.0,-55.0,0.648102346658
-90.0,-50.0,0.647565762172
-90.0,-45.0,0.647474507878
-90.0,-40.0,0.649032924615
-90.0,-35.0,0.647868760924
-90.0,-30.0,0.646184140275
-90.0,-25.0,0.647180547361
-90.0,-20.0,0.648040683498
-90.0,-15.0,0.649190290475
-90.0,-10.0,0.649470477259
-90.0,-5.0,0.650215137283
-90.0,0.0,0.652987335788
-90.0,5.0,0.654256158662
-90.0,10.0,0.652312029104
-90.0,15.0,0.651018324278
-90.0,20.0,0.64777881031
-90.0,25.0,0.643901425521
-90.0,30.0,0.644457225751
-90.0,35.0,0.646280815601
-90.0,40.0,0.646076360385
-90.0,45.0,0.643635242512
-90.0,50.0,0.642951199798
-90.0,55.0,0.644685567608
-90.0,60.0,0.640898643304
-90.0,65.0,0.642086447013
-90.0,70.0,0.645145986917
-90.0,75.0,0.646117778372
-90.0,80.0,0.645757723774
-90.0,85.0,0.645925668316
-90.0,90.0,0.649926297204
-90.0,95.0,0.651380189088
-90.0,100.0,0.651652241683
-85.0,-100.0,0.652599348747
-85.0,-95.0,0.651233697543
-85.0,-90.0,0.648211498724
-85.0,-85.0,0.649316474505
-85.0,-80.0,0.648191689058
-85.0,-75.0,0.649371193612
-85.0,-70.0,0.649533159471
-85.0,-65.0,0.650826264131
-85.0,-60.0,0.649858909121
-85.0,-55.0,0.64879937081
-85.0,-50.0,0.649173899277
-85.0,-45.0,0.649411180919
-85.0,-40.0,0.648453450135
-85.0,-35.0,0.646098401598
-85.0,-30.0,0.646837330331
-85.0,-25.0,0.647352091691
-85.0,-20.0,0.64807310275
-85.0,-15.0,0.64988011715
-85.0,-10.0,0.650987365401
-85.0,-5.0,0.653617451851
-85.0,0.0,0.654177560791
-85.0,5.0,0.652525208879
-85.0,10.0,0.650957683185
-85.0,15.0,0.6497288014
-85.0,20.0,0.648397245442
-85.0,25.0,0.644933758425
-85.0,30.0,0.643014211047
-85.0,35.0,0.647077127708
-85.0,40.0,0.646562098797
-85.0,45.0,0.644046897024
-85.0,50.0,0.646533231553
-85.0,55.0,0.646328800517
-85.0,60.0,0.643765959081
-85.0,65.0,0.640978100035
-85.0,70.0,0.642202153321
-85.0,75.0,0.643316075308
-85.0,80.0,0.644701698776
-85.0,85.0,0.64762591475
-85.0,90.0,0.650057573663
-85.0,95.0,0.649940565186
-85.0,100.0,0.652599348747
-80.0,-100.0,0.650339659392
-80.0,-95.0,0.647689378935
-80.0,-90.0,0.647127589368
-80.0,-85.0,0.649323193277
-80.0,-80.0,0.64939271296
-80.0,-75.0,0.651564709306
-80.0,-70.0,0.651359864192
-80.0,-65.0,0.649522941838
-80.0,-60.0,0.648200958623
-80.0,-55.0,0.648193232671
-80.0,-50.0,0.651329269169
-80.0,-45.0,0.651319992175
-80.0,-40.0,0.64918656593
-80.0,-35.0,0.648176018536
-80.0,-30.0,0.646897822694
-80.0,-25.0,0.647259434434
-80.0,-20.0,0.648087345102
-80.0,-15.0,0.650478228039
-80.0,-10.0,0.651293226908
-80.0,-5.0,0.654086203906
-80.0,0.0,0.652021561318
-80.0,5.0,0.650732320577
-80.0,10.0,0.649592739195
-80.0,15.0,0.648285998991
-80.0,20.0,0.648071172329
-80.0,25.0,0.644885916441
-80.0,30.0,0.643857044154
-80.0,35.0,0.647255990176
-80.0,40.0,0.647142831359
-80.0,45.0,0.64682895377
-80.0,50.0,0.646828092968
-80.0,55.0,0.644671927335
-80.0,60.0,0.642743271999
-80.0,65.0,0.640885857913
-80.0,70.0,0.643485013244
-80.0,75.0,0.64566613299
-80.0,80.0,0.64652740813
-80.0,85.0,0.65004843987
-80.0,90.0,0.651885068385
-80.0,95.0,0.649553700498
-80.0,100.0,0.650339659392
-75.0,-100.0,0.648485242198
-75.0,-95.0,0.647587232335
-75.0,-90.0,0.648911777979
-75.0,-85.0,0.649178943411
-75.0,-80.0,0.650678252833
-75.0,-75.0,0.652115838335
-75.0,-70.0,0.652684748472
-75.0,-65.0,0.650506280042
-75.0,-60.0,0.648785244355
-75.0,-55.0,0.647959834759
-75.0,-50.0,0.649917724163
-75.0,-45.0,0.650510430682
-75.0,-40.0,0.651016190922
-75.0,-35.0,0.651246651316
-75.0,-30.0,0.649227259497
-75.0,-25.0,0.648754078384
-75.0,-20.0,0.647982739864
-75.0,-15.0,0.648580826089
-75.0,-10.0,0.649559648426
-75.0,-5.0,0.651521035765
-75.0,0.0,0.649485805797
-75.0,5.0,0.649441518965
-75.0,10.0,0.649182913665
-75.0,15.0,0.649762867957
-75.0,20.0,0.647371520892
-75.0,25.0,0.646476133361
-75.0,30.0,0.647132864306
-75.0,35.0,0.646383003125
-75.0,40.0,0.645790774622
-75.0,45.0,0.647339471801
-75.0,50.0,0.646794794019
-75.0,55.0,0.6458436348
-75.0,60.0,0.646705079797
-75.0,65.0,0.647233914365
-75.0,70.0,0.648650763567
-75.0,75.0,0.648807388205
-75.0,80.0,0.64773015528
-75.0,85.0,0.650465795459
-75.0,90.0,0.65130202769
-75.0,95.0,0.649699674966
-75.0,100.0,0.648485242198
-70.0,-100.0,0.648200814195
-70.0,-95.0,0.647917503146
-70.0,-90.0,0.649091268279
-70.0,-85.0,0.648594461034
-70.0,-80.0,0.651869147791
-70.0,-75.0,0.651401807549
-70.0,-70.0,0.649504982889
-70.0,-65.0,0.649547784579
-70.0,-60.0,0.647649648844
-70.0,-55.0,0.64852000814
-70.0,-50.0,0.650742371918
-70.0,-45.0,0.651453357431
-70.0,-40.0,0.653785673861
-70.0,-35.0,0.65253138641
-70.0,-30.0,0.652203088147
-70.0,-25.0,0.649616806679
-70.0,-20.0,0.646207141417
-70.0,-15.0,0.645884542955
-70.0,-10.0,0.651432179504
-70.0,-5.0,0.653056781634
-70.0,0.0,0.650451657161
-70.0,5.0,0.649277758293
-70.0,10.0,0.647193280348
-70.0,15.0,0.646968800385
-70.0,20.0,0.647585770409
-70.0,25.0,0.647759887309
-70.0,30.0,0.647622910586
-70.0,35.0,0.645939262355
-70.0,40.0,0.646430458601
-70.0,45.0,0.647586745916
-70.0,50.0,0.647202455198
-70.0,55.0,0.646239897872
-70.0,60.0,0.649533433186
-70.0,65.0,0.648945665854
-70.0,70.0,0.647574883055
-70.0,75.0,0.649388658299
-70.0,80.0,0.6491998104
-70.0,85.0,0.648107321129
-70.0,90.0,0.646992184918
-70.0,95.0,0.648438020136
-70.0,100.0,0.648200814195
-65.0,-100.0,0.651087777381
-65.0,-95.0,0.647947650787
-65.0,-90.0,0.647716400457
-65.0,-85.0,0.64803421916
-65.0,-80.0,0.649871361316
-65.0,-75.0,0.648810365756
-65.0,-70.0,0.647310321448
-65.0,-65.0,0.649630430143
-65.0,-60.0,0.64969662808
-65.0,-55.0,0.650606168367
-65.0,-50.0,0.652225782172
-65.0,-45.0,0.654613526485
-65.0,-40.0,0.655248889094
-65.0,-35.0,0.652708151443
-65.0,-30.0,0.651411635751
-65.0,-25.0,0.650391002357
-65.0,-20.0,0.65092741921
-65.0,-15.0,0.648533459181
-65.0,-10.0,0.651959373289
-65.0,-5.0,0.653626586971
-65.0,0.0,0.651309863549
-65.0,5.0,0.649124479648
-65.0,10.0,0.648721338679
-65.0,15.0,0.647451169968
-65.0,20.0,0.647964140482
-65.0,25.0,0.647818913021
-65.0,30.0,0.648994583513
-65.0,35.0,0.6486035198
-65.0,40.0,0.648135756719
-65.0,45.0,0.649707507366
-65.0,50.0,0.648725659057
-65.0,55.0,0.649360258765
-65.0,60.0,0.650413363006
-65.0,65.0,0.650141993159
-65.0,70.0,0.647830799428
-65.0,75.0,0.649467512412
-65.0,80.0,0.648574558646
-65.0,85.0,0.647008061723
-65.0,90.0,0.646054824696
-65.0,95.0,0.648568036404
-65.0,100.0,0.651087777381
-60.0,-100.0,0.649306709597
-60.0,-95.0,0.64771157037
-60.0,-90.0,0.645611401661
-60.0,-85.0,0.647914894457
-60.0,-80.0,0.64975166631
-60.0,-75.0,0.649105716686
-60.0,-70.0,0.648945386077
-60.0,-65.0,0.650508293756
-60.0,-60.0,0.65233103954
-60.0,-55.0,0.65336884402
-60.0,-50.0,0.654550028974
-60.0,-45.0,0.65498482432
-60.0,-40.0,0.651531288815
-60.0,-35.0,0.65091046588
-60.0,-30.0,0.649596666631
-60.0,-25.0,0.651900182817
-60.0,-20.0,0.65263724717
-60.0,-15.0,0.651162579823
-60.0,-10.0,0.653189065781
-60.0,-5.0,0.651310104504
-60.0,0.0,0.650500477886
-60.0,5.0,0.650689924057
-60.0,10.0,0.6490286885
-60.0,15.0,0.647254942473
-60.0,20.0,0.648177344326
-60.0,25.0,0.64823631072
-60.0,30.0,0.649107185245
-60.0,35.0,0.649966291548
-60.0,40.0,0.64871160156
-60.0,45.0,0.651992078903
-60.0,50.0,0.652446840095
-60.0,55.0,0.653812709288
-60.0,60.0,0.651752631694
-60.0,65.0,0.650627514381
-60.0,70.0,0.648419401589
-60.0,75.0,0.649242382018
-60.0,80.0,0.647385279681
-60.0,85.0,0.64803349881
-60.0,90.0,0.65019382453
-60.0,95.0,0.648825897314
-60.0,100.0,0.649306709597
-55.0,-100.0,0.648634215324
-55.0,-95.0,0.646084858748
-55.0,-90.0,0.644754831163
-55.0,-85.0,0.648756826252
-55.0,-80.0,0.65045344613
-55.0,-75.0,0.650007483731
-55.0,-70.0,0.651304323677
-55.0,-65.0,0.651429254186
-55.0,-60.0,0.654035091048
-55.0,-55.0,0.653827067916
-55.0,-50.0,0.651582011853
-55.0,-45.0,0.651441364081
-55.0,-40.0,0.652145720416
-55.0,-35.0,0.651321624143
-55.0,-30.0,0.64814525192
-55.0,-25.0,0.650587334338
-55.0,-20.0,0.651303722365
-55.0,-15.0,0.6528165616
-55.0,-10.0,0.654790661235
-55.0,-5.0,0.651389138482
-55.0,0.0,0.650477367558
-55.0,5.0,0.652170845346
-55.0,10.0,0.649198643327
-55.0,15.0,0.648455986834
-55.0,20.0,0.645623783202
-55.0,25.0,0.647667393796
-55.0,30.0,0.648722599606
-55.0,35.0,0.650763129132
-55.0,40.0,0.650320155987
-55.0,45.0,0.651851953854
-55.0,50.0,0.654406560008
-55.0,55.0,0.657472461499
-55.0,60.0,0.655172646655
-55.0,65.0,0.652147385087
-55.0,70.0,0.650917740072
-55.0,75.0,0.648582768673
-55.0,80.0,0.647472241014
-55.0,85.0,0.648264051893
-55.0,90.0,0.649189237777
-55.0,95.0,0.648628161776
-55.0,100.0,0.648634215324
-50.0,-100.0,0.648013993891
-50.0,-95.0,0.650596702186
-50.0,-90.0,0.649093536292
-50.0,-85.0,0.648844782502
-50.0,-80.0,0.65325996911
-50.0,-75.0,0.653430358805
-50.0,-70.0,0.653870186815
-50.0,-65.0,0.651864841112
-50.0,-60.0,0.651665502711
-50.0,-55.0,0.652312014384
-50.0,-50.0,0.65139471791
-50.0,-45.0,0.650950805936
-50.0,-40.0,0.651749833172
-50.0,-35.0,0.651319491942
-50.0,-30.0,0.64922463371
-50.0,-25.0,0.649353875783
-50.0,-20.0,0.651132683817
-50.0,-15.0,0.653005940104
-50.0,-10.0,0.651566948954
-50.0,-5.0,0.65284994934
-50.0,0.0,0.651196828876
-50.0,5.0,0.651269894295
-50.0,10.0,0.650604511719
-50.0,15.0,0.650804109602
-50.0,20.0,0.647763720037
-50.0,25.0,0.645399737023
-50.0,30.0,0.645952911574
-50.0,35.0,0.648236943965
-50.0,40.0,0.649956175153
-50.0,45.0,0.652974522744
-50.0,50.0,0.656500669383
-50.0,55.0,0.65984792531
-50.0,60.0,0.659356380854
-50.0,65.0,0.654297495228
-50.0,70.0,0.650639608825
-50.0,75.0,0.648429254756
-50.0,80.0,0.645943013188
-50.0,85.0,0.64577566776
-50.0,90.0,0.6482219581
-50.0,95.0,0.646518403958
-50.0,100.0,0.648013993891
-45.0,-100.0,0.647390507413
-45.0,-95.0,0.648505534506
-45.0,-90.0,0.649167203657
-45.0,-85.0,0.652903280734
-45.0,-80.0,0.653992591229
-45.0,-75.0,0.653135108838
-45.0,-70.0,0.652035023059
-45.0,-65.0,0.653227199479
-45.0,-60.0,0.652665803198
-45.0,-55.0,0.652986545275
-45.0,-50.0,0.651066411131
-45.0,-45.0,0.649485424604
-45.0,-40.0,0.653389714228
-45.0,-35.0,0.652984654563
-45.0,-30.0,0.650169164649
-45.0,-25.0,0.647695800535
-45.0,-20.0,0.648387808357
-45.0,-15.0,0.650430118123
-45.0,-10.0,0.650980408607
-45.0,-5.0,0.65407841503
-45.0,0.0,0.655211756391
-45.0,5.0,0.654779548001
-45.0,10.0,0.655384203828
-45.0,15.0,0.652132065055
-45.0,20.0,0.650097237485
-45.0,25.0,0.645742113981
-45.0,30.0,0.645347303253
-45.0,35.0,0.649300893585
-45.0,40.0,0.655125652195
-45.0,45.0,0.657009837344
-45.0,50.0,0.659144253083
-45.0,55.0,0.660516396774
-45.0,60.0,0.657610612101
-45.0,65.0,0.654632680436
-45.0,70.0,0.65077224049
-45.0,75.0,0.648161627126
-45.0,80.0,0.645442581188
-45.0,85.0,0.645498724598
-45.0,90.0,0.649031517222
-45.0,95.0,0.647641554268
-45.0,100.0,0.647390507413
-40.0,-100.0,0.646986431384
-40.0,-95.0,0.647637088358
-40.0,-90.0,0.650246978903
-40.0,-85.0,0.65101300107
-40.0,-80.0,0.651321895345
-40.0,-75.0,0.651534335009
-40.0,-70.0,0.650047395267
-40.0,-65.0,0.652391191373
-40.0,-60.0,0.654323579095
-40.0,-55.0,0.657400324188
-40.0,-50.0,0.653309984664
-40.0,-45.0,0.649803179213
-40.0,-40.0,0.649188190697
-40.0,-35.0,0.649379363986
-40.0,-30.0,0.648586125687
-40.0,-25.0,0.648864347807
-40.0,-20.0,0.649061578279
-40.0,-15.0,0.64960529232
-40.0,-10.0,0.652531928467
-40.0,-5.0,0.655714051507
-40.0,0.0,0.655216762239
-40.0,5.0,0.653988331236
-40.0,10.0,0.654984370324
-40.0,15.0,0.654017822107
-40.0,20.0,0.650384209411
-40.0,25.0,0.648363258482
-40.0,30.0,0.648979983543
-40.0,35.0,0.652674884916
-40.0,40.0,0.656806980207
-40.0,45.0,0.65627138363
-40.0,50.0,0.656589049793
-40.0,55.0,0.65678022084
-40.0,60.0,0.65576881083
-40.0,65.0,0.651489465524
-40.0,70.0,0.649528679494
-40.0,75.0,0.647656984723
-40.0,80.0,0.647186399661
-40.0,85.0,0.646346588558
-40.0,90.0,0.648738789427
-40.0,95.0,0.64717737974
-40.0,100.0,0.646986431384
-35.0,-100.0,0.651293451657
-35.0,-95.0,0.649675740335
-35.0,-90.0,0.653026551959
-35.0,-85.0,0.653387056193
-35.0,-80.0,0.65478866666
-35.0,-75.0,0.651386643828
-35.0,-70.0,0.651498745356
-35.0,-65.0,0.654814899672
-35.0,-60.0,0.65650691187
-35.0,-55.0,0.655288069634
-35.0,-50.0,0.649337568126
-35.0,-45.0,0.650641044019
-35.0,-40.0,0.650990789735
-35.0,-35.0,0.652210671493
-35.0,-30.0,0.652230510329
-35.0,-25.0,0.651689286815
-35.0,-20.0,0.649933841979
-35.0,-15.0,0.649614051748
-35.0,-10.0,0.649441836477
-35.0,-5.0,0.656588157421
-35.0,0.0,0.656590422797
-35.0,5.0,0.655779742478
-35.0,10.0,0.654218068141
-35.0,15.0,0.656019685059
-35.0,20.0,0.655875688046
-35.0,25.0,0.651832240492
-35.0,30.0,0.652096070987
-35.0,35.0,0.655113377465
-35.0,40.0,0.657382355112
-35.0,45.0,0.656734138496
-35.0,50.0,0.65627776324
-35.0,55.0,0.654639943057
-35.0,60.0,0.656115145185
-35.0,65.0,0.653061518555
-35.0,70.0,0.649529868993
-35.0,75.0,0.650025560101
-35.0,80.0,0.648817391247
-35.0,85.0,0.649781097472
-35.0,90.0,0.651280049398
-35.0,95.0,0.65003750292
-35.0,100.0,0.651293451657
-30.0,-100.0,0.650703510876
-30.0,-95.0,0.6547505226
-30.0,-90.0,0.654937033348
-30.0,-85.0,0.654603780364
-30.0,-80.0,0.655123935681
-30.0,-75.0,0.652811801203
-30.0,-70.0,0.65185702399
-30.0,-65.0,0.651689219884
-30.0,-60.0,0.652764002628
-30.0,-55.0,0.65324129215
-30.0,-50.0,0.651408195208
-30.0,-45.0,0.652911575589
-30.0,-40.0,0.653565268106
-30.0,-35.0,0.652760147522
-30.0,-30.0,0.652326533337
-30.0,-25.0,0.650379300616
-30.0,-20.0,0.650696126603
-30.0,-15.0,0.649688543846
-30.0,-10.0,0.651712913965
-30.0,-5.0,0.656765824042
-30.0,0.0,0.65689987681
-30.0,5.0,0.655582963608
-30.0,10.0,0.654724577778
-30.0,15.0,0.655470361274
-30.0,20.0,0.657256684068
-30.0,25.0,0.654431922029
-30.0,30.0,0.654992583273
-30.0,35.0,0.658191830701
-30.0,40.0,0.65757458735
-30.0,45.0,0.657941868474
-30.0,50.0,0.656371799664
-30.0,55.0,0.654040295977
-30.0,60.0,0.651978915686
-30.0,65.0,0.652094602703
-30.0,70.0,0.65206461202
-30.0,75.0,0.651727115586
-30.0,80.0,0.649450624952
-30.0,85.0,0.650345097669
-30.0,90.0,0.649059434068
-30.0,95.0,0.649275584502
-30.0,100.0,0.650703510876
-25.0,-100.0,0.650629719111
-25.0,-95.0,0.657466825199
-25.0,-90.0,0.655928988648
-25.0,-85.0,0.655747246305
-25.0,-80.0,0.657072183502
-25.0,-75.0,0.653902651151
-25.0,-70.0,0.652443249085
-25.0,-65.0,0.649696597871
-25.0,-60.0,0.649651900434
-25.0,-55.0,0.653976396935
-25.0,-50.0,0.652899543947
-25.0,-45.0,0.653691865488
-25.0,-40.0,0.651907926318
-25.0,-35.0,0.65279125847
-25.0,-30.0,0.654529447283
-25.0,-25.0,0.651915504108
-25.0,-20.0,0.650020058525
-25.0,-15.0,0.65308019793
-25.0,-10.0,0.656843236632
-25.0,-5.0,0.655147753288
-25.0,0.0,0.654588392194
-25.0,5.0,0.656656172101
-25.0,10.0,0.656153954079
-25.0,15.0,0.657481311324
-25.0,20.0,0.656709318176
-25.0,25.0,0.657228914166
-25.0,30.0,0.658136223188
-25.0,35.0,0.659731688403
-25.0,40.0,0.657777497088
-25.0,45.0,0.657094277494
-25.0,50.0,0.655799709305
-25.0,55.0,0.653989058772
-25.0,60.0,0.652841518275
-25.0,65.0,0.650738533641
-25.0,70.0,0.653602043115
-25.0,75.0,0.654148381865
-25.0,80.0,0.649843160073
-25.0,85.0,0.649168469566
-25.0,90.0,0.650129423012
-25.0,95.0,0.651211826944
-25.0,100.0,0.650629719111
-20.0,-100.0,0.6532077463
-20.0,-95.0,0.655567405422
-20.0,-90.0,0.656272700622
-20.0,-85.0,0.655626591032
-20.0,-80.0,0.657507087949
-20.0,-75.0,0.655836207071
-20.0,-70.0,0.653279664592
-20.0,-65.0,0.652930579925
-20.0,-60.0,0.651016488347
-20.0,-55.0,0.653241754271
-20.0,-50.0,0.651593407194
-20.0,-45.0,0.651449691531
-20.0,-40.0,0.651581801546
-20.0,-35.0,0.653759204008
-20.0,-30.0,0.65549269213
-20.0,-25.0,0.656643890435
-20.0,-20.0,0.654895366608
-20.0,-15.0,0.655169468529
-20.0,-10.0,0.657503530164
-20.0,-5.0,0.656147346543
-20.0,0.0,0.655142482802
-20.0,5.0,0.65822496809
-20.0,10.0,0.659298602189
-20.0,15.0,0.663365825048
-20.0,20.0,0.66177798398
-20.0,25.0,0.658469259743
-20.0,30.0,0.660138323523
-20.0,35.0,0.658465109683
-20.0,40.0,0.657599403178
-20.0,45.0,0.659187157512
-20.0,50.0,0.658075175462
-20.0,55.0,0.654454501915
-20.0,60.0,0.651534751618
-20.0,65.0,0.653297519748
-20.0,70.0,0.653763505299
-20.0,75.0,0.654190689126
-20.0,80.0,0.652646832342
-20.0,85.0,0.652773300437
-20.0,90.0,0.65283537471
-20.0,95.0,0.652344566403
-20.0,100.0,0.6532077463
-15.0,-100.0,0.658583065729
-15.0,-95.0,0.656916765281
-15.0,-90.0,0.655783126472
-15.0,-85.0,0.659144725555
-15.0,-80.0,0.659194926047
-15.0,-75.0,0.655580514886
-15.0,-70.0,0.654113222868
-15.0,-65.0,0.655902766027
-15.0,-60.0,0.654044016064
-15.0,-55.0,0.653633029261
-15.0,-50.0,0.653084056194
-15.0,-45.0,0.655387779911
-15.0,-40.0,0.657048011138
-15.0,-35.0,0.654285294546
-15.0,-30.0,0.653864247129
-15.0,-25.0,0.656403755695
-15.0,-20.0,0.655922655844
-15.0,-15.0,0.65616932013
-15.0,-10.0,0.658825097465
-15.0,-5.0,0.659170290228
-15.0,0.0,0.659864748589
-15.0,5.0,0.661671017368
-15.0,10.0,0.661675901366
-15.0,15.0,0.660842746274
-15.0,20.0,0.661713521928
-15.0,25.0,0.659788403808
-15.0,30.0,0.660977344902
-15.0,35.0,0.661067468276
-15.0,40.0,0.660595255746
-15.0,45.0,0.660181477808
-15.0,50.0,0.658123736226
-15.0,55.0,0.657231593876
-15.0,60.0,0.653333030271
-15.0,65.0,0.654123001325
-15.0,70.0,0.654020421158
-15.0,75.0,0.65623742515
-15.0,80.0,0.657460421742
-15.0,85.0,0.656689952163
-15.0,90.0,0.65629297316
-15.0,95.0,0.657491254404
-15.0,100.0,0.658583065729
-10.0,-100.0,0.659482507549
-10.0,-95.0,0.659673169083
-10.0,-90.0,0.658719956861
-10.0,-85.0,0.659988731625
-10.0,-80.0,0.660522068473
-10.0,-75.0,0.657846443974
-10.0,-70.0,0.653735953835
-10.0,-65.0,0.653497699005
-10.0,-60.0,0.654388378167
-10.0,-55.0,0.655103605686
-10.0,-50.0,0.653031081643
-10.0,-45.0,0.654018586524
-10.0,-40.0,0.654357493254
-10.0,-35.0,0.655021929039
-10.0,-30.0,0.65395639982
-10.0,-25.0,0.655632641469
-10.0,-20.0,0.656646806113
-10.0,-15.0,0.656864765829
-10.0,-10.0,0.659106788712
-10.0,-5.0,0.660889225989
-10.0,0.0,0.661197608824
-10.0,5.0,0.663104625768
-10.0,10.0,0.664721285704
-10.0,15.0,0.6644534405
-10.0,20.0,0.664640212076
-10.0,25.0,0.663426450477
-10.0,30.0,0.659308081995
-10.0,35.0,0.658115023654
-10.0,40.0,0.659391722704
-10.0,45.0,0.6591108993
-10.0,50.0,0.657908898382
-10.0,55.0,0.656492123851
-10.0,60.0,0.658439011658
-10.0,65.0,0.658862443022
-10.0,70.0,0.656001615256
-10.0,75.0,0.654812977702
-10.0,80.0,0.658810300235
-10.0,85.0,0.659910133472
-10.0,90.0,0.66254693266
-10.0,95.0,0.661012938619
-10.0,100.0,0.659482507549
-5.0,-100.0,0.660956352712
-5.0,-95.0,0.660695566011
-5.0,-90.0,0.661698859981
-5.0,-85.0,0.660103143474
-5.0,-80.0,0.660595921071
-5.0,-75.0,0.658234112981
-5.0,-70.0,0.655158097578
-5.0,-65.0,0.655219698632
-5.0,-60.0,0.656572417733
-5.0,-55.0,0.655003955743
-5.0,-50.0,0.654110493583
-5.0,-45.0,0.652766308738
-5.0,-40.0,0.653296865159
-5.0,-35.0,0.654486008369
-5.0,-30.0,0.655315266801
-5.0,-25.0,0.65787436474
-5.0,-20.0,0.65973105119
-5.0,-15.0,0.661283128455
-5.0,-10.0,0.663702477583
-5.0,-5.0,0.66471218384
-5.0,0.0,0.664858351256
-5.0,5.0,0.666109228514
-5.0,10.0,0.667109893899
-5.0,15.0,0.667396547422
-5.0,20.0,0.668017024428
-5.0,25.0,0.666068334592
-5.0,30.0,0.662193749113
-5.0,35.0,0.660427553423
-5.0,40.0,0.660523549833
-5.0,45.0,0.661097678015
-5.0,50.0,0.661219791971
-5.0,55.0,0.659354971574
-5.0,60.0,0.662797604433
-5.0,65.0,0.662066369989
-5.0,70.0,0.65990870614
-5.0,75.0,0.658658884386
-5.0,80.0,0.660559513484
-5.0,85.0,0.663422957749
-5.0,90.0,0.666539132101
-5.0,95.0,0.663762374697
-5.0,100.0,0.660956352712
0.0,-100.0,0.660887490953
0.0,-95.0,0.661641358538
0.0,-90.0,0.662004794491
0.0,-85.0,0.661275720874
0.0,-80.0,0.658743763497
0.0,-75.0,0.655297182984
0.0,-70.0,0.652330746751
0.0,-65.0,0.652528959261
0.0,-60.0,0.655190573308
0.0,-55.0,0.656695777799
0.0,-50.0,0.656062542043
0.0,-45.0,0.655150304631
0.0,-40.0,0.656083254328
0.0,-35.0,0.654123575337
0.0,-30.0,0.655999652927
0.0,-25.0,0.658086330643
0.0,-20.0,0.660627092804
0.0,-15.0,0.664908491353
0.0,-10.0,0.667536472956
0.0,-5.0,0.668043971309
0.0,0.0,0.670454128723
0.0,5.0,0.670133655482
0.0,10.0,0.669511306147
0.0,15.0,0.668304028433
0.0,20.0,0.668536262773
0.0,25.0,0.666301403693
0.0,30.0,0.66367054377
0.0,35.0,0.664622941168
0.0,40.0,0.664267776633
0.0,45.0,0.663561702588
0.0,50.0,0.663260426253
0.0,55.0,0.662278973847
0.0,60.0,0.662022966546
0.0,65.0,0.662242988226
0.0,70.0,0.659744290493
0.0,75.0,0.660338565755
0.0,80.0,0.661105133291
0.0,85.0,0.663255064596
0.0,90.0,0.666111058166
0.0,95.0,0.663239152889
0.0,100.0,0.660887490953
5.0,-100.0,0.662333063735
5.0,-95.0,0.662476212377
5.0,-90.0,0.66225163105
5.0,-85.0,0.661034949886
5.0,-80.0,0.655887209582
5.0,-75.0,0.651635858946
5.0,-70.0,0.651728707634
5.0,-65.0,0.654442681356
5.0,-60.0,0.653698268126
5.0,-55.0,0.655835741319
5.0,-50.0,0.654798586228
5.0,-45.0,0.656969011625
5.0,-40.0,0.656995956333
5.0,-35.0,0.65720878104
5.0,-30.0,0.657615049828
5.0,-25.0,0.658834158391
5.0,-20.0,0.662189811563
5.0,-15.0,0.665455990389
5.0,-10.0,0.666383442171
5.0,-5.0,0.670125199819
5.0,0.0,0.670922919216
5.0,5.0,0.670758778386
5.0,10.0,0.671289902356
5.0,15.0,0.667444077301
5.0,20.0,0.667219867488
5.0,25.0,0.666708156968
5.0,30.0,0.666398923128
5.0,35.0,0.665368113871
5.0,40.0,0.663135835031
5.0,45.0,0.662793092081
5.0,50.0,0.660755639723
5.0,55.0,0.661614443477
5.0,60.0,0.660655624779
5.0,65.0,0.660836377244
5.0,70.0,0.660938707744
5.0,75.0,0.661790958649
5.0,80.0,0.660319889972
5.0,85.0,0.661525380186
5.0,90.0,0.66218489418
5.0,95.0,0.660830983638
5.0,100.0,0.662333063735
10.0,-100.0,0.659176428005
10.0,-95.0,0.659679265517
10.0,-90.0,0.657692420202
10.0,-85.0,0.656654950512
10.0,-80.0,0.656025859762
10.0,-75.0,0.651505731955
10.0,-70.0,0.652390189966
10.0,-65.0,0.652074906839
10.0,-60.0,0.651493097811
10.0,-55.0,0.653113355607
10.0,-50.0,0.654209245936
10.0,-45.0,0.658160068559
10.0,-40.0,0.656517139445
10.0,-35.0,0.657248042911
10.0,-30.0,0.655394711604
10.0,-25.0,0.656577526988
10.0,-20.0,0.660034995749
10.0,-15.0,0.662293595469
10.0,-10.0,0.66077678898
10.0,-5.0,0.667705389229
10.0,0.0,0.667420324534
10.0,5.0,0.66469011056
10.0,10.0,0.666312708612
10.0,15.0,0.665392261021
10.0,20.0,0.664679756824
10.0,25.0,0.667338733535
10.0,30.0,0.66576052908
10.0,35.0,0.66115403299
10.0,40.0,0.659809226859
10.0,45.0,0.657376593809
10.0,50.0,0.656593537932
10.0,55.0,0.658078549067
10.0,60.0,0.659164762312
10.0,65.0,0.660175689919
10.0,70.0,0.660950735805
10.0,75.0,0.660439742958
10.0,80.0,0.658188604878
10.0,85.0,0.659373044471
10.0,90.0,0.659713918706
10.0,95.0,0.661436432096
10.0,100.0,0.659176428005
15.0,-100.0,0.658012371305
15.0,-95.0,0.654122101341
15.0,-90.0,0.651959418968
15.0,-85.0,0.65275082229
15.0,-80.0,0.653318184808
15.0,-75.0,0.650639906426
15.0,-70.0,0.650110540524
15.0,-65.0,0.65038870346
15.0,-60.0,0.652323906232
15.0,-55.0,0.65390469744
15.0,-50.0,0.65430975997
15.0,-45.0,0.655649142651
15.0,-40.0,0.652989654304
15.0,-35.0,0.657211524423
15.0,-30.0,0.656212672418
15.0,-25.0,0.65530299294
15.0,-20.0,0.655366027561
15.0,-15.0,0.659381523635
15.0,-10.0,0.661041774799
15.0,-5.0,0.664421456596
15.0,0.0,0.662140616804
15.0,5.0,0.661566963921
15.0,10.0,0.661344823401
15.0,15.0,0.663928399348
15.0,20.0,0.661356367841
15.0,25.0,0.664033661158
15.0,30.0,0.663539181226
15.0,35.0,0.661572473736
15.0,40.0,0.660930050607
15.0,45.0,0.65693486853
15.0,50.0,0.656939874958
15.0,55.0,0.656757270601
15.0,60.0,0.658844495055
15.0,65.0,0.657944082074
15.0,70.0,0.656806026574
15.0,75.0,0.655509398297
15.0,80.0,0.65846233404
15.0,85.0,0.6594699799
15.0,90.0,0.659864031577
15.0,95.0,0.661517105317
15.0,100.0,0.658012371305
20.0,-100.0,0.655969682105
20.0,-95.0,0.654696540162
20.0,-90.0,0.652381283565
20.0,-85.0,0.650730625705
20.0,-80.0,0.64991546771
20.0,-75.0,0.64968808395
20.0,-70.0,0.648522335939
20.0,-65.0,0.650190393934
20.0,-60.0,0.651487532214
20.0,-55.0,0.653270692715
20.0,-50.0,0.653830699361
20.0,-45.0,0.652589810233
20.0,-40.0,0.653616819612
20.0,-35.0,0.655434877773
20.0,-30.0,0.655189083324
20.0,-25.0,0.656933570991
20.0,-20.0,0.654602685452
20.0,-15.0,0.657653432945
20.0,-10.0,0.662413281132
20.0,-5.0,0.661938589792
20.0,0.0,0.659517763525
20.0,5.0,0.657949353971
20.0,10.0,0.660106691267
20.0,15.0,0.661317628537
20.0,20.0,0.662070986749
20.0,25.0,0.663428298552
20.0,30.0,0.661163661547
20.0,35.0,0.659919293019
20.0,40.0,0.659975557215
20.0,45.0,0.658707560448
20.0,50.0,0.659665498363
20.0,55.0,0.659695927697
20.0,60.0,0.660182587304
20.0,65.0,0.657694746907
20.0,70.0,0.654333134352
20.0,75.0,0.653254357065
20.0,80.0,0.656100147461
20.0,85.0,0.657540900994
20.0,90.0,0.658724082933
20.0,95.0,0.656586278163
20.0,100.0,0.655969682105
25.0,-100.0,0.653638881449
25.0,-95.0,0.654570914607
25.0,-90.0,0.654203049372
25.0,-85.0,0.652783706136
25.0,-80.0,0.651976989927
25.0,-75.0,0.650873399029
25.0,-70.0,0.65269872172
25.0,-65.0,0.651381667806
25.0,-60.0,0.652982895062
25.0,-55.0,0.652237944959
25.0,-50.0,0.65304907035
25.0,-45.0,0.651575172289
25.0,-40.0,0.651339030707
25.0,-35.0,0.652054904602
25.0,-30.0,0.655047423073
25.0,-25.0,0.656608620679
25.0,-20.0,0.65697913554
25.0,-15.0,0.657358928447
25.0,-10.0,0.659935210244
25.0,-5.0,0.659428828575
25.0,0.0,0.657136868802
25.0,5.0,0.656927810222
25.0,10.0,0.658858894717
25.0,15.0,0.65802659207
25.0,20.0,0.661014420218
25.0,25.0,0.659872569049
25.0,30.0,0.661619083199
25.0,35.0,0.66210313004
25.0,40.0,0.661722934453
25.0,45.0,0.661587855128
25.0,50.0,0.660768076249
25.0,55.0,0.659946192565
25.0,60.0,0.657221679944
25.0,65.0,0.658258373539
25.0,70.0,0.658652908825
25.0,75.0,0.656847028657
25.0,80.0,0.655068835501
25.0,85.0,0.655593433657
25.0,90.0,0.656345246571
25.0,95.0,0.6537930942
25.0,100.0,0.653638881449
30.0,-100.0,0.653882680699
30.0,-95.0,0.651119356733
30.0,-90.0,0.652544260982
30.0,-85.0,0.651133661297
30.0,-80.0,0.6525383968
30.0,-75.0,0.652096308205
30.0,-70.0,0.653625525312
30.0,-65.0,0.653384103622
30.0,-60.0,0.653351777921
30.0,-55.0,0.653091746871
30.0,-50.0,0.651879771191
30.0,-45.0,0.651119003485
30.0,-40.0,0.649794209755
30.0,-35.0,0.649716745743
30.0,-30.0,0.6547604174
30.0,-25.0,0.655918671189
30.0,-20.0,0.657525166348
30.0,-15.0,0.659149839143
30.0,-10.0,0.657934023744
30.0,-5.0,0.657576384812
30.0,0.0,0.658617182744
30.0,5.0,0.656599537783
30.0,10.0,0.655282574053
30.0,15.0,0.656098052319
30.0,20.0,0.657284533412
30.0,25.0,0.657469508102
30.0,30.0,0.658967652735
30.0,35.0,0.662582358408
30.0,40.0,0.662137704449
30.0,45.0,0.659925850124
30.0,50.0,0.658770944716
30.0,55.0,0.658265887163
30.0,60.0,0.655839579872
30.0,65.0,0.656908609982
30.0,70.0,0.657204619682
30.0,75.0,0.657164999938
30.0,80.0,0.656091170904
30.0,85.0,0.654194063479
30.0,90.0,0.654350324452
30.0,95.0,0.653082221448
30.0,100.0,0.653882680699
35.0,-100.0,0.651292363301
35.0,-95.0,0.650019889404
35.0,-90.0,0.652139873869
35.0,-85.0,0.651904340728
35.0,-80.0,0.652426799963
35.0,-75.0,0.650766212228
35.0,-70.0,0.649134622874
35.0,-65.0,0.653144037328
35.0,-60.0,0.652947400039
35.0,-55.0,0.652665746517
35.0,-50.0,0.649755713044
35.0,-45.0,0.651504538857
35.0,-40.0,0.652965277216
35.0,-35.0,0.651374115871
35.0,-30.0,0.651750407983
35.0,-25.0,0.653475071227
35.0,-20.0,0.654011564305
35.0,-15.0,0.654638950261
35.0,-10.0,0.656830996329
35.0,-5.0,0.658411550151
35.0,0.0,0.659560055037
35.0,5.0,0.655703463865
35.0,10.0,0.656205101021
35.0,15.0,0.657425817762
35.0,20.0,0.657081902275
35.0,25.0,0.655679976415
35.0,30.0,0.655049196028
35.0,35.0,0.6581250094
35.0,40.0,0.660052766758
35.0,45.0,0.66101370526
35.0,50.0,0.659202429104
35.0,55.0,0.655846613727
35.0,60.0,0.654507763749
35.0,65.0,0.656026314583
35.0,70.0,0.65725008975
35.0,75.0,0.655800001181
35.0,80.0,0.655010212724
35.0,85.0,0.652437193799
35.0,90.0,0.649272213682
35.0,95.0,0.649330317515
35.0,100.0,0.651292363301
40.0,-100.0,0.648394547835
40.0,-95.0,0.647751205842
40.0,-90.0,0.649785876921
40.0,-85.0,0.651808647057
40.0,-80.0,0.650199911945
40.0,-75.0,0.64905860001
40.0,-70.0,0.646820273567
40.0,-65.0,0.649790385266
40.0,-60.0,0.652265832768
40.0,-55.0,0.652293518434
40.0,-50.0,0.651258549888
40.0,-45.0,0.650863694844
40.0,-40.0,0.651260710253
40.0,-35.0,0.652681576383
40.0,-30.0,0.649746962173
40.0,-25.0,0.649583327331
40.0,-20.0,0.651175370199
40.0,-15.0,0.652648670883
40.0,-10.0,0.657374054025
40.0,-5.0,0.658584948408
40.0,0.0,0.658087847775
40.0,5.0,0.656715790872
40.0,10.0,0.659092138873
40.0,15.0,0.655550139043
40.0,20.0,0.653311392769
40.0,25.0,0.653946284669
40.0,30.0,0.655745913077
40.0,35.0,0.656713424769
40.0,40.0,0.657032319388
40.0,45.0,0.659689770181
40.0,50.0,0.659311250115
40.0,55.0,0.655590218319
40.0,60.0,0.655939198075
40.0,65.0,0.655057332291
40.0,70.0,0.654823967103
40.0,75.0,0.653892820768
40.0,80.0,0.651386019398
40.0,85.0,0.649411844112
40.0,90.0,0.647297156711
40.0,95.0,0.646787297198
40.0,100.0,0.648394547835
45.0,-100.0,0.646844220612
45.0,-95.0,0.646981427338
45.0,-90.0,0.647465110239
45.0,-85.0,0.651698342556
45.0,-80.0,0.651787490898
45.0,-75.0,0.650098589359
45.0,-70.0,0.648487775818
45.0,-65.0,0.650520185161
45.0,-60.0,0.654414516087
45.0,-55.0,0.653499509677
45.0,-50.0,0.652944681347
45.0,-45.0,0.652194149121
45.0,-40.0,0.649522100656
45.0,-35.0,0.652624549953
45.0,-30.0,0.650183747179
45.0,-25.0,0.648305424374
45.0,-20.0,0.649270032018
45.0,-15.0,0.650835358615
45.0,-10.0,0.655763681978
45.0,-5.0,0.659337181068
45.0,0.0,0.657745248575
45.0,5.0,0.656700036123
45.0,10.0,0.655858652962
45.0,15.0,0.653324154224
45.0,20.0,0.651738656848
45.0,25.0,0.654965212474
45.0,30.0,0.656849698438
45.0,35.0,0.656866810755
45.0,40.0,0.65648864702
45.0,45.0,0.657588806569
45.0,50.0,0.659152041825
45.0,55.0,0.656123434561
45.0,60.0,0.65647673827
45.0,65.0,0.655968049091
45.0,70.0,0.653657294055
45.0,75.0,0.651913154811
45.0,80.0,0.651573297838
45.0,85.0,0.650287093037
45.0,90.0,0.648676905012
45.0,95.0,0.648745371859
45.0,100.0,0.646844220612
50.0,-100.0,0.645751682891
50.0,-95.0,0.646372832245
50.0,-90.0,0.648555174021
50.0,-85.0,0.650040756277
50.0,-80.0,0.651005430276
50.0,-75.0,0.65047062433
50.0,-70.0,0.652897630028
50.0,-65.0,0.654052182222
50.0,-60.0,0.654643372694
50.0,-55.0,0.652896069156
50.0,-50.0,0.651010223935
50.0,-45.0,0.651221332038
50.0,-40.0,0.649163236769
50.0,-35.0,0.654217516854
50.0,-30.0,0.651809929871
50.0,-25.0,0.649702252169
50.0,-20.0,0.648015633927
50.0,-15.0,0.651386186723
50.0,-10.0,0.653930060719
50.0,-5.0,0.657281373376
50.0,0.0,0.656915510893
50.0,5.0,0.656042799554
50.0,10.0,0.653179914889
50.0,15.0,0.652720758647
50.0,20.0,0.654487855669
50.0,25.0,0.653969739525
50.0,30.0,0.654092119696
50.0,35.0,0.652548022272
50.0,40.0,0.6533436689
50.0,45.0,0.656713234071
50.0,50.0,0.655917602375
50.0,55.0,0.657599928103
50.0,60.0,0.653981850737
50.0,65.0,0.65204309145
50.0,70.0,0.652940589384
50.0,75.0,0.65231886885
50.0,80.0,0.648404036726
50.0,85.0,0.648282062279
50.0,90.0,0.650511557415
50.0,95.0,0.650959549197
50.0,100.0,0.645751682891
55.0,-100.0,0.645746089138
55.0,-95.0,0.64658276241
55.0,-90.0,0.649970534679
55.0,-85.0,0.649990118569
55.0,-80.0,0.650279447117
55.0,-75.0,0.651238636114
55.0,-70.0,0.654714297145
55.0,-65.0,0.654052444643
55.0,-60.0,0.652672193085
55.0,-55.0,0.651420426021
55.0,-50.0,0.650420399822
55.0,-45.0,0.651304823988
55.0,-40.0,0.650103920599
55.0,-35.0,0.650220790002
55.0,-30.0,0.648406303027
55.0,-25.0,0.649331444574
55.0,-20.0,0.649895739544
55.0,-15.0,0.652523496022
55.0,-10.0,0.652722934722
55.0,-5.0,0.65322357578
55.0,0.0,0.654260470271
55.0,5.0,0.653317631599
55.0,10.0,0.651781828711
55.0,15.0,0.652165627225
55.0,20.0,0.652955069252
55.0,25.0,0.652675908494
55.0,30.0,0.650565184679
55.0,35.0,0.650379182229
55.0,40.0,0.655794877377
55.0,45.0,0.658424200962
55.0,50.0,0.655598210347
55.0,55.0,0.65645368727
55.0,60.0,0.654643722624
55.0,65.0,0.655058142273
55.0,70.0,0.652823357648
55.0,75.0,0.646927489666
55.0,80.0,0.644837244907
55.0,85.0,0.647840697297
55.0,90.0,0.649273588259
55.0,95.0,0.648171361522
55.0,100.0,0.645746089138
60.0,-100.0,0.646876721456
60.0,-95.0,0.648165275721
60.0,-90.0,0.648753972037
60.0,-85.0,0.651568749922
60.0,-80.0,0.652501935047
60.0,-75.0,0.651094099354
60.0,-70.0,0.654010389045
60.0,-65.0,0.651688419049
60.0,-60.0,0.649404755664
60.0,-55.0,0.648757067391
60.0,-50.0,0.649877951771
60.0,-45.0,0.651923517233
60.0,-40.0,0.651283006285
60.0,-35.0,0.651720689483
60.0,-30.0,0.649415050588
60.0,-25.0,0.649122180247
60.0,-20.0,0.652019692549
60.0,-15.0,0.653289949901
60.0,-10.0,0.653372847755
60.0,-5.0,0.653043388036
60.0,0.0,0.654018924372
60.0,5.0,0.65198973541
60.0,10.0,0.653537312467
60.0,15.0,0.653445991677
60.0,20.0,0.651696559391
60.0,25.0,0.650954065368
60.0,30.0,0.651113845847
60.0,35.0,0.652556061149
60.0,40.0,0.657754581093
60.0,45.0,0.657421319376
60.0,50.0,0.655741146032
60.0,55.0,0.656882010453
60.0,60.0,0.657822702897
60.0,65.0,0.653425240071
60.0,70.0,0.650702880556
60.0,75.0,0.645853047585
60.0,80.0,0.643479297606
60.0,85.0,0.644478665938
60.0,90.0,0.646316464858
60.0,95.0,0.64636660671
60.0,100.0,0.646876721456
65.0,-100.0,0.650151672293
65.0,-95.0,0.650053628551
65.0,-90.0,0.64883906535
65.0,-85.0,0.651129328145
65.0,-80.0,0.651513457251
65.0,-75.0,0.653053357743
65.0,-70.0,0.654290484534
65.0,-65.0,0.651057557506
65.0,-60.0,0.648019373045
65.0,-55.0,0.648420148702
65.0,-50.0,0.651477777964
65.0,-45.0,0.653137000874
65.0,-40.0,0.650692645899
65.0,-35.0,0.65119143741
65.0,-30.0,0.649118773282
65.0,-25.0,0.650455094429
65.0,-20.0,0.652228419755
65.0,-15.0,0.65277279307
65.0,-10.0,0.65268869662
65.0,-5.0,0.65281326234
65.0,0.0,0.654697143985
65.0,5.0,0.652550382331
65.0,10.0,0.652558744862
65.0,15.0,0.652943531036
65.0,20.0,0.651970084125
65.0,25.0,0.650231385938
65.0,30.0,0.650793816525
65.0,35.0,0.652900810872
65.0,40.0,0.654657782793
65.0,45.0,0.656060496721
65.0,50.0,0.658114564937
65.0,55.0,0.658205082451
65.0,60.0,0.654965734929
65.0,65.0,0.652471109496
65.0,70.0,0.647442813706
65.0,75.0,0.644842945677
65.0,80.0,0.644247508452
65.0,85.0,0.643494415185
65.0,90.0,0.646257485261
65.0,95.0,0.647219298863
65.0,100.0,0.650151672293
70.0,-100.0,0.649545368915
70.0,-95.0,0.649107671027
70.0,-90.0,0.649233852898
70.0,-85.0,0.651007413462
70.0,-80.0,0.651506252879
70.0,-75.0,0.650806134429
70.0,-70.0,0.653308697766
70.0,-65.0,0.651918985828
70.0,-60.0,0.647465558302
70.0,-55.0,0.648873659493
70.0,-50.0,0.652655922713
70.0,-45.0,0.651669410223
70.0,-40.0,0.649691253573
70.0,-35.0,0.648739288969
70.0,-30.0,0.647693426188
70.0,-25.0,0.649587471917
70.0,-20.0,0.651897894426
70.0,-15.0,0.652191006519
70.0,-10.0,0.654429215375
70.0,-5.0,0.653189838505
70.0,0.0,0.654650477959
70.0,5.0,0.652016356843
70.0,10.0,0.651404300383
70.0,15.0,0.651267570408
70.0,20.0,0.649057246795
70.0,25.0,0.650372805929
70.0,30.0,0.653675778752
70.0,35.0,0.655890723252
70.0,40.0,0.652777541463
70.0,45.0,0.653831979871
70.0,50.0,0.65386567422
70.0,55.0,0.655255417095
70.0,60.0,0.65183640781
70.0,65.0,0.650062103381
70.0,70.0,0.649179266369
70.0,75.0,0.647493573065
70.0,80.0,0.646608398112
70.0,85.0,0.645253621722
70.0,90.0,0.64729873954
70.0,95.0,0.647842932803
70.0,100.0,0.649545368915
75.0,-100.0,0.646489588508
75.0,-95.0,0.647226252375
75.0,-90.0,0.64832284127
75.0,-85.0,0.650594442515
75.0,-80.0,0.649789557855
75.0,-75.0,0.649444635993
75.0,-70.0,0.649932270812
75.0,-65.0,0.648702005861
75.0,-60.0,0.646570193123
75.0,-55.0,0.648240105213
75.0,-50.0,0.653662292673
75.0,-45.0,0.652076491794
75.0,-40.0,0.648236268818
75.0,-35.0,0.649225605828
75.0,-30.0,0.648620504614
75.0,-25.0,0.649788131176
75.0,-20.0,0.651062234884
75.0,-15.0,0.649626365886
75.0,-10.0,0.655765994639
75.0,-5.0,0.652819473783
75.0,0.0,0.653320194471
75.0,5.0,0.653412059762
75.0,10.0,0.653220949394
75.0,15.0,0.650308867044
75.0,20.0,0.650602488134
75.0,25.0,0.654055362941
75.0,30.0,0.654172809462
75.0,35.0,0.653636497213
75.0,40.0,0.650198314134
75.0,45.0,0.651823742095
75.0,50.0,0.652243275984
75.0,55.0,0.652164551412
75.0,60.0,0.650134589916
75.0,65.0,0.64830274438
75.0,70.0,0.650129617421
75.0,75.0,0.648167406592
75.0,80.0,0.648238926373
75.0,85.0,0.647195217945
75.0,90.0,0.645387159231
75.0,95.0,0.646675295505
75.0,100.0,0.646489588508
80.0,-100.0,0.648408003927
80.0,-95.0,0.64790981441
80.0,-90.0,0.648096659582
80.0,-85.0,0.64861538525
80.0,-80.0,0.649376670942
80.0,-75.0,0.648661220161
80.0,-70.0,0.646761375401
80.0,-65.0,0.646769537946
80.0,-60.0,0.647897404803
80.0,-55.0,0.649159273536
80.0,-50.0,0.649577843912
80.0,-45.0,0.650099077632
80.0,-40.0,0.649328053613
80.0,-35.0,0.648208976082
80.0,-30.0,0.647286844974
80.0,-25.0,0.64793390522
80.0,-20.0,0.648724941845
80.0,-15.0,0.650676860047
80.0,-10.0,0.653735139117
80.0,-5.0,0.653248833516
80.0,0.0,0.651601515195
80.0,5.0,0.651321549511
80.0,10.0,0.65163370445
80.0,15.0,0.651226748378
80.0,20.0,0.652201920631
80.0,25.0,0.652250469527
80.0,30.0,0.651271716995
80.0,35.0,0.650506489103
80.0,40.0,0.647998964514
80.0,45.0,0.64738318629
80.0,50.0,0.648420927493
80.0,55.0,0.648244128858
80.0,60.0,0.647235715627
80.0,65.0,0.646144299468
80.0,70.0,0.645867013342
80.0,75.0,0.648617603179
80.0,80.0,0.64831466049
80.0,85.0,0.647236876449
80.0,90.0,0.644978649756
80.0,95.0,0.648468459
80.0,100.0,0.648408003927
85.0,-100.0,0.650401924627
85.0,-95.0,0.650028493451
85.0,-90.0,0.648561340783
85.0,-85.0,0.647469280818
85.0,-80.0,0.649712335414
85.0,-75.0,0.65172012943
85.0,-70.0,0.646382828673
85.0,-65.0,0.648321617909
85.0,-60.0,0.647547115306
85.0,-55.0,0.64653059817
85.0,-50.0,0.64746543262
85.0,-45.0,0.64920954047
85.0,-40.0,0.65005910728
85.0,-35.0,0.649616716803
85.0,-30.0,0.649097346085
85.0,-25.0,0.647573180807
85.0,-20.0,0.644632986858
85.0,-15.0,0.648239532913
85.0,-10.0,0.651921585603
85.0,-5.0,0.654974542218
85.0,0.0,0.65172416768
85.0,5.0,0.651150374026
85.0,10.0,0.650236377432
85.0,15.0,0.649181843854
85.0,20.0,0.651412807652
85.0,25.0,0.648436748228
85.0,30.0,0.649252543436
85.0,35.0,0.645845867024
85.0,40.0,0.64400955479
85.0,45.0,0.646246851227
85.0,50.0,0.644566595166
85.0,55.0,0.644687962465
85.0,60.0,0.646940738821
85.0,65.0,0.645046266016
85.0,70.0,0.64488393656
85.0,75.0,0.646725768796
85.0,80.0,0.646739949856
85.0,85.0,0.645879001967
85.0,90.0,0.647905212705
85.0,95.0,0.650852777192
85.0,100.0,0.650401924627
90.0,-100.0,0.650699210854
90.0,-95.0,0.651331358115
90.0,-90.0,0.647939665575
90.0,-85.0,0.650275382571
90.0,-80.0,0.651291964951
90.0,-75.0,0.649916703451
90.0,-70.0,0.647729331219
90.0,-65.0,0.64647522812
90.0,-60.0,0.644737305907
90.0,-55.0,0.644872464046
90.0,-50.0,0.644961001816
90.0,-45.0,0.64686667118
90.0,-40.0,0.64850639548
90.0,-35.0,0.650915879441
90.0,-30.0,0.648684469921
90.0,-25.0,0.646854879357
90.0,-20.0,0.645561768816
90.0,-15.0,0.647098397793
90.0,-10.0,0.65086277646
90.0,-5.0,0.652942712606
90.0,0.0,0.654495377839
90.0,5.0,0.653651498672
90.0,10.0,0.65102438519
90.0,15.0,0.651239589857
90.0,20.0,0.648715250021
90.0,25.0,0.646222300441
90.0,30.0,0.646351586211
90.0,35.0,0.646764250165
90.0,40.0,0.643790101126
90.0,45.0,0.644200130141
90.0,50.0,0.642406151474
90.0,55.0,0.643317844622
90.0,60.0,0.645971165539
90.0,65.0,0.644225382518
90.0,70.0,0.644682855661
90.0,75.0,0.643289286412
90.0,80.0,0.64619490436
90.0,85.0,0.646978907322
90.0,90.0,0.649346676013
90.0,95.0,0.650552158676
90.0,100.0,0.650699210854
95.0,-100.0,0.651015892302
95.0,-95.0,0.65015314509
95.0,-90.0,0.648442323829
95.0,-85.0,0.650601630946
95.0,-80.0,0.650510232932
95.0,-75.0,0.64789322538
95.0,-70.0,0.64715800203
95.0,-65.0,0.644906134716
95.0,-60.0,0.647968536163
95.0,-55.0,0.64630504007
95.0,-50.0,0.643406375695
95.0,-45.0,0.642737465392
95.0,-40.0,0.646764885425
95.0,-35.0,0.650404162896
95.0,-30.0,0.64614671768
95.0,-25.0,0.646998344416
95.0,-20.0,0.646673697593
95.0,-15.0,0.645677890878
95.0,-10.0,0.652123858592
95.0,-5.0,0.653281420159
95.0,0.0,0.654307302222
95.0,5.0,0.653421684363
95.0,10.0,0.651179408133
95.0,15.0,0.651698499474
95.0,20.0,0.649109431954
95.0,25.0,0.647347027184
95.0,30.0,0.64714126075
95.0,35.0,0.647290107355
95.0,40.0,0.645298068935
95.0,45.0,0.644622086106
95.0,50.0,0.642590320622
95.0,55.0,0.642347564081
95.0,60.0,0.641566447892
95.0,65.0,0.642391466874
95.0,70.0,0.643424905722
95.0,75.0,0.645020814131
95.0,80.0,0.644327513216
95.0,85.0,0.647262765483
95.0,90.0,0.649897657134
95.0,95.0,0.650488363794
95.0,100.0,0.651015892302
100.0,-100.0,0.650909316807
100.0,-95.0,0.651666178475
100.0,-90.0,0.652727603079
100.0,-85.0,0.650490983014
100.0,-80.0,0.649829913996
100.0,-75.0,0.647159931296
100.0,-70.0,0.648195806212
100.0,-65.0,0.648633650464
100.0,-60.0,0.649565615848
100.0,-55.0,0.646107166233
100.0,-50.0,0.645720677267
100.0,-45.0,0.643860594446
100.0,-40.0,0.645793322146
100.0,-35.0,0.648084871884
100.0,-30.0,0.646621968546
100.0,-25.0,0.64533865645
100.0,-20.0,0.648008263372
100.0,-15.0,0.647917458952
100.0,-10.0,0.649234477215
100.0,-5.0,0.65266735159
100.0,0.0,0.653657823074
100.0,5.0,0.651581116894
100.0,10.0,0.652567747941
100.0,15.0,0.652342444489
100.0,20.0,0.648279978474
100.0,25.0,0.647112640129
100.0,30.0,0.643570068247
100.0,35.0,0.644625263398
100.0,40.0,0.64688077827
100.0,45.0,0.646250254345
100.0,50.0,0.642060382599
100.0,55.0,0.642485645381
100.0,60.0,0.639313983481
100.0,65.0,0.6398544179
100.0,70.0,0.641365902184
100.0,75.0,0.646243811581
100.0,80.0,0.647267279986
100.0,85.0,0.647996778462
100.0,90.0,0.650635481289
100.0,95.0,0.651075284295
100.0,100.0,0.650909316807
