-100.0,-100.0,0.616570295592
-100.0,-95.0,0.608109329855
-100.0,-90.0,0.610401375148
-100.0,-85.0,0.614623402465
-100.0,-80.0,0.618709594957
-100.0,-75.0,0.617284396585
-100.0,-70.0,0.619590162538
-100.0,-65.0,0.62694762369
-100.0,-60.0,0.625731013846
-100.0,-55.0,0.627385882013
-100.0,-50.0,0.630566812186
-100.0,-45.0,0.638270199521
-100.0,-40.0,0.641713570333
-100.0,-35.0,0.640439653543
-100.0,-30.0,0.638997734045
-100.0,-25.0,0.63948813974
-100.0,-20.0,0.638049485752
-100.0,-15.0,0.641151770882
-100.0,-10.0,0.642432303833
-100.0,-5.0,0.644770682624
-100.0,0.0,0.6429087937
-100.0,5.0,0.638532924631
-100.0,10.0,0.638827278956
-100.0,15.0,0.646948393392
-100.0,20.0,0.650581513452
-100.0,25.0,0.652513623344
-100.0,30.0,0.657180307604
-100.0,35.0,0.659403631068
-100.0,40.0,0.661853216619
-100.0,45.0,0.657774352702
-100.0,50.0,0.650342399672
-100.0,55.0,0.648180850689
-100.0,60.0,0.651836104205
-100.0,65.0,0.647946877025
-100.0,70.0,0.643798808397
-100.0,75.0,0.641330374052
-100.0,80.0,0.635925177373
-100.0,85.0,0.632839254597
-100.0,90.0,0.6278097027
-100.0,95.0,0.62528995768
-100.0,100.0,0.616570295592
-95.0,-100.0,0.613710865382
-95.0,-95.0,0.609650513776
-95.0,-90.0,0.617015166237
-95.0,-85.0,0.620293879207
-95.0,-80.0,0.621854802956
-95.0,-75.0,0.624857223329
-95.0,-70.0,0.624754456049
-95.0,-65.0,0.621834344371
-95.0,-60.0,0.623726093673
-95.0,-55.0,0.617788742971
-95.0,-50.0,0.622038567051
-95.0,-45.0,0.631636134078
-95.0,-40.0,0.640795940112
-95.0,-35.0,0.639263942436
-95.0,-30.0,0.638147843978
-95.0,-25.0,0.637278657013
-95.0,-20.0,0.634602281851
-95.0,-15.0,0.639116667017
-95.0,-10.0,0.637362588984
-95.0,-5.0,0.644359489837
-95.0,0.0,0.647389734436
-95.0,5.0,0.644320521041
-95.0,10.0,0.645751858054
-95.0,15.0,0.648736870054
-95.0,20.0,0.652591159462
-95.0,25.0,0.656956372306
-95.0,30.0,0.663535954141
-95.0,35.0,0.661285019992
-95.0,40.0,0.661005058134
-95.0,45.0,0.65637180514
-95.0,50.0,0.656019861364
-95.0,55.0,0.653686246365
-95.0,60.0,0.650712274845
-95.0,65.0,0.649595806928
-95.0,70.0,0.641016298328
-95.0,75.0,0.636793406503
-95.0,80.0,0.63152670127
-95.0,85.0,0.628521018029
-95.0,90.0,0.626582469671
-95.0,95.0,0.621151833596
-95.0,100.0,0.613710865382
-90.0,-100.0,0.618254986892
-90.0,-95.0,0.609052385187
-90.0,-90.0,0.615839196692
-90.0,-85.0,0.624769187644
-90.0,-80.0,0.617965186874
-90.0,-75.0,0.624612349904
-90.0,-70.0,0.624634688851
-90.0,-65.0,0.617998790643
-90.0,-60.0,0.620118805061
-90.0,-55.0,0.614989483671
-90.0,-50.0,0.619002622066
-90.0,-45.0,0.629825808631
-90.0,-40.0,0.636336894587
-90.0,-35.0,0.63789709578
-90.0,-30.0,0.638849129031
-90.0,-25.0,0.636838744867
-90.0,-20.0,0.632939615175
-90.0,-15.0,0.634019176145
-90.0,-10.0,0.640091609779
-90.0,-5.0,0.640159399359
-90.0,0.0,0.645252391951
-90.0,5.0,0.643211026306
-90.0,10.0,0.650218436327
-90.0,15.0,0.650558578079
-90.0,20.0,0.650685320015
-90.0,25.0,0.660940839252
-90.0,30.0,0.66206272411
-90.0,35.0,0.661700320978
-90.0,40.0,0.662186861999
-90.0,45.0,0.65810491838
-90.0,50.0,0.657641991435
-90.0,55.0,0.652679665344
-90.0,60.0,0.647640180681
-90.0,65.0,0.646023724644
-90.0,70.0,0.641527678948
-90.0,75.0,0.635083809735
-90.0,80.0,0.634095998838
-90.0,85.0,0.626959042038
-90.0,90.0,0.625435524978
-90.0,95.0,0.623050852191
-90.0,100.0,0.618254986892
-85.0,-100.0,0.614575321166
-85.0,-95.0,0.606541921435
-85.0,-90.0,0.606947113307
-85.0,-85.0,0.615432690021
-85.0,-80.0,0.619121080446
-85.0,-75.0,0.626866710735
-85.0,-70.0,0.625550118579
-85.0,-65.0,0.626135545207
-85.0,-60.0,0.621415681406
-85.0,-55.0,0.613756325387
-85.0,-50.0,0.620830496157
-85.0,-45.0,0.632445215243
-85.0,-40.0,0.63328282836
-85.0,-35.0,0.635483228515
-85.0,-30.0,0.633788555078
-85.0,-25.0,0.635029997983
-85.0,-20.0,0.632228921942
-85.0,-15.0,0.632336380464
-85.0,-10.0,0.638911222877
-85.0,-5.0,0.643424780048
-85.0,0.0,0.645217353864
-85.0,5.0,0.642309290276
-85.0,10.0,0.645997340164
-85.0,15.0,0.654490962856
-85.0,20.0,0.657344388035
-85.0,25.0,0.659138693065
-85.0,30.0,0.666835502779
-85.0,35.0,0.668982175113
-85.0,40.0,0.663250431841
-85.0,45.0,0.656345489355
-85.0,50.0,0.651543009476
-85.0,55.0,0.648077631579
-85.0,60.0,0.647622386301
-85.0,65.0,0.640532850243
-85.0,70.0,0.638234200918
-85.0,75.0,0.638617097514
-85.0,80.0,0.637678134745
-85.0,85.0,0.633726734159
-85.0,90.0,0.624231271867
-85.0,95.0,0.623667641635
-85.0,100.0,0.614575321166
-80.0,-100.0,0.614279611379
-80.0,-95.0,0.611719208799
-80.0,-90.0,0.605705539918
-80.0,-85.0,0.612778588487
-80.0,-80.0,0.616586822578
-80.0,-75.0,0.619714648325
-80.0,-70.0,0.623124241907
-80.0,-65.0,0.626761766754
-80.0,-60.0,0.622490142511
-80.0,-55.0,0.619561952584
-80.0,-50.0,0.621502868673
-80.0,-45.0,0.628081925438
-80.0,-40.0,0.630942247735
-80.0,-35.0,0.628242933106
-80.0,-30.0,0.631418808041
-80.0,-25.0,0.639018476947
-80.0,-20.0,0.634271098505
-80.0,-15.0,0.629806266026
-80.0,-10.0,0.636136842435
-80.0,-5.0,0.639629792193
-80.0,0.0,0.638236304919
-80.0,5.0,0.637197670536
-80.0,10.0,0.638570953495
-80.0,15.0,0.652331753954
-80.0,20.0,0.661317779303
-80.0,25.0,0.661875171749
-80.0,30.0,0.665026820211
-80.0,35.0,0.662213122645
-80.0,40.0,0.6587991274
-80.0,45.0,0.651933207498
-80.0,50.0,0.645945697747
-80.0,55.0,0.641826005123
-80.0,60.0,0.642655954188
-80.0,65.0,0.640076013244
-80.0,70.0,0.633733040171
-80.0,75.0,0.635133920839
-80.0,80.0,0.634406729342
-80.0,85.0,0.634269378046
-80.0,90.0,0.627506750037
-80.0,95.0,0.624514610105
-80.0,100.0,0.614279611379
-75.0,-100.0,0.616779683067
-75.0,-95.0,0.616716976131
-75.0,-90.0,0.617274393984
-75.0,-85.0,0.617284177709
-75.0,-80.0,0.618749230323
-75.0,-75.0,0.620748977403
-75.0,-70.0,0.620214003396
-75.0,-65.0,0.621326456621
-75.0,-60.0,0.626369247989
-75.0,-55.0,0.626360726662
-75.0,-50.0,0.62302956264
-75.0,-45.0,0.62516618259
-75.0,-40.0,0.630503871774
-75.0,-35.0,0.636946912989
-75.0,-30.0,0.639504342436
-75.0,-25.0,0.640928307919
-75.0,-20.0,0.638401742422
-75.0,-15.0,0.634361024942
-75.0,-10.0,0.63782715662
-75.0,-5.0,0.636203737111
-75.0,0.0,0.640660833937
-75.0,5.0,0.638890313382
-75.0,10.0,0.641598819834
-75.0,15.0,0.654969737671
-75.0,20.0,0.660349139013
-75.0,25.0,0.65724363064
-75.0,30.0,0.656700419085
-75.0,35.0,0.662688211315
-75.0,40.0,0.656914555767
-75.0,45.0,0.653581985412
-75.0,50.0,0.646556493653
-75.0,55.0,0.63836011559
-75.0,60.0,0.637918489037
-75.0,65.0,0.633333383282
-75.0,70.0,0.631134446862
-75.0,75.0,0.638917977747
-75.0,80.0,0.637309796965
-75.0,85.0,0.642765919986
-75.0,90.0,0.642116254973
-75.0,95.0,0.630151728048
-75.0,100.0,0.616779683067
-70.0,-100.0,0.622201874399
-70.0,-95.0,0.62137645005
-70.0,-90.0,0.625941099999
-70.0,-85.0,0.62094319321
-70.0,-80.0,0.619362983649
-70.0,-75.0,0.621585285768
-70.0,-70.0,0.618445738437
-70.0,-65.0,0.61508614369
-70.0,-60.0,0.621859197999
-70.0,-55.0,0.627039234136
-70.0,-50.0,0.626220496723
-70.0,-45.0,0.629231600375
-70.0,-40.0,0.630452384051
-70.0,-35.0,0.632529962737
-70.0,-30.0,0.63668756892
-70.0,-25.0,0.638232850134
-70.0,-20.0,0.641337768812
-70.0,-15.0,0.637067178148
-70.0,-10.0,0.637984280815
-70.0,-5.0,0.642960961565
-70.0,0.0,0.644913005333
-70.0,5.0,0.645649299559
-70.0,10.0,0.648112819283
-70.0,15.0,0.654474827508
-70.0,20.0,0.660531726302
-70.0,25.0,0.65480668706
-70.0,30.0,0.652475794264
-70.0,35.0,0.658685869855
-70.0,40.0,0.660392511396
-70.0,45.0,0.653255425079
-70.0,50.0,0.646803946839
-70.0,55.0,0.641106575112
-70.0,60.0,0.635715416777
-70.0,65.0,0.634372129643
-70.0,70.0,0.636312354275
-70.0,75.0,0.640303478226
-70.0,80.0,0.639984341861
-70.0,85.0,0.645062454162
-70.0,90.0,0.641870154302
-70.0,95.0,0.632574620487
-70.0,100.0,0.622201874399
-65.0,-100.0,0.632917196882
-65.0,-95.0,0.631606684326
-65.0,-90.0,0.630361136789
-65.0,-85.0,0.623893187719
-65.0,-80.0,0.619562246057
-65.0,-75.0,0.625274266512
-65.0,-70.0,0.626460417251
-65.0,-65.0,0.620318114641
-65.0,-60.0,0.626006869778
-65.0,-55.0,0.623767473731
-65.0,-50.0,0.627800473376
-65.0,-45.0,0.626422817553
-65.0,-40.0,0.631720502199
-65.0,-35.0,0.634312710478
-65.0,-30.0,0.641062921032
-65.0,-25.0,0.645629749586
-65.0,-20.0,0.647126898821
-65.0,-15.0,0.641331186896
-65.0,-10.0,0.634686307342
-65.0,-5.0,0.639578078048
-65.0,0.0,0.649170931297
-65.0,5.0,0.651366844669
-65.0,10.0,0.648702358914
-65.0,15.0,0.654097392695
-65.0,20.0,0.654961977803
-65.0,25.0,0.655290688291
-65.0,30.0,0.654839647679
-65.0,35.0,0.658010753206
-65.0,40.0,0.649278776815
-65.0,45.0,0.649232660833
-65.0,50.0,0.650788394859
-65.0,55.0,0.642417848239
-65.0,60.0,0.634349950273
-65.0,65.0,0.636791689445
-65.0,70.0,0.637549910728
-65.0,75.0,0.640276192222
-65.0,80.0,0.635625042063
-65.0,85.0,0.640270843539
-65.0,90.0,0.644266950717
-65.0,95.0,0.633899103698
-65.0,100.0,0.632917196882
-60.0,-100.0,0.647348447886
-60.0,-95.0,0.641395991101
-60.0,-90.0,0.631386809432
-60.0,-85.0,0.62282851883
-60.0,-80.0,0.626906291418
-60.0,-75.0,0.629731965973
-60.0,-70.0,0.634774766505
-60.0,-65.0,0.629378271221
-60.0,-60.0,0.626946280274
-60.0,-55.0,0.627389015693
-60.0,-50.0,0.631968268441
-60.0,-45.0,0.628287007014
-60.0,-40.0,0.630655711955
-60.0,-35.0,0.634838582023
-60.0,-30.0,0.640939339098
-60.0,-25.0,0.647578140213
-60.0,-20.0,0.65121605844
-60.0,-15.0,0.646643836711
-60.0,-10.0,0.642979134744
-60.0,-5.0,0.642806475123
-60.0,0.0,0.648159589197
-60.0,5.0,0.656252047465
-60.0,10.0,0.658229548354
-60.0,15.0,0.660529826422
-60.0,20.0,0.654071717431
-60.0,25.0,0.650341642986
-60.0,30.0,0.654358220466
-60.0,35.0,0.655023337154
-60.0,40.0,0.642564996555
-60.0,45.0,0.644360362613
-60.0,50.0,0.650012564374
-60.0,55.0,0.6457457341
-60.0,60.0,0.633266578917
-60.0,65.0,0.632004109308
-60.0,70.0,0.636858914676
-60.0,75.0,0.641971069135
-60.0,80.0,0.647670526128
-60.0,85.0,0.641457760404
-60.0,90.0,0.64117623535
-60.0,95.0,0.643845202405
-60.0,100.0,0.647348447886
-55.0,-100.0,0.649918720529
-55.0,-95.0,0.650394103384
-55.0,-90.0,0.64226419612
-55.0,-85.0,0.634688818061
-55.0,-80.0,0.639925279361
-55.0,-75.0,0.638104173021
-55.0,-70.0,0.636736854627
-55.0,-65.0,0.635022571734
-55.0,-60.0,0.62784726182
-55.0,-55.0,0.63429908353
-55.0,-50.0,0.633304602996
-55.0,-45.0,0.639789292189
-55.0,-40.0,0.644017020645
-55.0,-35.0,0.641387375031
-55.0,-30.0,0.640209683638
-55.0,-25.0,0.645925184723
-55.0,-20.0,0.653301774067
-55.0,-15.0,0.650508387061
-55.0,-10.0,0.64819981492
-55.0,-5.0,0.651407338542
-55.0,0.0,0.659467735508
-55.0,5.0,0.663480649677
-55.0,10.0,0.661005841912
-55.0,15.0,0.656875076794
-55.0,20.0,0.655053387645
-55.0,25.0,0.653764026102
-55.0,30.0,0.657573746352
-55.0,35.0,0.65347156634
-55.0,40.0,0.645107294702
-55.0,45.0,0.644179814075
-55.0,50.0,0.647885874778
-55.0,55.0,0.645746158892
-55.0,60.0,0.637591673165
-55.0,65.0,0.631701347558
-55.0,70.0,0.638650326124
-55.0,75.0,0.644748638748
-55.0,80.0,0.650488519452
-55.0,85.0,0.647599647126
-55.0,90.0,0.64212522377
-55.0,95.0,0.647305804232
-55.0,100.0,0.649918720529
-50.0,-100.0,0.651292561074
-50.0,-95.0,0.653752451914
-50.0,-90.0,0.649954812071
-50.0,-85.0,0.649599405498
-50.0,-80.0,0.650389113518
-50.0,-75.0,0.652205096224
-50.0,-70.0,0.640440478596
-50.0,-65.0,0.637818628093
-50.0,-60.0,0.633622765334
-50.0,-55.0,0.630824935882
-50.0,-50.0,0.636241271878
-50.0,-45.0,0.645187202258
-50.0,-40.0,0.643740411838
-50.0,-35.0,0.640449040032
-50.0,-30.0,0.63668742219
-50.0,-25.0,0.649608485583
-50.0,-20.0,0.657812579079
-50.0,-15.0,0.655361267246
-50.0,-10.0,0.655972160023
-50.0,-5.0,0.658984124687
-50.0,0.0,0.663259242414
-50.0,5.0,0.663380078215
-50.0,10.0,0.659803751886
-50.0,15.0,0.659698735984
-50.0,20.0,0.658844109907
-50.0,25.0,0.656751224754
-50.0,30.0,0.651747033801
-50.0,35.0,0.653172184774
-50.0,40.0,0.647698733911
-50.0,45.0,0.643092578886
-50.0,50.0,0.639683700554
-50.0,55.0,0.642233193867
-50.0,60.0,0.643585364044
-50.0,65.0,0.636039376739
-50.0,70.0,0.644680878404
-50.0,75.0,0.655690832873
-50.0,80.0,0.650497257009
-50.0,85.0,0.648065290733
-50.0,90.0,0.642295690373
-50.0,95.0,0.647537390479
-50.0,100.0,0.651292561074
-45.0,-100.0,0.656597041529
-45.0,-95.0,0.661852795945
-45.0,-90.0,0.66134179901
-45.0,-85.0,0.65804625086
-45.0,-80.0,0.651110427708
-45.0,-75.0,0.651325667213
-45.0,-70.0,0.651563253028
-45.0,-65.0,0.641452574582
-45.0,-60.0,0.63961280367
-45.0,-55.0,0.635884268748
-45.0,-50.0,0.63582376448
-45.0,-45.0,0.647774607325
-45.0,-40.0,0.641156030292
-45.0,-35.0,0.640480424339
-45.0,-30.0,0.642662507394
-45.0,-25.0,0.651559744107
-45.0,-20.0,0.660188543065
-45.0,-15.0,0.660306817987
-45.0,-10.0,0.6614778522
-45.0,-5.0,0.66692572461
-45.0,0.0,0.671052644513
-45.0,5.0,0.669813208309
-45.0,10.0,0.663724248131
-45.0,15.0,0.660579611554
-45.0,20.0,0.659531139977
-45.0,25.0,0.660352552769
-45.0,30.0,0.6593529786
-45.0,35.0,0.654155776242
-45.0,40.0,0.649120151323
-45.0,45.0,0.644585070098
-45.0,50.0,0.644383223417
-45.0,55.0,0.647913169253
-45.0,60.0,0.647237935743
-45.0,65.0,0.647077284308
-45.0,70.0,0.653432800326
-45.0,75.0,0.656288853758
-45.0,80.0,0.657462595987
-45.0,85.0,0.653744447922
-45.0,90.0,0.65059521088
-45.0,95.0,0.653546202029
-45.0,100.0,0.656597041529
-40.0,-100.0,0.660435772225
-40.0,-95.0,0.667140988674
-40.0,-90.0,0.66238804762
-40.0,-85.0,0.661908518318
-40.0,-80.0,0.65617236773
-40.0,-75.0,0.654565008379
-40.0,-70.0,0.653751173693
-40.0,-65.0,0.646958361034
-40.0,-60.0,0.648253426383
-40.0,-55.0,0.642613726058
-40.0,-50.0,0.641870400736
-40.0,-45.0,0.654744106364
-40.0,-40.0,0.645535355914
-40.0,-35.0,0.649626395618
-40.0,-30.0,0.653540483101
-40.0,-25.0,0.654559913567
-40.0,-20.0,0.661852518404
-40.0,-15.0,0.664632389425
-40.0,-10.0,0.671151370608
-40.0,-5.0,0.674419644172
-40.0,0.0,0.676232569121
-40.0,5.0,0.662248462066
-40.0,10.0,0.666393513293
-40.0,15.0,0.664571576124
-40.0,20.0,0.661002904087
-40.0,25.0,0.662518797653
-40.0,30.0,0.663830346986
-40.0,35.0,0.661160019041
-40.0,40.0,0.664407515958
-40.0,45.0,0.65776689085
-40.0,50.0,0.663445535862
-40.0,55.0,0.661359443273
-40.0,60.0,0.651859980808
-40.0,65.0,0.657129026884
-40.0,70.0,0.661874176413
-40.0,75.0,0.657952898473
-40.0,80.0,0.667781686141
-40.0,85.0,0.66121855833
-40.0,90.0,0.659890515748
-40.0,95.0,0.659455788581
-40.0,100.0,0.660435772225
-35.0,-100.0,0.65877245352
-35.0,-95.0,0.658789753744
-35.0,-90.0,0.65156356671
-35.0,-85.0,0.658536130776
-35.0,-80.0,0.657603129299
-35.0,-75.0,0.664056765277
-35.0,-70.0,0.660355707008
-35.0,-65.0,0.651829058004
-35.0,-60.0,0.65310108103
-35.0,-55.0,0.649730735905
-35.0,-50.0,0.654984648919
-35.0,-45.0,0.656263830624
-35.0,-40.0,0.655489029065
-35.0,-35.0,0.660209481222
-35.0,-30.0,0.666794620711
-35.0,-25.0,0.66732754296
-35.0,-20.0,0.671498785214
-35.0,-15.0,0.666355901459
-35.0,-10.0,0.670613875188
-35.0,-5.0,0.670596102071
-35.0,0.0,0.673474963175
-35.0,5.0,0.670039531878
-35.0,10.0,0.673127102012
-35.0,15.0,0.669651905864
-35.0,20.0,0.670181283525
-35.0,25.0,0.675779569645
-35.0,30.0,0.673092090439
-35.0,35.0,0.666556257966
-35.0,40.0,0.667082496115
-35.0,45.0,0.664679674549
-35.0,50.0,0.66675970137
-35.0,55.0,0.666386963454
-35.0,60.0,0.665669431842
-35.0,65.0,0.668340343431
-35.0,70.0,0.665404242363
-35.0,75.0,0.664790165518
-35.0,80.0,0.672207470721
-35.0,85.0,0.668466712427
-35.0,90.0,0.660708012287
-35.0,95.0,0.658822495744
-35.0,100.0,0.65877245352
-30.0,-100.0,0.654115736175
-30.0,-95.0,0.653860256487
-30.0,-90.0,0.652128685394
-30.0,-85.0,0.659200733984
-30.0,-80.0,0.661730337719
-30.0,-75.0,0.665822099883
-30.0,-70.0,0.661859790793
-30.0,-65.0,0.65304101982
-30.0,-60.0,0.660669348453
-30.0,-55.0,0.65937975231
-30.0,-50.0,0.658809921981
-30.0,-45.0,0.659761069734
-30.0,-40.0,0.665258755375
-30.0,-35.0,0.660727454892
-30.0,-30.0,0.666540754904
-30.0,-25.0,0.669886794978
-30.0,-20.0,0.671891188427
-30.0,-15.0,0.671382240223
-30.0,-10.0,0.667298573633
-30.0,-5.0,0.670965159466
-30.0,0.0,0.672423420085
-30.0,5.0,0.678009466508
-30.0,10.0,0.679566901667
-30.0,15.0,0.675199913219
-30.0,20.0,0.674481681656
-30.0,25.0,0.67590592414
-30.0,30.0,0.673091268754
-30.0,35.0,0.668496212602
-30.0,40.0,0.664158167466
-30.0,45.0,0.66336493293
-30.0,50.0,0.669501752188
-30.0,55.0,0.666812179541
-30.0,60.0,0.66327882219
-30.0,65.0,0.664589106715
-30.0,70.0,0.659620000538
-30.0,75.0,0.655953657442
-30.0,80.0,0.666211111235
-30.0,85.0,0.667815828958
-30.0,90.0,0.660791149142
-30.0,95.0,0.658283069963
-30.0,100.0,0.654115736175
-25.0,-100.0,0.655566676099
-25.0,-95.0,0.656907213949
-25.0,-90.0,0.658460932859
-25.0,-85.0,0.662530350339
-25.0,-80.0,0.656396962977
-25.0,-75.0,0.660626686794
-25.0,-70.0,0.662210542627
-25.0,-65.0,0.659406729245
-25.0,-60.0,0.663379318813
-25.0,-55.0,0.660952853505
-25.0,-50.0,0.660119873727
-25.0,-45.0,0.666227860812
-25.0,-40.0,0.666276035017
-25.0,-35.0,0.669372601023
-25.0,-30.0,0.671649532863
-25.0,-25.0,0.675559789406
-25.0,-20.0,0.674300058029
-25.0,-15.0,0.675092046765
-25.0,-10.0,0.663986727336
-25.0,-5.0,0.667116115332
-25.0,0.0,0.672517847645
-25.0,5.0,0.679071779334
-25.0,10.0,0.671750704949
-25.0,15.0,0.671533743999
-25.0,20.0,0.67264324456
-25.0,25.0,0.673971199699
-25.0,30.0,0.671939677145
-25.0,35.0,0.669559048277
-25.0,40.0,0.668837141032
-25.0,45.0,0.669786178761
-25.0,50.0,0.670924928585
-25.0,55.0,0.669338781165
-25.0,60.0,0.663918415406
-25.0,65.0,0.65597407644
-25.0,70.0,0.658209099453
-25.0,75.0,0.655493449761
-25.0,80.0,0.662424468086
-25.0,85.0,0.663819977897
-25.0,90.0,0.661374275689
-25.0,95.0,0.661588614799
-25.0,100.0,0.655566676099
-20.0,-100.0,0.660137878846
-20.0,-95.0,0.659245466216
-20.0,-90.0,0.656425092345
-20.0,-85.0,0.657273175407
-20.0,-80.0,0.656583529832
-20.0,-75.0,0.6626970912
-20.0,-70.0,0.660964013265
-20.0,-65.0,0.661514411606
-20.0,-60.0,0.65776883933
-20.0,-55.0,0.658329278036
-20.0,-50.0,0.662239193235
-20.0,-45.0,0.669644788619
-20.0,-40.0,0.667998425181
-20.0,-35.0,0.672066602903
-20.0,-30.0,0.669452327023
-20.0,-25.0,0.672660814092
-20.0,-20.0,0.673984964036
-20.0,-15.0,0.674114555238
-20.0,-10.0,0.672806404203
-20.0,-5.0,0.668952018663
-20.0,0.0,0.670204703131
-20.0,5.0,0.672581913837
-20.0,10.0,0.671691225284
-20.0,15.0,0.673403668117
-20.0,20.0,0.668377646889
-20.0,25.0,0.672099134686
-20.0,30.0,0.666727369348
-20.0,35.0,0.666724681672
-20.0,40.0,0.667865474067
-20.0,45.0,0.667208964337
-20.0,50.0,0.668551727071
-20.0,55.0,0.669909256375
-20.0,60.0,0.664776589964
-20.0,65.0,0.659759656496
-20.0,70.0,0.657825368078
-20.0,75.0,0.658606766093
-20.0,80.0,0.661733703105
-20.0,85.0,0.660267539688
-20.0,90.0,0.658521881642
-20.0,95.0,0.661751958203
-20.0,100.0,0.660137878846
-15.0,-100.0,0.657388343059
-15.0,-95.0,0.656852872304
-15.0,-90.0,0.661392327642
-15.0,-85.0,0.659328251611
-15.0,-80.0,0.660326903467
-15.0,-75.0,0.666846053099
-15.0,-70.0,0.666235733378
-15.0,-65.0,0.664675649563
-15.0,-60.0,0.658347726545
-15.0,-55.0,0.66487375856
-15.0,-50.0,0.66418900088
-15.0,-45.0,0.673089338746
-15.0,-40.0,0.673230003094
-15.0,-35.0,0.670410613651
-15.0,-30.0,0.668406307793
-15.0,-25.0,0.675848716487
-15.0,-20.0,0.678928615932
-15.0,-15.0,0.675008756452
-15.0,-10.0,0.668909957002
-15.0,-5.0,0.669179668897
-15.0,0.0,0.666802716966
-15.0,5.0,0.668072779389
-15.0,10.0,0.669979144261
-15.0,15.0,0.665852352103
-15.0,20.0,0.6676168008
-15.0,25.0,0.671641047268
-15.0,30.0,0.671625563547
-15.0,35.0,0.669793776551
-15.0,40.0,0.668854248873
-15.0,45.0,0.664576594372
-15.0,50.0,0.66297160679
-15.0,55.0,0.666652362132
-15.0,60.0,0.66240267895
-15.0,65.0,0.664478794886
-15.0,70.0,0.666957020814
-15.0,75.0,0.662480789681
-15.0,80.0,0.664397005926
-15.0,85.0,0.669652482956
-15.0,90.0,0.664588084446
-15.0,95.0,0.661909039969
-15.0,100.0,0.657388343059
-10.0,-100.0,0.651510862908
-10.0,-95.0,0.660249854725
-10.0,-90.0,0.665214658239
-10.0,-85.0,0.664353058168
-10.0,-80.0,0.669759901715
-10.0,-75.0,0.664750346579
-10.0,-70.0,0.670806158001
-10.0,-65.0,0.67253792786
-10.0,-60.0,0.667399478762
-10.0,-55.0,0.669374550464
-10.0,-50.0,0.666369925393
-10.0,-45.0,0.675731088116
-10.0,-40.0,0.678147185672
-10.0,-35.0,0.672591897969
-10.0,-30.0,0.669889806151
-10.0,-25.0,0.672963021278
-10.0,-20.0,0.673979637687
-10.0,-15.0,0.672238272717
-10.0,-10.0,0.663487134579
-10.0,-5.0,0.666662689592
-10.0,0.0,0.669454893453
-10.0,5.0,0.663966254876
-10.0,10.0,0.666226109641
-10.0,15.0,0.667943005454
-10.0,20.0,0.671822052593
-10.0,25.0,0.670898190722
-10.0,30.0,0.67176116666
-10.0,35.0,0.670836476765
-10.0,40.0,0.659372504069
-10.0,45.0,0.656676842945
-10.0,50.0,0.666084589205
-10.0,55.0,0.663891031986
-10.0,60.0,0.665873829411
-10.0,65.0,0.666371415429
-10.0,70.0,0.669637989892
-10.0,75.0,0.667861944471
-10.0,80.0,0.66893502412
-10.0,85.0,0.667382127074
-10.0,90.0,0.665255274391
-10.0,95.0,0.660566180478
-10.0,100.0,0.651510862908
-5.0,-100.0,0.65731912519
-5.0,-95.0,0.661647085685
-5.0,-90.0,0.667446116908
-5.0,-85.0,0.668487813424
-5.0,-80.0,0.669451579313
-5.0,-75.0,0.669960762133
-5.0,-70.0,0.671206487306
-5.0,-65.0,0.670940558935
-5.0,-60.0,0.670470720405
-5.0,-55.0,0.670207192105
-5.0,-50.0,0.672915309469
-5.0,-45.0,0.679143319843
-5.0,-40.0,0.684777713217
-5.0,-35.0,0.67834015035
-5.0,-30.0,0.676257229836
-5.0,-25.0,0.673160591681
-5.0,-20.0,0.677069246316
-5.0,-15.0,0.669709540355
-5.0,-10.0,0.662083780579
-5.0,-5.0,0.663052727181
-5.0,0.0,0.665392140909
-5.0,5.0,0.663037166174
-5.0,10.0,0.66599054182
-5.0,15.0,0.667112312943
-5.0,20.0,0.670650087863
-5.0,25.0,0.670551154242
-5.0,30.0,0.669105441486
-5.0,35.0,0.66637090378
-5.0,40.0,0.658442078527
-5.0,45.0,0.658769831558
-5.0,50.0,0.666367826593
-5.0,55.0,0.665664426541
-5.0,60.0,0.671811645638
-5.0,65.0,0.66908501782
-5.0,70.0,0.668440220389
-5.0,75.0,0.66571896156
-5.0,80.0,0.662609335146
-5.0,85.0,0.658463109832
-5.0,90.0,0.65723433052
-5.0,95.0,0.655708117676
-5.0,100.0,0.65731912519
0.0,-100.0,0.658339542754
0.0,-95.0,0.661093701531
0.0,-90.0,0.663229247397
0.0,-85.0,0.662277230645
0.0,-80.0,0.66557377221
0.0,-75.0,0.666072839537
0.0,-70.0,0.664841325279
0.0,-65.0,0.675306266347
0.0,-60.0,0.678814283442
0.0,-55.0,0.677943687821
0.0,-50.0,0.676141006282
0.0,-45.0,0.680927380701
0.0,-40.0,0.683141195819
0.0,-35.0,0.67235097778
0.0,-30.0,0.671919306898
0.0,-25.0,0.673385423153
0.0,-20.0,0.672487060151
0.0,-15.0,0.675015068018
0.0,-10.0,0.665499142205
0.0,-5.0,0.66807821932
0.0,0.0,0.666590640354
0.0,5.0,0.664266059476
0.0,10.0,0.663938811035
0.0,15.0,0.662408484636
0.0,20.0,0.66687897436
0.0,25.0,0.668552596413
0.0,30.0,0.66554595433
0.0,35.0,0.664127136483
0.0,40.0,0.663108176312
0.0,45.0,0.659543343602
0.0,50.0,0.658039164481
0.0,55.0,0.658654083245
0.0,60.0,0.661978862382
0.0,65.0,0.663106635757
0.0,70.0,0.664253668522
0.0,75.0,0.665562800742
0.0,80.0,0.66321324027
0.0,85.0,0.659503172888
0.0,90.0,0.654601500482
0.0,95.0,0.655061111287
0.0,100.0,0.658339542754
5.0,-100.0,0.663850545573
5.0,-95.0,0.664362012347
5.0,-90.0,0.663177319246
5.0,-85.0,0.661854662893
5.0,-80.0,0.663785907167
5.0,-75.0,0.667350292435
5.0,-70.0,0.669850576674
5.0,-65.0,0.679198511816
5.0,-60.0,0.686248351391
5.0,-55.0,0.688209448835
5.0,-50.0,0.683504306116
5.0,-45.0,0.683462849424
5.0,-40.0,0.680036028774
5.0,-35.0,0.67322939133
5.0,-30.0,0.667967711139
5.0,-25.0,0.675157295877
5.0,-20.0,0.673910758995
5.0,-15.0,0.675537346172
5.0,-10.0,0.663171559652
5.0,-5.0,0.663662554215
5.0,0.0,0.659259544108
5.0,5.0,0.661121545029
5.0,10.0,0.664567152862
5.0,15.0,0.666171765887
5.0,20.0,0.667117678245
5.0,25.0,0.67029603425
5.0,30.0,0.666905563903
5.0,35.0,0.664092423734
5.0,40.0,0.668933102748
5.0,45.0,0.666829060279
5.0,50.0,0.662561607091
5.0,55.0,0.655753045467
5.0,60.0,0.65259241007
5.0,65.0,0.658216033666
5.0,70.0,0.665687753974
5.0,75.0,0.668623667388
5.0,80.0,0.668618350948
5.0,85.0,0.668504961858
5.0,90.0,0.659007626597
5.0,95.0,0.655678048735
5.0,100.0,0.663850545573
10.0,-100.0,0.662003500533
10.0,-95.0,0.663056755759
10.0,-90.0,0.661983941642
10.0,-85.0,0.668975305931
10.0,-80.0,0.672112713187
10.0,-75.0,0.67419086377
10.0,-70.0,0.676077060994
10.0,-65.0,0.680627815292
10.0,-60.0,0.683324413562
10.0,-55.0,0.689405506977
10.0,-50.0,0.685340525261
10.0,-45.0,0.681981257227
10.0,-40.0,0.676950505363
10.0,-35.0,0.674968194006
10.0,-30.0,0.673259041304
10.0,-25.0,0.671436701268
10.0,-20.0,0.669624764941
10.0,-15.0,0.670990283979
10.0,-10.0,0.6678241443
10.0,-5.0,0.664577481977
10.0,0.0,0.662313667884
10.0,5.0,0.66299797102
10.0,10.0,0.665869689445
10.0,15.0,0.667198445872
10.0,20.0,0.664467245766
10.0,25.0,0.667831935988
10.0,30.0,0.666401910974
10.0,35.0,0.664998909651
10.0,40.0,0.668078165674
10.0,45.0,0.667821176119
10.0,50.0,0.662745447602
10.0,55.0,0.6547135816
10.0,60.0,0.649293761898
10.0,65.0,0.651548464756
10.0,70.0,0.656315640141
10.0,75.0,0.663822438875
10.0,80.0,0.666347472171
10.0,85.0,0.668470332837
10.0,90.0,0.660581094678
10.0,95.0,0.656014360634
10.0,100.0,0.662003500533
15.0,-100.0,0.667884450059
15.0,-95.0,0.673732887741
15.0,-90.0,0.674189970922
15.0,-85.0,0.672138697125
15.0,-80.0,0.676175355893
15.0,-75.0,0.675325939938
15.0,-70.0,0.675638894764
15.0,-65.0,0.676192753942
15.0,-60.0,0.676084689248
15.0,-55.0,0.687559966611
15.0,-50.0,0.686862650446
15.0,-45.0,0.685697847624
15.0,-40.0,0.675075387787
15.0,-35.0,0.671396792372
15.0,-30.0,0.673290706475
15.0,-25.0,0.670937105622
15.0,-20.0,0.670509130147
15.0,-15.0,0.669168070086
15.0,-10.0,0.669966790915
15.0,-5.0,0.669195481257
15.0,0.0,0.660292616077
15.0,5.0,0.659340182089
15.0,10.0,0.659179502946
15.0,15.0,0.660831150868
15.0,20.0,0.665998376785
15.0,25.0,0.668269406914
15.0,30.0,0.6665846465
15.0,35.0,0.666694796069
15.0,40.0,0.660223124194
15.0,45.0,0.660898507274
15.0,50.0,0.661238874906
15.0,55.0,0.659265564461
15.0,60.0,0.650991842854
15.0,65.0,0.648180191082
15.0,70.0,0.654905523969
15.0,75.0,0.656171510377
15.0,80.0,0.658566732716
15.0,85.0,0.664048449468
15.0,90.0,0.662736239891
15.0,95.0,0.662030716733
15.0,100.0,0.667884450059
20.0,-100.0,0.669512390149
20.0,-95.0,0.6718662076
20.0,-90.0,0.673839313722
20.0,-85.0,0.673334935064
20.0,-80.0,0.676853567017
20.0,-75.0,0.678054075427
20.0,-70.0,0.673750539557
20.0,-65.0,0.677720330025
20.0,-60.0,0.676786589438
20.0,-55.0,0.681280885755
20.0,-50.0,0.684251071675
20.0,-45.0,0.685222184309
20.0,-40.0,0.678747118463
20.0,-35.0,0.675339177102
20.0,-30.0,0.67379758342
20.0,-25.0,0.677534813563
20.0,-20.0,0.669148320286
20.0,-15.0,0.669660331887
20.0,-10.0,0.667867764366
20.0,-5.0,0.666227914727
20.0,0.0,0.660576137816
20.0,5.0,0.658831557958
20.0,10.0,0.66250069705
20.0,15.0,0.668236432201
20.0,20.0,0.66729507404
20.0,25.0,0.668238698362
20.0,30.0,0.671937506491
20.0,35.0,0.666594355688
20.0,40.0,0.661270261697
20.0,45.0,0.659689204707
20.0,50.0,0.666262255544
20.0,55.0,0.663147713981
20.0,60.0,0.663214211398
20.0,65.0,0.655096526036
20.0,70.0,0.65243036167
20.0,75.0,0.655309950142
20.0,80.0,0.660894717814
20.0,85.0,0.657922823237
20.0,90.0,0.663334114619
20.0,95.0,0.664482734452
20.0,100.0,0.669512390149
25.0,-100.0,0.669514023907
25.0,-95.0,0.67359992938
25.0,-90.0,0.669124466158
25.0,-85.0,0.673770830703
25.0,-80.0,0.676549056638
25.0,-75.0,0.677341332054
25.0,-70.0,0.677316336511
25.0,-65.0,0.675364707856
25.0,-60.0,0.677994088935
25.0,-55.0,0.679667885535
25.0,-50.0,0.681132598206
25.0,-45.0,0.680751810346
25.0,-40.0,0.678004492156
25.0,-35.0,0.673319398835
25.0,-30.0,0.673713801996
25.0,-25.0,0.678468394792
25.0,-20.0,0.668098947976
25.0,-15.0,0.670902028837
25.0,-10.0,0.677180680209
25.0,-5.0,0.666684812849
25.0,0.0,0.663398925165
25.0,5.0,0.661273074168
25.0,10.0,0.665086027463
25.0,15.0,0.668408206449
25.0,20.0,0.664923683621
25.0,25.0,0.663957396656
25.0,30.0,0.668092466176
25.0,35.0,0.666092916984
25.0,40.0,0.665923313455
25.0,45.0,0.657640566659
25.0,50.0,0.664454396021
25.0,55.0,0.662225341184
25.0,60.0,0.669724549256
25.0,65.0,0.662592149148
25.0,70.0,0.655007723857
25.0,75.0,0.661464209343
25.0,80.0,0.667561844937
25.0,85.0,0.663850145877
25.0,90.0,0.668056273183
25.0,95.0,0.66578251985
25.0,100.0,0.669514023907
30.0,-100.0,0.672126065049
30.0,-95.0,0.671633333524
30.0,-90.0,0.66971960544
30.0,-85.0,0.675621550935
30.0,-80.0,0.675814707803
30.0,-75.0,0.673467349084
30.0,-70.0,0.67698920499
30.0,-65.0,0.66977811209
30.0,-60.0,0.670209380517
30.0,-55.0,0.670672052191
30.0,-50.0,0.677222613734
30.0,-45.0,0.678128273375
30.0,-40.0,0.671493508316
30.0,-35.0,0.667665407026
30.0,-30.0,0.671258225059
30.0,-25.0,0.671806364743
30.0,-20.0,0.670485309813
30.0,-15.0,0.671356677121
30.0,-10.0,0.676261907315
30.0,-5.0,0.667031632517
30.0,0.0,0.664837679383
30.0,5.0,0.669900258481
30.0,10.0,0.672374937959
30.0,15.0,0.671058002745
30.0,20.0,0.666136746367
30.0,25.0,0.662976355954
30.0,30.0,0.669996831403
30.0,35.0,0.667614201305
30.0,40.0,0.665643765002
30.0,45.0,0.660449009472
30.0,50.0,0.663962363212
30.0,55.0,0.657759379667
30.0,60.0,0.661993794522
30.0,65.0,0.663416003714
30.0,70.0,0.660119325145
30.0,75.0,0.668441452586
30.0,80.0,0.672965013421
30.0,85.0,0.668282461761
30.0,90.0,0.6654959243
30.0,95.0,0.671266789691
30.0,100.0,0.672126065049
35.0,-100.0,0.669621371721
35.0,-95.0,0.66517351499
35.0,-90.0,0.661799697502
35.0,-85.0,0.666019187964
35.0,-80.0,0.666829019226
35.0,-75.0,0.673780240685
35.0,-70.0,0.673069222633
35.0,-65.0,0.668610807182
35.0,-60.0,0.666829905921
35.0,-55.0,0.669531338855
35.0,-50.0,0.671966417238
35.0,-45.0,0.669488581851
35.0,-40.0,0.667425998478
35.0,-35.0,0.668555024303
35.0,-30.0,0.670384932866
35.0,-25.0,0.677815795189
35.0,-20.0,0.675172787399
35.0,-15.0,0.670299013604
35.0,-10.0,0.673205915692
35.0,-5.0,0.672110094667
35.0,0.0,0.667496386376
35.0,5.0,0.676362859631
35.0,10.0,0.679198479084
35.0,15.0,0.678456238527
35.0,20.0,0.670013056894
35.0,25.0,0.673216412757
35.0,30.0,0.678451798742
35.0,35.0,0.671376850016
35.0,40.0,0.664834813152
35.0,45.0,0.659508101073
35.0,50.0,0.665059238127
35.0,55.0,0.66375928074
35.0,60.0,0.669747720509
35.0,65.0,0.666876204064
35.0,70.0,0.66321664268
35.0,75.0,0.669507404892
35.0,80.0,0.675040459344
35.0,85.0,0.668504716062
35.0,90.0,0.66536554889
35.0,95.0,0.668654570583
35.0,100.0,0.669621371721
40.0,-100.0,0.659398843658
40.0,-95.0,0.658985452632
40.0,-90.0,0.651650185562
40.0,-85.0,0.655203252017
40.0,-80.0,0.65971388161
40.0,-75.0,0.66974460648
40.0,-70.0,0.669895114037
40.0,-65.0,0.665481350505
40.0,-60.0,0.659455502221
40.0,-55.0,0.658410074418
40.0,-50.0,0.664674734857
40.0,-45.0,0.666639150515
40.0,-40.0,0.659182714505
40.0,-35.0,0.659759176747
40.0,-30.0,0.663467541975
40.0,-25.0,0.670925440192
40.0,-20.0,0.672604579682
40.0,-15.0,0.677905785005
40.0,-10.0,0.671645510642
40.0,-5.0,0.671968050278
40.0,0.0,0.677139381148
40.0,5.0,0.681394913338
40.0,10.0,0.677053811024
40.0,15.0,0.673934716783
40.0,20.0,0.676619080207
40.0,25.0,0.675165119582
40.0,30.0,0.6710796573
40.0,35.0,0.668009854915
40.0,40.0,0.661483116936
40.0,45.0,0.660903244528
40.0,50.0,0.664165215529
40.0,55.0,0.661384170668
40.0,60.0,0.662032160158
40.0,65.0,0.659704786517
40.0,70.0,0.656147926186
40.0,75.0,0.660002340976
40.0,80.0,0.667504394325
40.0,85.0,0.661050400613
40.0,90.0,0.661553281302
40.0,95.0,0.661791044565
40.0,100.0,0.659398843658
45.0,-100.0,0.660239781994
45.0,-95.0,0.660883002613
45.0,-90.0,0.654982048731
45.0,-85.0,0.661369353852
45.0,-80.0,0.663511193894
45.0,-75.0,0.664142798022
45.0,-70.0,0.659458170265
45.0,-65.0,0.653149168716
45.0,-60.0,0.653323487683
45.0,-55.0,0.653325086753
45.0,-50.0,0.657346264481
45.0,-45.0,0.657436393137
45.0,-40.0,0.655550838411
45.0,-35.0,0.655780883003
45.0,-30.0,0.655705929303
45.0,-25.0,0.659605323457
45.0,-20.0,0.664904281587
45.0,-15.0,0.667175496455
45.0,-10.0,0.668649396967
45.0,-5.0,0.673452899976
45.0,0.0,0.675478503275
45.0,5.0,0.680080923947
45.0,10.0,0.669899378962
45.0,15.0,0.662378850426
45.0,20.0,0.667847877274
45.0,25.0,0.661514991434
45.0,30.0,0.664468649686
45.0,35.0,0.657862450167
45.0,40.0,0.651903131348
45.0,45.0,0.651335914937
45.0,50.0,0.653058141754
45.0,55.0,0.653343044319
45.0,60.0,0.648706911829
45.0,65.0,0.651946901064
45.0,70.0,0.647069521816
45.0,75.0,0.653258196425
45.0,80.0,0.65486852679
45.0,85.0,0.658400713439
45.0,90.0,0.658020028561
45.0,95.0,0.658144066445
45.0,100.0,0.660239781994
50.0,-100.0,0.660800816667
50.0,-95.0,0.659257026157
50.0,-90.0,0.658315357897
50.0,-85.0,0.661449087106
50.0,-80.0,0.65568689707
50.0,-75.0,0.652678115048
50.0,-70.0,0.644790109419
50.0,-65.0,0.641025834822
50.0,-60.0,0.642587564402
50.0,-55.0,0.644406910368
50.0,-50.0,0.651354586769
50.0,-45.0,0.653289271854
50.0,-40.0,0.650744012267
50.0,-35.0,0.651996353778
50.0,-30.0,0.649738673921
50.0,-25.0,0.653518102584
50.0,-20.0,0.65593140263
50.0,-15.0,0.658441052159
50.0,-10.0,0.666717196477
50.0,-5.0,0.665358003673
50.0,0.0,0.666159324077
50.0,5.0,0.667441925988
50.0,10.0,0.658878517536
50.0,15.0,0.653601442262
50.0,20.0,0.65860717893
50.0,25.0,0.653851043986
50.0,30.0,0.65094796116
50.0,35.0,0.644713001244
50.0,40.0,0.643822214257
50.0,45.0,0.641561638666
50.0,50.0,0.647959285124
50.0,55.0,0.641531053343
50.0,60.0,0.63710699527
50.0,65.0,0.644522692961
50.0,70.0,0.650182416974
50.0,75.0,0.654912647947
50.0,80.0,0.657219774046
50.0,85.0,0.655677908272
50.0,90.0,0.652012463349
50.0,95.0,0.654249230615
50.0,100.0,0.660800816667
55.0,-100.0,0.653667689634
55.0,-95.0,0.657986565192
55.0,-90.0,0.656103287668
55.0,-85.0,0.650240631095
55.0,-80.0,0.64536679904
55.0,-75.0,0.643520808966
55.0,-70.0,0.639061088146
55.0,-65.0,0.639501868647
55.0,-60.0,0.639161102423
55.0,-55.0,0.63887310942
55.0,-50.0,0.643340887808
55.0,-45.0,0.648699453882
55.0,-40.0,0.648159554022
55.0,-35.0,0.642243910656
55.0,-30.0,0.643867850572
55.0,-25.0,0.645505372981
55.0,-20.0,0.64492337613
55.0,-15.0,0.650391587184
55.0,-10.0,0.658628672082
55.0,-5.0,0.661936601936
55.0,0.0,0.662598761596
55.0,5.0,0.661359944379
55.0,10.0,0.653322616423
55.0,15.0,0.654237481576
55.0,20.0,0.653843505009
55.0,25.0,0.653215538629
55.0,30.0,0.653555996334
55.0,35.0,0.649438125225
55.0,40.0,0.645526182898
55.0,45.0,0.639908882103
55.0,50.0,0.639489398664
55.0,55.0,0.638848856504
55.0,60.0,0.641124876987
55.0,65.0,0.646728028786
55.0,70.0,0.649744580951
55.0,75.0,0.65152870106
55.0,80.0,0.655255289029
55.0,85.0,0.65145233496
55.0,90.0,0.6459696039
55.0,95.0,0.647634407115
55.0,100.0,0.653667689634
60.0,-100.0,0.65014668515
60.0,-95.0,0.653461095692
60.0,-90.0,0.653472614671
60.0,-85.0,0.641632489779
60.0,-80.0,0.63410750688
60.0,-75.0,0.637901773958
60.0,-70.0,0.638953279731
60.0,-65.0,0.63382451003
60.0,-60.0,0.637747216273
60.0,-55.0,0.636611188514
60.0,-50.0,0.643955624668
60.0,-45.0,0.6513389333
60.0,-40.0,0.650712095328
60.0,-35.0,0.644369325813
60.0,-30.0,0.645096007661
60.0,-25.0,0.643419110835
60.0,-20.0,0.642839245093
60.0,-15.0,0.641792185905
60.0,-10.0,0.644559145699
60.0,-5.0,0.650630574281
60.0,0.0,0.652830575191
60.0,5.0,0.656033014305
60.0,10.0,0.653517636299
60.0,15.0,0.649506450586
60.0,20.0,0.64606571809
60.0,25.0,0.655686207544
60.0,30.0,0.661042463596
60.0,35.0,0.649890965026
60.0,40.0,0.642922860625
60.0,45.0,0.643944318975
60.0,50.0,0.641999352058
60.0,55.0,0.64252788801
60.0,60.0,0.64219878749
60.0,65.0,0.646762637664
60.0,70.0,0.647366913043
60.0,75.0,0.648860237421
60.0,80.0,0.645314463595
60.0,85.0,0.648323693796
60.0,90.0,0.649532611846
60.0,95.0,0.652234789339
60.0,100.0,0.65014668515
65.0,-100.0,0.647614240909
65.0,-95.0,0.64973439967
65.0,-90.0,0.653175958082
65.0,-85.0,0.648622399125
65.0,-80.0,0.635323171304
65.0,-75.0,0.638910301693
65.0,-70.0,0.642873589116
65.0,-65.0,0.637323248046
65.0,-60.0,0.627846300518
65.0,-55.0,0.634038980311
65.0,-50.0,0.6442011586
65.0,-45.0,0.645676970401
65.0,-40.0,0.648920355895
65.0,-35.0,0.646774042954
65.0,-30.0,0.648069100887
65.0,-25.0,0.643666757377
65.0,-20.0,0.638597470567
65.0,-15.0,0.633793531789
65.0,-10.0,0.633638729672
65.0,-5.0,0.641582211125
65.0,0.0,0.647314870496
65.0,5.0,0.651074243564
65.0,10.0,0.644929960655
65.0,15.0,0.645352059827
65.0,20.0,0.64793653689
65.0,25.0,0.652511634286
65.0,30.0,0.655212084337
65.0,35.0,0.648893035354
65.0,40.0,0.647633343039
65.0,45.0,0.644715265542
65.0,50.0,0.6452074472
65.0,55.0,0.647500195575
65.0,60.0,0.647260042564
65.0,65.0,0.65108324843
65.0,70.0,0.650497617791
65.0,75.0,0.649452239121
65.0,80.0,0.649378896607
65.0,85.0,0.646912510962
65.0,90.0,0.646793034825
65.0,95.0,0.649380824891
65.0,100.0,0.647614240909
70.0,-100.0,0.640454078617
70.0,-95.0,0.645580492412
70.0,-90.0,0.64636245509
70.0,-85.0,0.638390196152
70.0,-80.0,0.630902080242
70.0,-75.0,0.633644079199
70.0,-70.0,0.639994810093
70.0,-65.0,0.64152104899
70.0,-60.0,0.629757631164
70.0,-55.0,0.628040686584
70.0,-50.0,0.636239358031
70.0,-45.0,0.647128242459
70.0,-40.0,0.653508870365
70.0,-35.0,0.652565026767
70.0,-30.0,0.651740013758
70.0,-25.0,0.648367939841
70.0,-20.0,0.645860733465
70.0,-15.0,0.636279218754
70.0,-10.0,0.629443376798
70.0,-5.0,0.639030515738
70.0,0.0,0.637725414525
70.0,5.0,0.640550298947
70.0,10.0,0.640318373966
70.0,15.0,0.64157175261
70.0,20.0,0.64572021788
70.0,25.0,0.642056200227
70.0,30.0,0.645321354347
70.0,35.0,0.646266421575
70.0,40.0,0.639681444429
70.0,45.0,0.639639447126
70.0,50.0,0.64429813272
70.0,55.0,0.651812177861
70.0,60.0,0.647175090734
70.0,65.0,0.646381028277
70.0,70.0,0.652760322216
70.0,75.0,0.646704407022
70.0,80.0,0.646621458649
70.0,85.0,0.648842248472
70.0,90.0,0.647775255498
70.0,95.0,0.644542925891
70.0,100.0,0.640454078617
75.0,-100.0,0.634802376727
75.0,-95.0,0.634161862438
75.0,-90.0,0.632420297635
75.0,-85.0,0.625237906891
75.0,-80.0,0.626817817151
75.0,-75.0,0.629127718755
75.0,-70.0,0.631680056815
75.0,-65.0,0.629731433686
75.0,-60.0,0.629925893293
75.0,-55.0,0.630204543903
75.0,-50.0,0.631062825218
75.0,-45.0,0.641705209348
75.0,-40.0,0.647961353421
75.0,-35.0,0.650964944417
75.0,-30.0,0.648343478894
75.0,-25.0,0.646833368812
75.0,-20.0,0.646075554945
75.0,-15.0,0.637326710483
75.0,-10.0,0.632745363586
75.0,-5.0,0.635239099795
75.0,0.0,0.638269980512
75.0,5.0,0.638764721279
75.0,10.0,0.639133956865
75.0,15.0,0.643467966097
75.0,20.0,0.644694539503
75.0,25.0,0.644525578908
75.0,30.0,0.646953655815
75.0,35.0,0.652587084989
75.0,40.0,0.648174640517
75.0,45.0,0.63853295582
75.0,50.0,0.640193443531
75.0,55.0,0.649348756614
75.0,60.0,0.649829900174
75.0,65.0,0.643081817313
75.0,70.0,0.642027708777
75.0,75.0,0.643782373869
75.0,80.0,0.644041332683
75.0,85.0,0.641096836828
75.0,90.0,0.644880990855
75.0,95.0,0.643702556279
75.0,100.0,0.634802376727
80.0,-100.0,0.633211724368
80.0,-95.0,0.62715488357
80.0,-90.0,0.62530765495
80.0,-85.0,0.623967475642
80.0,-80.0,0.625242387957
80.0,-75.0,0.628566487636
80.0,-70.0,0.62823695129
80.0,-65.0,0.628580732279
80.0,-60.0,0.630600823929
80.0,-55.0,0.630736902651
80.0,-50.0,0.629722987962
80.0,-45.0,0.637455618627
80.0,-40.0,0.649206664467
80.0,-35.0,0.656216544418
80.0,-30.0,0.648318816257
80.0,-25.0,0.644499812867
80.0,-20.0,0.639089660862
80.0,-15.0,0.631400054245
80.0,-10.0,0.633362436013
80.0,-5.0,0.632021705506
80.0,0.0,0.631612252014
80.0,5.0,0.639553185833
80.0,10.0,0.637789432834
80.0,15.0,0.646486130143
80.0,20.0,0.650066382522
80.0,25.0,0.652737018622
80.0,30.0,0.651038760146
80.0,35.0,0.650267294054
80.0,40.0,0.646802187937
80.0,45.0,0.634067905744
80.0,50.0,0.637309298792
80.0,55.0,0.645288710237
80.0,60.0,0.646952773609
80.0,65.0,0.644583672278
80.0,70.0,0.641935311478
80.0,75.0,0.641675823386
80.0,80.0,0.640417178034
80.0,85.0,0.636638553902
80.0,90.0,0.636748565856
80.0,95.0,0.633759585689
80.0,100.0,0.633211724368
85.0,-100.0,0.631021849974
85.0,-95.0,0.625421949894
85.0,-90.0,0.624849293203
85.0,-85.0,0.628034555211
85.0,-80.0,0.628081869809
85.0,-75.0,0.63019154171
85.0,-70.0,0.627974873186
85.0,-65.0,0.627122146634
85.0,-60.0,0.630702820005
85.0,-55.0,0.630938213191
85.0,-50.0,0.633106302256
85.0,-45.0,0.636871661813
85.0,-40.0,0.642621014348
85.0,-35.0,0.651931241288
85.0,-30.0,0.645509513257
85.0,-25.0,0.634997124263
85.0,-20.0,0.634133590481
85.0,-15.0,0.637284781721
85.0,-10.0,0.636087760952
85.0,-5.0,0.634691505558
85.0,0.0,0.635281727688
85.0,5.0,0.638952768899
85.0,10.0,0.638080598683
85.0,15.0,0.644591514837
85.0,20.0,0.648919739
85.0,25.0,0.649073608961
85.0,30.0,0.653538388063
85.0,35.0,0.648828160326
85.0,40.0,0.647205664259
85.0,45.0,0.642033435688
85.0,50.0,0.63943411164
85.0,55.0,0.64712990433
85.0,60.0,0.647810480492
85.0,65.0,0.64687450959
85.0,70.0,0.647401654898
85.0,75.0,0.642694690431
85.0,80.0,0.641236177044
85.0,85.0,0.637771603667
85.0,90.0,0.638526668356
85.0,95.0,0.637278481013
85.0,100.0,0.631021849974
90.0,-100.0,0.626336595985
90.0,-95.0,0.620220935937
90.0,-90.0,0.622482859166
90.0,-85.0,0.622873189024
90.0,-80.0,0.622160385559
90.0,-75.0,0.623954658903
90.0,-70.0,0.625788414419
90.0,-65.0,0.624243819414
90.0,-60.0,0.624523213165
90.0,-55.0,0.626784432853
90.0,-50.0,0.635528206727
90.0,-45.0,0.64010182517
90.0,-40.0,0.64694825439
90.0,-35.0,0.650767616899
90.0,-30.0,0.645351769217
90.0,-25.0,0.635783628333
90.0,-20.0,0.635571260645
90.0,-15.0,0.637814773362
90.0,-10.0,0.639261408875
90.0,-5.0,0.629278122247
90.0,0.0,0.625473978814
90.0,5.0,0.633696283545
90.0,10.0,0.634358842865
90.0,15.0,0.642528625124
90.0,20.0,0.646020912579
90.0,25.0,0.648641315308
90.0,30.0,0.649031213441
90.0,35.0,0.65275093355
90.0,40.0,0.649747550755
90.0,45.0,0.649803085444
90.0,50.0,0.643146318679
90.0,55.0,0.640499672495
90.0,60.0,0.640699661758
90.0,65.0,0.646877532353
90.0,70.0,0.647546581736
90.0,75.0,0.640142780703
90.0,80.0,0.63870252968
90.0,85.0,0.642475808261
90.0,90.0,0.642363733087
90.0,95.0,0.63619732995
90.0,100.0,0.626336595985
95.0,-100.0,0.62185546015
95.0,-95.0,0.61071043916
95.0,-90.0,0.609080447909
95.0,-85.0,0.614108477582
95.0,-80.0,0.614225693879
95.0,-75.0,0.617090840204
95.0,-70.0,0.619405018254
95.0,-65.0,0.625561159536
95.0,-60.0,0.627459044249
95.0,-55.0,0.626730109671
95.0,-50.0,0.635675178093
95.0,-45.0,0.643517694351
95.0,-40.0,0.643442473709
95.0,-35.0,0.643415220473
95.0,-30.0,0.643343950751
95.0,-25.0,0.634546474233
95.0,-20.0,0.632155276777
95.0,-15.0,0.636835981345
95.0,-10.0,0.640851508158
95.0,-5.0,0.634152498501
95.0,0.0,0.631330430628
95.0,5.0,0.636772926486
95.0,10.0,0.636067176676
95.0,15.0,0.646538417524
95.0,20.0,0.645529155747
95.0,25.0,0.650131475417
95.0,30.0,0.648810975232
95.0,35.0,0.654911289392
95.0,40.0,0.656523252676
95.0,45.0,0.651087654385
95.0,50.0,0.648468196747
95.0,55.0,0.645363396458
95.0,60.0,0.646037103268
95.0,65.0,0.647075185992
95.0,70.0,0.645740794062
95.0,75.0,0.644365762656
95.0,80.0,0.642097071917
95.0,85.0,0.636638214497
95.0,90.0,0.634294308426
95.0,95.0,0.630710138792
95.0,100.0,0.62185546015
100.0,-100.0,0.616570295592
100.0,-95.0,0.608109329855
100.0,-90.0,0.610401375148
100.0,-85.0,0.614623402465
100.0,-80.0,0.618709594957
100.0,-75.0,0.617284396585
100.0,-70.0,0.619590162538
100.0,-65.0,0.62694762369
100.0,-60.0,0.625731013846
100.0,-55.0,0.627385882013
100.0,-50.0,0.630566812186
100.0,-45.0,0.638270199521
100.0,-40.0,0.641713570333
100.0,-35.0,0.640439653543
100.0,-30.0,0.638997734045
100.0,-25.0,0.63948813974
100.0,-20.0,0.638049485752
100.0,-15.0,0.641151770882
100.0,-10.0,0.642432303833
100.0,-5.0,0.644770682624
100.0,0.0,0.6429087937
100.0,5.0,0.638532924631
100.0,10.0,0.638827278956
100.0,15.0,0.646948393392
100.0,20.0,0.650581513452
100.0,25.0,0.652513623344
100.0,30.0,0.657180307604
100.0,35.0,0.659403631068
100.0,40.0,0.661853216619
100.0,45.0,0.657774352702
100.0,50.0,0.650342399672
100.0,55.0,0.648180850689
100.0,60.0,0.651836104205
100.0,65.0,0.647946877025
100.0,70.0,0.643798808397
100.0,75.0,0.641330374052
100.0,80.0,0.635925177373
100.0,85.0,0.632839254597
100.0,90.0,0.6278097027
100.0,95.0,0.62528995768
100.0,100.0,0.616570295592
