265.94378754
261.488282358
321.066094147
143.375550496
120.730005076
222.473106731
21.8902133327
249.423389815
311.47774426
54.1453984989
309.824536721
55.0353162338
177.295326327
321.752405995
1.74938848489
11.8528357493
233.095397678
263.644940497
284.757969818
217.482189515
349.236167627
25.2704382791
229.206392225
62.4994776034
1.02716347345
265.624144472
292.926612587
248.54532452
81.5731726098
299.921115277
235.518270996
8.76410771606
321.098349213
286.930730515
119.326922965
324.072272304
96.1684611528
329.697865162
127.110045199
36.4661470665
290.951089823
82.5484390993
208.993552863
215.695484402
111.929191662
250.274122175
295.755200279
174.642996461
19.6773077167
306.82439665
285.086257886
358.756905051
177.35218661
4.67788309559
240.954920941
328.777707475
18.1536450765
219.159183676
128.941697825
25.8640266563
329.776083717
130.738406715
178.936403513
45.2814484748
348.8146654
278.686187699
13.1557221711
350.478266373
242.716235729
155.7908438
172.422182474
247.614575831
137.614280016
235.235344504
34.2812176514
105.103890254
302.912830054
121.01084057
13.2469306641
38.7483695244
230.780208292
230.50410779
320.862386335
314.110798002
20.5075411318
278.276817607
100.263434349
169.390811797
124.533961573
108.540821501
280.384156599
324.103648269
148.979434667
153.166015062
316.464773871
15.0397631707
308.154024011
273.923785568
63.8988450674
351.744944229
319.899415686
334.542574318
340.48423254
144.946982092
42.2214708528
345.586716382
318.630879843
80.3554880158
324.947606368
108.550777788
132.079517438
187.681207126
71.9827744782
241.1408108
55.0469015624
63.8716531362
103.464852076
130.57875914
89.4152905899
97.9269941977
24.8400853766
213.382424133
347.515944782
327.391089845
279.657259393
328.702216422
169.112181733
339.764930162
172.552284436
279.460776158
165.426365876
253.260513331
354.046398417
102.740789957
337.670322851
180.327255183
172.663045813
11.0539423364
43.7480012032
312.35392026
38.5318050236
37.3225627886
34.1250653435
339.138988057
195.954116651
193.964094133
33.6962634603
34.3620992991
244.298098962
154.645119983
172.553032425
232.719791162
327.267286566
98.575055572
310.913585005
7.76062252099
144.380922513
249.332028547
91.8390893562
217.727300495
74.3759255973
175.904886346
194.5119314
243.423206496
119.418383073
91.6518098661
29.2856639448
61.0890109206
9.54529567508
329.484317903
296.719282951
82.1097068986
122.754687999
69.5267389273
284.641306528
194.775003302
79.5813432487
130.162136178
268.312789149
111.792146353
223.898856482
288.510258398
341.715179732
91.657014852
250.755563139
220.586522286
212.697091181
223.342696835
57.8563187237
202.099535678
6.53812986339
101.195633313
242.70751791
52.5684029431
86.6130165347
265.367671251
123.407383578
68.9918342088
265.822967071
345.776941426
59.9928544317
26.1726370907
20.3184401672
307.95633419
31.291676284
85.3243529966
231.102656705
11.9394509793
80.888590326
357.307532891
119.673298799
294.269365759
101.609261408
84.5199296716
49.1728859198
1.99176711013
110.920039255
26.9516802418
187.412104802
338.274628241
71.0157136955
347.837148999
18.8643958008
358.084520866
347.718710558
357.307536383
119.673234206
294.26943353
101.609261408
84.5199296716
49.1728859198
1.99176452631
110.919969813
26.9517465093
187.412031081
338.274628241
71.0157378796
347.837148999
18.8643958008
358.084595166
347.718783199
250.423897994
250.423897994
250.423968038
250.423968038
