211.311610623
2.25790306759
192.517889693
87.0637335507
202.469068238
357.691504207
316.720591127
259.502421922
336.568483181
81.7445630283
10.5721582884
315.595734336
49.0883391396
266.603260163
176.644217235
242.755968677
131.656481028
282.378253547
142.125563232
180.898384832
153.749547558
20.1472616868
1.47064531351
56.2672516348
344.798676364
119.599493889
208.392202816
276.238748723
19.0195509784
99.8152393314
340.521682346
105.307971602
117.129124084
264.812056035
228.772673266
200.883113425
302.330283192
137.922081683
238.683893451
238.702204512
180.016801256
281.677217848
57.8877696963
263.904212646
315.512259225
272.903235788
74.0348099548
176.365838185
251.211473793
28.4291992489
144.136788617
204.38955976
293.028382717
140.197236868
52.3344985631
119.626677454
206.276152507
149.914217069
336.140879609
58.08709919
274.286910784
136.924588682
80.2594816881
199.225487833
75.9048415158
1.44922663755
17.3984043782
179.994498697
353.283294575
205.491806911
252.604110244
316.318040198
44.3616970583
183.933250651
216.685060997
180.896451306
217.506634445
333.772820598
75.5612207908
336.732637052
241.627756277
12.7244937002
304.362285369
301.099367131
263.456782161
346.879888221
281.914525443
75.5650568268
159.330935522
141.362483448
107.857926896
91.2613128034
81.0870833862
145.417207746
266.577045271
307.84901362
290.506570958
184.10538293
43.0997302976
224.584829887
42.8534218492
24.755929183
272.240047394
229.567870077
215.745340762
160.372512559
273.805685383
318.449182931
100.576672663
39.4596128026
114.637041695
119.524050914
221.09088695
78.9597968476
120.548057438
356.935131771
66.8218612041
289.73158623
47.8406037545
343.436751683
122.531896134
278.606928057
126.525131006
13.8665214577
61.9172407546
56.7106846371
212.050860017
337.44305122
70.3416452374
207.689336192
45.024785673
285.736965408
17.0047830062
172.942804007
37.3730948596
127.53323919
184.335817725
29.2008167535
160.971488819
233.93148335
1.10558904894
51.6550661032
212.22385236
353.878268768
171.884790069
218.472287708
36.6390875554
267.687336949
339.634495415
256.195648329
228.801434083
85.2713882734
325.191752839
58.3562115501
186.258427236
119.12480776
244.281391864
96.7393134537
354.367738717
334.045428342
296.77078232
323.788358864
33.6861912076
295.947914568
295.93208718
154.430040472
300.301938845
208.628472653
219.071883225
294.322468859
317.518086794
176.081804984
63.1942169086
146.115868336
49.7727743316
210.505431488
235.783992335
121.955312213
312.373507162
82.8553014595
89.2741968038
352.320570341
264.9247146
251.549899637
159.329013592
92.202402444
260.619013477
172.081031126
157.82863596
4.79127004782
196.419589594
316.035170041
194.929712371
119.688799257
318.728418396
310.252021737
219.957627092
177.28111478
278.825794897
319.282550315
268.028955413
148.176650363
145.859372168
256.591825533
70.8088450349
284.194254518
287.303223214
102.655820279
124.374441933
199.419953204
26.2340448796
163.044507004
56.257354662
187.566032107
83.0937981097
200.202562513
350.122428066
29.3583852906
330.580067906
332.874225851
260.096554358
257.920881993
50.614008575
138.395400185
309.627174855
56.2572928437
187.566041896
83.0937243072
200.202588186
350.122440819
29.358348843
330.580067906
332.874358181
260.096554358
257.920850879
50.614008575
138.395400185
309.627174855
173.184634569
173.184634569
173.184625746
173.184625746
