89.5990707054
115.813030162
133.078711169
338.578757513
15.3876162606
144.652923525
216.606993822
238.323602439
318.857329597
297.358917017
250.10289228
220.920304059
302.042124772
121.849590957
177.039875415
51.0406979469
211.616400288
219.498864499
284.459046081
207.799631233
68.1044821213
148.512268337
78.5697123548
353.510917097
236.916707112
358.105199973
206.827597259
275.021239957
328.546623497
318.466117583
136.534620783
1.97907931617
345.945996429
181.265105472
247.817550233
243.442429341
337.353665745
243.15484397
33.5346638987
258.58526528
337.878589945
254.861994255
22.0439804555
133.930448247
29.8099445467
306.055090089
246.598309813
157.932119524
331.708091797
105.231522037
106.513617078
86.7682230211
192.468643793
40.7726284484
300.114698416
61.8786113737
185.489923806
77.0826245781
167.386160484
184.39494219
163.393890561
180.265996313
99.6041666647
226.77197079
143.239979892
162.024956451
318.900696374
227.802292904
343.432018226
198.980858958
111.795240399
146.356139029
145.677666391
44.1325999962
29.8193107763
97.6423943765
237.637171252
182.446034515
197.6627728
335.70105402
243.785570834
223.537394845
5.15154823872
191.078875336
282.563867867
49.6556612828
20.1944962443
132.253455848
201.89673277
284.01015321
220.254227703
233.839475972
26.6158438393
72.0555954735
251.945999426
287.549794502
345.190275553
93.1245058741
60.747995339
288.68138836
31.8801623063
297.990618911
129.795900286
314.407630362
166.525665759
187.194371965
328.084196339
294.175365982
39.5117191625
299.218189875
34.248946714
226.021588797
14.3418268241
87.8829290748
166.795211745
24.1106963264
333.189591394
344.283238389
356.072860989
233.433708817
170.585140918
10.6224307417
164.021681735
250.673705728
192.542393735
197.427066917
263.587115494
96.0925332797
234.361581541
76.5738870468
309.817000445
342.076448994
244.377793556
284.272105393
246.827497287
160.152240035
315.519875549
279.214354574
205.915728582
217.243765932
347.866872078
201.366411255
269.31529446
85.4132985638
117.36392917
107.184758686
305.468657849
331.742593694
343.404701535
271.807998522
86.6048530374
288.298443771
75.2994459747
108.963573474
72.7671715469
254.052388172
122.049457337
164.604223778
26.345763624
339.121152474
88.2233146394
167.312252123
173.315635476
113.080958588
44.9750106358
319.618325774
92.0897703381
200.45322467
38.5182558368
52.4272560105
242.095362076
178.791110423
81.9046133467
339.071400831
119.754701642
67.1832207438
241.168434864
211.678832692
178.918706975
175.80202555
157.093945813
285.166125811
84.0676280022
97.3453291618
288.598124879
317.692760739
137.328849402
119.385511957
23.4712775466
78.524562675
13.9725234184
45.3427696286
193.883061058
26.6285275145
164.934599663
75.9098450917
142.549511709
44.5791130147
27.5147210659
309.458738507
301.318046837
270.266144995
312.596373524
321.457409016
188.947919812
126.885707389
248.695119546
244.425068816
309.372522399
238.183663728
100.999792767
222.820136223
8.0839162781
149.568346612
275.104151308
288.002544305
221.632681184
71.069340417
86.8799787291
310.745260678
191.75288096
113.934175348
102.410604465
141.962838783
184.956758868
238.1837269
100.999719791
222.820136223
8.08389536969
149.568308957
275.104225356
288.002544305
221.632730574
71.069340417
86.8799827753
310.745309201
191.752808177
113.934145188
102.410588488
141.962838783
184.956684804
195.101261078
195.101189304
195.101208672
195.101352221
