222.38440133
330.412548816
148.658353944
278.583025084
352.798066901
119.237100587
174.89248846
86.6278363453
136.730896058
53.2593087628
234.125547035
274.610455101
326.87266829
284.435939338
100.347076443
61.2964553852
68.1384561539
151.023134274
210.428762348
205.804842773
299.418659501
261.010346771
280.771542155
271.638942273
191.125150072
300.609530805
55.9331223508
278.872650721
5.32205463142
104.537905295
12.3281679095
90.9660448863
18.8812950163
252.216263822
357.895129309
51.5526425347
95.6520842213
265.351579302
44.4145960236
323.320715375
19.2592844565
30.8245792677
296.71978165
351.59173992
207.297787743
198.579461649
236.976953662
235.06574051
43.9012674545
11.6132051873
235.118518944
49.1001766026
241.184431526
57.1812729388
255.09390831
257.577372763
48.0819054958
89.6955682739
321.48603709
61.2378981256
69.4480790857
60.7685221295
40.3249590383
331.286191025
290.869458938
352.1750018
242.092655225
306.37288042
215.904804327
98.3663685313
341.623864788
163.673163357
11.7505739967
185.196410229
171.210610352
205.763899436
122.368112797
282.402444317
128.140393233
142.639142359
333.859363231
329.911083993
33.9274465936
344.245580197
68.8237394178
321.156795721
342.294942378
169.858481593
177.799384729
41.1905059076
128.014594782
31.477560069
105.152027466
86.1096430709
9.18121210109
356.20265956
90.3656159347
87.5404593345
156.581568673
172.09312161
85.9484088573
272.706904955
68.809747276
144.087304829
332.213305364
189.895255422
340.182800224
168.974072999
132.217879044
264.837146975
352.979291368
123.876569606
177.008013142
198.915583744
131.39745101
225.860999228
348.30314089
41.1282287547
91.0051551196
36.3328514261
22.5381516962
139.034047613
189.750438702
228.898930497
336.238246627
216.774606099
109.995069505
153.36823098
344.338560635
326.817263232
119.917770464
221.421599803
230.235889153
111.928843042
195.441342829
86.465234579
83.7910064892
32.6257388646
16.6523048178
25.5932855275
179.844030488
318.961274169
222.299835429
337.540442219
131.95985704
14.5227954406
202.891748665
236.516110018
303.815821409
280.771103962
199.826758785
299.941712681
171.146368419
169.6200425
281.922428098
135.650355242
219.228107855
136.487255355
245.505580979
38.4257461747
270.74120983
76.2384758601
30.0256451807
94.7936183825
50.9557006126
279.664875095
267.348912188
262.390009501
125.964829074
316.345357001
27.0738449299
224.781475592
105.912361221
132.227314293
306.332635635
206.436103666
221.424858801
276.289693855
143.59289321
358.742478844
97.2934471068
206.802408509
138.787209305
231.671712951
309.102059191
131.194284149
157.164465684
78.8971099735
101.456676817
206.349744952
114.830712099
33.0941931163
316.947255667
74.3472357367
350.873600344
181.726778642
175.205896979
118.179625732
234.401602959
275.343676932
309.649251966
229.276652649
171.597222692
169.016104929
348.886805752
36.6821986659
92.4522491038
359.926550108
10.1542054169
128.059558361
349.084479424
257.488375639
284.224680991
261.467270502
333.236764669
44.1709261995
80.0229280331
349.67302452
255.215665616
152.256967708
306.06940211
165.434281078
105.049470449
86.1086320876
127.828998164
128.059499826
349.084479424
257.488375639
284.224680991
261.467344021
333.236764669
44.170874398
80.0229280331
349.673097658
255.215646645
152.256967708
306.06944588
165.434209125
105.049431843
86.1086371328
127.828952569
225.340377373
225.340325118
225.340430252
225.340430252
