125.50162305
321.553646793
46.2118903477
227.036177016
238.794383937
80.0577023374
71.8027040394
195.307736862
326.213374881
350.275398428
268.187836004
317.99054066
50.1503677091
263.043697899
243.748467056
346.36144198
101.229638703
285.793742478
45.1358875831
314.964096276
190.687186691
322.586030155
220.094642298
302.065938828
87.5720071357
265.030104707
6.21938703177
143.739212094
107.780116333
85.4165414028
108.723597779
353.034414557
20.6051714593
42.372929525
266.821293601
97.172043354
213.535870091
309.376853413
13.453394938
8.46593802378
55.1403655011
161.121154606
221.453808575
358.056254408
212.565510948
181.401039315
38.6421954814
73.6641356157
317.001067279
254.575185838
251.783126929
48.658777044
325.345754459
302.172976309
187.964977792
115.63170733
205.634633467
97.9022680105
172.815886322
16.3658030025
151.006857843
212.58642222
110.658104404
182.270957875
229.826317276
266.772742593
87.405694745
331.903804542
290.051994503
349.259324754
337.630868272
216.547783464
77.0454024934
136.323036436
100.469548471
222.496299173
59.2489594585
189.523876984
127.047542654
146.849192657
68.7364704533
126.234617859
269.711106294
9.23533191155
162.70792158
93.0085128912
23.2348010314
42.2120243872
226.163481435
150.459225623
254.67917058
83.8461193434
248.8760805
217.298497749
68.190707887
115.292027805
153.647927794
173.424230502
258.481344798
114.306044887
328.887577352
343.849086548
50.43976449
221.726775512
74.7014240155
343.77891402
39.4396818639
113.125007751
326.688206496
245.840424986
148.20192246
8.2972836683
290.011303817
209.134754203
155.881903068
345.220425749
40.3296438335
186.903380375
303.860914705
193.051989881
189.573478924
66.0385979778
35.377812102
255.030004361
209.029992249
273.889359853
342.19700306
159.711059838
43.0842940471
316.708774824
323.539389778
89.6880594433
0.393569361939
311.91744386
62.2502003528
201.256520005
302.168638115
36.5811969268
164.896334753
74.093664914
97.8326546992
258.48040455
126.806476546
357.318027106
349.87777479
26.7837817883
264.730504675
133.257283233
301.130833047
102.764117959
173.16545962
295.474093913
182.395996254
312.314499753
321.563337088
292.634488148
100.634456235
290.160299957
242.26242972
274.872142498
10.7866834792
214.051021766
291.645501394
320.588086596
251.185889571
124.256050839
167.378615016
93.9884683507
93.2586759416
295.802128476
354.137281255
261.044409649
91.0669108509
139.821571999
309.313857689
165.561608565
205.036883636
56.3976394687
224.029581174
60.3263427469
36.9385673001
345.0305431
274.37913831
17.9126923055
115.834817337
89.1393858288
85.4372589816
334.717714031
224.211275672
240.88328318
185.512178776
349.122183317
12.8374481999
335.042522336
191.454490023
92.4183924662
255.731734088
102.603483966
172.115586439
24.2581733889
15.8661432603
347.382130792
14.3568072212
316.903914018
358.042791131
31.4505748121
214.702932647
106.352714
287.69686406
132.8799484
151.335314475
183.262210186
126.556857006
176.942579171
161.207841946
221.178756828
221.323473326
127.167861323
206.857748173
331.470996326
240.077337997
230.098503718
294.571774736
238.632691934
231.603757042
183.262214416
126.55679729
176.942575205
161.207817997
221.178756828
221.323522415
127.167802082
206.857781759
331.470996326
240.077300913
230.09845603
294.57180565
238.632691934
231.603710868
321.780492216
321.780550623
321.780596616
321.78053821
