199.816799672
313.223661672
214.674124746
96.1943350943
161.809804085
287.534640585
34.7709970609
207.257580878
104.806377097
160.686415848
77.1676106713
293.227518951
304.982281761
319.413768001
232.69515345
105.109363934
60.8066711357
311.513096883
133.199956574
274.578237145
125.686736409
157.813712634
48.7042417445
195.619826337
218.788056744
246.086091777
114.635478865
79.323711983
191.082602368
34.5305998682
292.93379597
48.149271904
254.157407393
347.828315586
317.793081428
276.113150043
153.544131131
338.120357876
218.626753844
69.0132480296
174.845463393
228.58142146
152.438756187
260.275697801
113.233380775
283.511096162
131.251307409
210.787519265
30.6405286052
216.550976153
290.011419754
182.824278731
289.902484236
184.642229946
219.869266609
131.540883475
306.383205228
302.613881886
19.5322924523
156.63403236
214.734154922
144.379148745
143.364465839
271.489143704
184.877813899
342.656648431
194.996506362
335.837911489
347.597017496
158.59389151
238.522351378
269.441905911
59.5639158083
162.881529727
272.369729875
55.6096976151
337.979269014
44.8480200699
229.273511055
331.160629114
220.852336827
227.206866255
258.670800512
325.555243864
300.239270356
262.441685695
103.494886053
113.346703142
79.970311072
124.515207127
210.575351786
6.74597577475
96.5040081345
109.010105481
88.2756014598
1.05809475106
28.3712278442
102.430465014
222.558729424
166.410513432
22.7814159845
76.0408619803
134.538976554
331.412822665
234.8559741
217.237324031
42.8818025724
164.695883483
9.52808127534
69.3091528428
147.922256618
274.023942641
3.02846565135
322.640153245
241.400911181
49.6955244984
177.767020771
283.802819086
150.067711138
191.350201481
225.26010574
300.469485709
230.933980303
283.806033081
350.0566642
184.468614748
177.240550586
273.025337832
222.047862912
350.076952775
310.892973265
93.7149256434
224.659655052
108.903135484
21.708957686
50.6312280026
22.4393045395
221.362738629
181.747307879
254.615901486
13.6915507043
195.665289386
73.793511794
119.079479532
333.508091624
174.66390608
198.468284566
21.9636385914
51.3094129154
174.81284015
172.028342124
227.295034805
70.9531276593
149.20686449
275.89291474
81.35245593
30.0107161518
236.743956162
262.888796675
339.061957601
315.707868367
204.833069394
120.071010714
135.877677794
332.570899621
11.2464234474
305.990531636
244.41937874
188.655810359
18.474299908
7.88130654512
171.06397739
250.973054991
287.246554358
233.720120109
124.056660978
81.2136595148
336.649942102
218.233008312
82.3459036713
54.0761837811
128.844170791
176.657921255
300.471376006
250.137679263
287.631721914
68.0987944781
343.809143332
286.540668716
186.03104592
244.35549032
325.39182272
141.477181324
215.955110977
29.2665834449
87.7903445725
286.140683708
177.341024905
83.0586751794
125.560190405
346.145426075
4.39755359806
343.305476766
284.240385974
237.574912178
151.786481906
276.16846315
263.616591402
94.2368890577
78.2835814969
44.3894938554
124.029327711
156.233472171
314.978710089
82.3037531461
76.7838417908
165.323820899
324.458191296
127.98563177
9.2952508019
13.0527901786
68.2115533688
20.5149153005
295.187939519
89.1079157519
156.23344221
314.978762676
82.3036794739
76.7837694178
165.323802064
324.458234511
127.985573176
9.2952508019
13.0528625997
68.2115809631
20.5149153005
295.187971159
89.1079169094
349.424523892
349.424523892
349.424537536
349.424537536
