137.282567309
63.7484711659
127.239542995
33.4081566693
353.586218594
122.482021392
172.496090884
188.351076439
297.000188467
222.385926604
212.857866072
27.6648708888
43.1430883908
344.650250071
111.494192605
271.138249858
12.0940145826
72.4811177841
31.3368726436
131.261441012
42.3332782872
182.246966081
231.278396119
333.053805622
286.289243417
187.30357645
29.8510165566
312.199832441
75.7832702109
187.609840663
355.99880905
277.979548162
42.6307106748
231.431924466
330.278904225
77.8172885039
75.756134247
106.850911078
310.633661553
39.594150285
45.6101907565
316.525614412
13.7934745886
284.882782277
62.6653143749
320.240567501
242.389846322
335.948900769
322.715408232
293.787169265
200.784414059
102.530678447
242.627999293
10.8450405752
110.666374817
287.011156068
106.468035528
77.8515990749
101.046375249
142.128048251
0.0141249683887
347.466050792
149.394220652
254.47644488
322.870042283
44.3228080257
150.103212039
68.8306180776
348.19972229
185.343491885
40.9448024922
245.97138809
340.489566578
42.1517460683
333.066838655
280.834367911
94.7535923493
19.2928003237
146.042026972
166.387109062
140.645515629
51.8607571368
276.612067017
34.2327968761
18.2504029678
347.287218832
37.881075168
154.987553896
291.247988079
197.214975917
104.538964243
189.206538754
149.94618432
214.734438806
12.4207605438
219.575698654
136.892380169
279.030258338
229.417981167
333.47441267
155.125557296
85.3583703589
326.078718494
241.065743847
307.160218923
228.264087364
317.293153335
116.563280789
91.0701395173
40.7504365694
100.100139241
306.257948286
24.9156693971
311.674119482
73.049480836
163.471332504
57.8631419406
155.600989832
78.6340160792
84.0813056989
307.171749654
91.4101126893
4.49269900277
55.5685030102
338.433565224
125.052185048
344.109279829
285.842232601
2.36783270277
163.063708133
135.723113776
214.897869705
155.628000552
18.0654555804
208.405033411
80.1065519597
16.7075647305
19.9279504187
57.7623699197
80.82548563
324.057975401
56.4255728159
338.568434652
154.251583498
251.216163534
155.106631474
331.893403235
111.829833882
156.837419901
154.137569678
254.571236229
132.597161346
252.715097261
325.352482151
9.28711716061
83.254286987
235.153359124
219.425646578
44.8130953183
94.9345594504
46.6276028931
163.630469432
134.765928882
146.798216131
118.993635906
188.891369165
14.3461633599
45.9016781674
10.3108840736
135.589773772
79.7170697774
290.352491953
170.99902276
196.086755859
208.4224384
206.650869338
346.392672281
204.374277547
320.790240656
130.182724411
40.2111955584
67.0382772641
82.7807486367
264.479606449
176.359255509
177.743136546
292.694266944
270.989243173
5.92234829383
274.108381742
45.1557845917
280.034462743
19.2345211924
75.9845818268
196.921567118
357.981794264
86.4176556541
0.865075860272
290.015905468
293.152003411
72.2900115418
269.241838248
260.723764608
265.539775426
89.8798633666
296.237278166
93.4126761177
314.760310354
140.106866905
110.096632625
351.353911476
299.994973879
44.3744840984
219.842198273
267.273149753
33.7555733901
0.911415452277
200.539210838
275.1855849
60.2526981949
261.975174689
253.181598722
168.641940198
281.346826288
34.0525068077
110.096632625
351.353933828
299.995102649
44.3744840984
219.842293531
267.273298269
33.7554907738
0.911415452277
200.539141222
275.1855849
60.2526981949
261.975174689
253.181555702
168.641867312
281.346826288
34.0525684019
205.807204403
205.807137475
205.807137475
205.807204403
