315.733089189
106.273079241
349.617323762
224.44929213
307.812640562
176.37553253
133.021354018
278.945207419
240.231430005
106.626314372
232.269041623
237.475960177
160.877050079
114.172920315
112.357357081
67.1645644022
326.833283285
141.685314578
138.260852213
65.9390663124
228.016136134
358.878554748
288.603676736
231.464404188
326.854693021
113.443412432
357.772377834
164.53658307
105.194695842
140.37358895
268.477707853
230.151486161
96.0892082422
29.568372966
150.020384086
146.324277964
164.449942121
35.9164334157
168.925897704
292.816085189
204.03447694
158.170007363
223.261793223
336.065888786
45.8208200156
264.794706218
144.916783222
160.820112751
11.6949622339
324.216540889
351.877054736
346.124904938
332.816630591
234.21431103
84.4067613418
304.141632965
321.740798231
266.302346357
3.02221099476
313.59464649
336.547804164
229.726297492
7.50378013191
311.294313967
277.884865593
32.1253125055
44.8639809357
186.398722261
96.5689594989
192.257977456
354.214026526
79.2796016035
57.619436565
36.0247689621
81.4578793187
227.757342712
50.1981078114
290.453703265
74.4688434158
162.782453057
13.4999321065
40.105200852
225.063751506
98.0755133913
22.5236207035
124.513607635
31.225326883
239.867465739
165.10325124
101.112742231
130.663734455
120.639632037
321.083836293
124.83625688
207.055919632
80.4474729152
77.3027209337
232.939221691
220.813466294
145.360292437
181.773412431
286.873736339
182.920374822
210.54125858
28.9915238173
84.9055541812
143.634727156
50.9975823334
7.2820545212
292.692714397
79.7413980763
230.472898658
82.6627853732
13.7530271592
110.092351699
247.385644933
55.8693262465
39.1871130165
353.659078618
23.5154994643
123.28243185
201.67770151
276.796803077
3.88302760503
181.599972198
93.5771690936
274.092544788
155.439970452
283.234334774
325.66354182
210.83970021
24.5595987681
316.28705746
334.442436644
342.875003655
270.838904854
245.198267247
161.607398936
124.245885279
337.914628423
89.9163653765
188.849279584
254.882938086
187.944254328
35.9066190136
132.197734634
88.4551734113
197.014413686
90.6253025566
342.02819946
41.1736970246
92.3841644658
223.731556255
123.065208962
182.227102888
190.82891856
171.776274683
279.938285289
38.7093144153
11.7053864402
220.257528842
6.9800070174
105.958905912
215.699566231
11.4566039559
319.496628734
50.4157539423
70.4331144928
86.8990685643
220.920253733
337.454165331
11.7191720221
264.894654016
278.047623714
319.006424425
187.243155631
216.866834758
49.5189536245
152.465498455
352.633549972
196.949431477
15.9864314065
273.711141451
318.237737604
144.842351565
7.10791142507
87.6731452745
106.166529738
330.096436592
37.040936439
115.616561936
238.498850599
151.714404835
100.269781148
221.079676333
148.774468894
99.4203894572
71.5415620125
41.7008827349
81.1698175977
166.496576598
224.60529219
104.572164909
15.7386606047
260.724405004
284.131931797
248.384253458
98.4934894144
347.012292692
167.267027759
23.396827738
26.5540132512
340.502178019
275.248744909
267.981123965
256.104999075
331.668085926
326.384221822
112.999932311
48.4907285647
247.365598349
298.689738222
107.707831756
135.732156693
132.817542636
167.267011373
23.396827738
26.5539800173
340.502202833
275.248818939
267.981198261
256.105143408
331.668121207
326.384221822
112.999932311
48.4908271035
247.365569739
298.689738222
107.707831756
135.732103457
132.817492108
66.9342843058
66.9343134319
66.9342450332
66.934215907
