88.6467021239
84.7702168957
179.295592594
307.038423632
309.691972393
31.89824353
138.615553771
260.597160998
86.4023896093
340.254540373
99.1878453402
46.2602148447
195.407632694
84.9048904017
297.968137014
191.033355282
46.6826961102
38.5553681176
305.892454502
313.632614229
212.141855096
130.974577577
163.750540672
357.033547507
53.7633598353
188.592684614
217.148993246
29.605636249
269.921420516
142.139699877
343.927851825
1.75474314595
22.4642413566
12.0018077828
80.8823421618
355.540744726
53.3966452297
47.1833756305
51.0128334931
171.462081865
126.269432162
131.032144762
227.147471174
11.3739371764
29.0039362483
253.07295618
286.716896359
196.804768987
176.12427642
268.957073738
355.825427376
244.05386307
183.743027814
334.429761639
245.816557225
170.91455628
278.465604394
99.7719736544
179.717648116
53.1863978069
326.706867073
155.442514597
243.322441784
95.0154114872
11.721972487
82.6675065172
142.341755495
104.004004822
230.035627835
334.036791935
243.378871982
178.602084498
106.053190169
5.46229363224
170.107682439
163.422558837
36.3174983896
94.9659776357
265.495218903
2.21400782558
269.554463857
195.105031246
314.832860832
27.4905634842
67.8570266144
267.596489343
144.660061777
278.054394308
21.3016085634
237.043608672
208.69255572
151.782839069
78.825439635
53.4939380016
38.9475117797
5.21999845798
297.118937713
198.764252566
220.83025078
61.9344284992
205.778758163
320.860058359
176.97458793
160.30943022
303.57322099
143.274400317
217.075211953
202.191554206
124.695276953
351.250406905
230.245573638
310.712794909
264.73931505
241.083848456
184.522006134
319.136805562
284.530287236
132.908176384
273.500560496
253.270856094
181.163828778
307.331499055
297.979036876
282.394822172
27.9064626159
207.660672666
229.173043205
309.070512917
266.950690731
111.812515569
132.497874699
330.871968298
117.166067584
110.001500348
296.620606456
224.032826985
34.3367359333
335.597596691
346.252137541
242.842548133
159.416358262
21.8567431864
46.557194624
295.707785542
209.504019391
1.79951809145
3.95277287533
327.99368988
4.58465057603
51.5936198612
273.390484061
73.6176945586
92.7263304424
148.771707148
122.577992844
246.080728713
307.829785517
142.695398433
187.833067364
291.629406406
268.390434167
64.8592792324
95.9262471365
115.584736362
325.047262416
146.454721305
13.7357716221
233.052883417
344.637543742
98.9166881695
143.39940702
251.730531103
171.957622642
99.446097847
84.2731253994
359.766193923
118.570336873
187.413975392
63.7590811866
197.875661112
40.0931110568
90.5351978231
324.432550286
242.295741921
348.377675039
66.195677881
270.363980564
338.028388746
295.87508189
150.262767507
326.198055067
116.457173816
74.0622015657
20.9437568358
271.04485934
166.817896262
350.314911479
327.750622568
294.254084147
284.777565944
264.697167938
49.3657447262
78.0054563081
302.82186161
215.173524401
33.750315486
222.693548212
143.828391332
316.981659589
235.64717497
298.968164716
237.243837957
246.365145888
196.858462369
206.210406288
184.883783174
157.674547462
308.397671005
231.556502896
304.294232069
236.829547277
115.238687735
243.557080683
8.19211118171
250.718226619
316.981696719
235.647236345
298.968229757
237.243900477
246.365213994
196.858483929
206.210439123
184.883783174
157.674547462
308.39762483
231.556456674
304.294273957
236.829547277
115.238687735
243.557047578
8.192184765
250.718226619
171.389013686
171.388940182
171.388929051
171.389002555
