251.571210532
17.2770861976
127.273651995
117.953146185
182.255484621
43.6785426003
17.0899938227
102.582986464
40.8864901614
46.7386151853
160.994552149
346.296385991
195.558231139
282.119596883
94.7723960855
83.6626652291
307.480420059
5.97064373517
250.766895332
107.289515045
237.723866903
254.643472652
252.479865996
345.512238264
201.19575431
271.668022531
178.630044513
285.924114824
342.962586454
193.300242894
243.281847478
249.655156272
50.1085838354
233.896412452
29.4998098355
156.711682285
88.2979140748
91.1452395755
314.496040214
195.708076488
337.024217946
199.134311155
158.268919845
122.792523009
267.318548669
164.325425028
41.9628990066
260.672654827
191.313868976
214.986240857
22.6713896432
306.415946016
187.846106915
231.385619058
4.21340901776
37.8090585237
356.636203935
252.336502702
293.396249351
249.526649779
261.093775415
94.3776857783
193.181111898
171.120615908
289.025228581
268.016867614
118.954055407
100.083821788
193.649611056
202.336649408
200.316674084
292.4711924
212.829140288
309.58369408
131.758527143
179.684268264
82.6196814651
35.5084503069
168.930136838
60.5106652067
86.2890022844
140.035050769
354.466306223
1.87642840591
91.474511728
130.043290594
11.0639146544
352.701383402
103.041275329
348.75904387
312.829657088
239.695123973
312.373114523
83.6036118685
214.860271785
109.617863461
232.657654092
88.9903094137
128.88853091
117.347237923
172.765318558
21.1448042683
219.42041848
218.336437583
143.431262884
137.071210755
33.0224639279
145.073915618
310.779442116
126.967456626
70.2806006992
39.6445225153
86.6449829722
213.993205406
86.8175698566
84.2689450116
135.678822702
242.290433152
250.017014156
139.802767583
174.491405269
227.989981175
253.059654621
122.936347778
146.69186916
253.899233662
219.052911468
61.164068894
164.626434991
225.919343697
2.28118953444
303.204247918
290.377109713
297.4428156
314.501136287
59.5732108844
307.916876056
67.5758607092
134.613867768
248.339597923
146.667979398
266.73908869
125.454981725
359.05849136
227.116199277
306.217012627
17.2122007338
35.8560881067
310.356560208
291.938090661
278.268432386
148.332247226
248.892009399
350.859105143
335.541469756
49.3898838706
317.947116154
94.7990852638
205.359934849
139.594185494
292.614638138
205.083902725
142.874017746
90.3422719955
304.695323971
2.58359078938
125.28624227
225.250236081
215.879970757
228.440968759
166.532090453
354.462274622
73.4922594673
348.974226047
168.269368257
306.720745245
173.441365221
177.898774725
250.618019306
41.8746444054
219.560278496
186.977157791
340.887909096
52.2852688241
46.0963138676
99.3493046652
321.744081174
230.700006242
38.6104138366
103.067248214
6.79712560789
186.166239475
251.242177102
323.391478433
2.51363796509
65.328694416
63.2503792948
154.835550788
357.40874637
295.268152212
106.858863918
160.675599374
78.7543419436
172.21356626
9.00323237179
94.052187018
269.771323329
226.238400551
263.692589552
138.125331377
183.828633362
130.789864316
290.511199915
348.497320322
125.323129032
204.812086121
113.54188756
168.195847545
144.804340404
162.161755211
138.440626108
175.520420691
239.337656571
225.084003176
25.1580575778
269.771323329
226.238400551
263.692589552
138.125281753
183.828633362
130.789864316
290.511269543
348.497349972
125.323068376
204.812018642
113.541857866
168.195774775
144.804276974
162.161684443
138.44057048
175.520346576
239.337618658
225.083950686
25.1581327685
82.8745502645
82.874559486
82.874559486
82.8744764966
