211.023665105
341.446378913
18.5069179328
174.407665003
98.6856674887
278.457052318
280.538490468
130.178745024
58.3969297435
191.057032126
235.659252361
132.257200207
112.568124326
169.540969538
336.259671282
88.6004830712
340.400607313
1.78351069669
252.84111524
204.539306468
173.37916761
75.3600614015
150.543382779
65.9743447741
93.5034736956
17.7460805561
327.305055682
257.088226546
30.771553667
91.8868098024
225.347934826
182.801536041
39.4205370255
265.512939006
208.030349195
265.058236948
283.458449292
356.101103947
191.364444995
77.235579867
124.108305841
319.128337599
122.402279325
241.603968203
181.485721791
116.470967025
60.8350454352
26.4538459551
175.400857703
16.1497246951
261.686724275
26.8422777226
349.043907986
46.8399520603
99.0824552988
267.253758139
233.598602173
340.458015931
101.895619344
58.6514312591
106.807488168
338.074572289
358.560365643
33.5758770291
190.65364539
251.530580619
173.902972512
121.591125471
180.478838559
10.7791014363
32.5706848804
122.591366286
272.287189272
262.227181662
248.527125457
207.360680678
339.697581426
242.016450761
243.974109542
0.67736229994
309.889923325
346.592346076
343.85490264
89.5226183528
337.486487956
330.667328533
223.748209156
129.586446221
226.919006244
318.066561397
213.680676342
111.927054505
179.791702713
208.31087361
263.401389839
20.0565313274
56.9772407018
75.2827550625
336.15825512
340.32629627
253.656085178
226.851874976
149.322001846
37.0027096298
87.0046955038
218.306478237
134.231743139
229.112292935
238.534864816
107.601913158
235.601890373
87.9176131137
87.876856834
154.411180677
237.846705778
156.379988694
236.572465516
57.5936681933
148.352928038
32.2011858936
347.133845963
235.970779762
107.348477041
260.329613728
198.117229755
190.161127914
312.066319021
74.7332989601
217.628052287
36.1666447222
115.826385504
200.344869706
338.142271693
179.676485854
33.2210324435
336.142736462
133.608034886
133.419131304
95.4924069069
275.272067137
108.82814898
45.6211537579
53.5462697409
310.903990745
330.058649823
42.2249239154
73.1863817625
217.946930228
112.411345962
102.605361928
136.545412481
114.729654152
286.106185908
234.256379593
346.990504805
52.890927977
321.861163867
341.563457653
144.648210739
233.527018006
303.277717789
88.1358240465
105.910743908
269.05269823
185.975947209
345.773374413
132.791050473
296.284473314
163.697507262
101.019140974
217.644547215
308.227819822
24.8181924043
351.158196105
132.076863999
102.489567281
197.858818906
12.1372358426
309.776300645
207.187044051
209.043130744
19.6332781072
20.4088393271
301.017596309
146.528826451
227.942566593
44.5042333555
321.610869482
100.208006844
322.20053817
78.4758534163
45.836657499
277.103741624
191.700798623
336.959865323
251.499521993
270.45882022
149.24226182
169.554952041
222.208129376
272.463825199
182.345070632
103.288418804
269.213276489
138.312491919
224.780023981
70.4656337591
295.766272289
14.5418104809
176.610041766
264.934884483
180.426979506
106.971185186
291.987013542
347.708276278
179.591729214
230.698291765
168.951312832
355.642032017
299.751340308
130.096566642
226.624196399
40.9701453686
287.869137452
306.254445763
175.860157394
323.101321024
135.741023905
107.401878236
70.4656337591
295.766272289
14.5418104809
176.610041766
264.934884483
180.426979506
106.971185186
291.987013542
347.708276278
179.591729214
230.698345457
168.951312832
355.641962831
299.751340308
130.096521952
226.624244052
40.9701453686
287.869137452
306.254445763
175.860157394
323.101321024
135.741023905
107.401857484
152.963033517
152.963033517
152.963033517
152.963033517
