262.595132688
287.504005444
175.569725377
143.462491148
343.795162558
290.456078423
291.703260536
233.385291211
203.630015403
232.721555618
358.357405673
56.4803162983
93.6588533697
296.98522187
182.414725845
62.7748289518
53.3868090154
26.3159792092
30.693896191
299.656774463
179.180800449
119.709449234
199.793426409
265.35144962
58.7884423239
74.0376652999
104.724599609
214.960386917
90.3152918338
226.147447828
7.56281777718
49.904925722
188.511734314
69.648458582
320.589855454
237.983157846
294.125044122
14.2594499844
137.134748446
180.623515306
27.5810396959
82.069056062
127.4746359
296.95403547
229.691820668
178.741929775
155.979434852
170.28561089
93.710720153
119.81785402
287.056082129
10.3356068788
116.357251856
147.842504268
170.240491508
171.234023621
132.118572154
118.574587036
78.3816231679
190.33148528
291.224152356
82.6493521288
240.786478021
77.2541169487
164.015947936
334.70832285
22.4956264668
199.65463152
354.671104961
354.882778628
253.226025058
350.97880773
25.3395686298
124.021955216
152.408788665
40.5759791502
196.891225306
50.146424364
23.8763662415
317.88997627
198.758592085
331.585962425
288.484855436
124.158833316
359.231595545
114.939019936
313.701672619
218.231949807
255.639080866
289.171832309
143.079769679
52.0431260348
117.069611635
146.226621783
142.099414407
277.052425616
193.115663268
321.133614566
297.138688644
173.047673334
52.5932686774
109.134229169
308.200383157
36.2629040308
4.02878570082
353.241609442
21.4692280203
275.864611489
98.4103334774
106.178212624
308.331662904
321.564232367
322.852933485
327.510724696
158.856534668
118.988625679
353.671028892
298.077609772
159.556035136
15.400438979
315.95135783
245.519082639
158.32984672
253.033633108
177.848666892
62.1834871779
259.054124058
35.6190513622
296.180876641
246.10160722
313.536576869
134.95096118
297.060507969
359.137568176
271.130475988
31.3377749438
124.729108184
319.579592529
88.2323877458
188.237266512
138.793011269
145.739276448
255.29995428
66.1894595999
119.112677225
225.182006868
275.090607658
64.4712645415
144.562412701
222.612512836
81.1022933345
275.352727098
57.1601066231
201.885493237
87.3350327335
2.48361847983
212.591516508
355.870229913
254.631014351
309.46505974
86.0241820121
41.4711949911
84.7465022177
0.910798828491
9.24143668736
169.492493654
197.530902302
44.2698685169
245.529159161
42.8808330138
316.258195835
303.770017689
66.685713207
41.9508191241
39.643671582
0.795189235603
77.2356813739
50.6741515371
26.2475079657
102.193850882
4.87691793693
188.627274844
313.173737013
7.40507652834
200.715944309
344.148026111
222.928848124
60.6325326311
93.6207523463
114.156958386
204.193589655
312.946186892
167.865875026
55.057871127
250.161579542
337.301755488
269.736054549
181.515151372
237.07134307
62.8057176125
238.976394355
76.0857974632
125.382169833
62.3033838837
67.6472083371
290.501557204
133.943164412
328.465159708
211.906753866
354.562643886
6.15865754891
105.399504856
340.391379799
257.407296784
75.6725281935
330.698822893
69.9278600155
255.416179525
313.142129751
3.67699815812
152.197266814
32.4133191565
7.97095516627
210.839337804
172.846182735
174.593884035
78.1576303412
122.219734933
226.290376714
290.501557204
133.943164412
328.465159708
211.906753866
354.562643886
6.15865754891
105.399504856
340.391379799
257.407364501
75.6725281935
330.698822893
69.9278600155
255.416179525
313.142129751
3.67699815812
152.197266814
32.4133191565
7.97095516627
210.839337804
172.846182735
174.593884035
78.1576303412
122.219771927
226.290376714
76.679781018
76.679781018
76.679781018
76.679781018
