347.03867811
293.396537455
296.815098666
168.948623642
90.1938649602
10.3973263221
307.046978053
279.493132514
273.361599799
260.08570802
228.287676997
238.217007684
220.176772939
165.409119692
72.6246505972
66.3751346424
170.053969631
68.4138937773
92.5295614354
281.643718159
55.5641739877
8.08281509866
50.2321236168
267.154488254
206.811840464
57.855719319
44.0917992591
210.0831272
294.842100805
232.141544731
104.177283877
339.88700977
344.018586795
17.5491232338
5.34262261337
85.0215314606
19.6711028124
276.804241555
12.5152233278
224.130625292
3.96308956309
242.238392582
189.70093515
188.588255814
7.70535211975
142.34528678
90.3329164014
35.7241954389
278.176280778
149.882812634
18.2896830252
348.19641066
159.963327616
234.577277898
86.7923422447
110.887398516
307.370409801
171.083364723
357.1967939
194.073401023
140.546904879
346.162973809
161.51239634
303.033468827
259.215598269
303.626503806
149.401343894
48.4756198032
39.1509280019
259.581310732
26.2633802116
163.808684542
40.6091442386
296.362112083
34.5999919378
14.5464969745
160.259647925
37.2414763443
140.880403471
313.571065881
86.5037048516
179.962323376
288.929152633
175.54314211
19.4183129116
199.620449739
257.119045981
137.314506376
157.28489997
227.055520921
76.5003102718
184.574554466
89.8980371501
89.2912035066
282.558019788
116.465121663
278.359420115
244.224076896
244.339382519
49.0426774703
309.020203523
336.202169407
101.959153727
324.053059831
22.9433177456
222.59052599
69.0823133255
203.78811262
116.582117899
181.12870562
11.15899546
303.794736954
53.3964867548
84.1984719914
300.662040437
27.7874887353
348.185848094
148.849071892
74.7417228909
230.474177447
107.274175861
143.173482504
48.6017088853
298.112943118
269.888010877
32.8549059323
30.321580665
91.2116400556
356.631308553
234.232707786
169.138698471
146.824001996
76.3733300438
42.2776283007
94.3821772636
346.050760353
287.551888248
149.268398405
165.025116442
41.7434100733
288.901677646
32.4707146714
219.246071927
263.849612153
50.8480235802
337.154162764
145.119938325
64.784313288
127.985071508
283.399630166
317.64336642
316.886176155
336.01627009
245.453333236
355.099494277
104.526361019
194.841248493
223.106104336
227.37981235
156.46181933
23.7011823697
275.303809749
172.315161907
149.469530158
180.239660075
3.55581932848
111.765332376
243.453737722
312.031393589
29.7949440109
151.119669494
113.055368036
249.102609878
203.459375363
294.156165854
146.625539482
330.464501222
216.799248721
260.972205646
358.40238619
286.162274581
15.4537761122
177.80440198
150.515649051
62.1692873883
285.656531784
276.075136273
110.056894464
249.706926361
126.011646837
315.737001046
157.144552805
71.2353505413
34.2750829112
70.4723016948
157.528959615
294.940609604
63.1681408332
116.76134782
276.807649624
225.309946826
180.857470239
110.08225322
165.986698093
313.348815057
239.592773185
290.865761872
22.4767394036
53.1451383083
141.624683022
247.783030885
226.58384423
18.8474692622
351.786283856
214.63750367
324.846692501
291.045001215
19.0216222307
195.37430439
126.960357985
79.020872934
330.664927489
123.786962247
162.846711449
68.1316288875
163.356990755
321.232782461
272.875315719
125.754362504
141.624683022
247.78296665
226.58384423
18.8474692622
351.786283856
214.63750367
324.846692501
291.045001215
19.0216222307
195.37430439
126.960357985
79.020872934
330.664927489
123.786962247
162.846711449
68.1316288875
163.356924276
321.232782461
272.875315719
125.754362504
208.307800191
208.307800191
208.307800191
208.307800191
