262.168637694
121.140287648
127.497201621
231.4046893
35.9872097056
102.095139922
8.20740659
155.139458456
234.189590718
352.480498567
65.2501416968
279.192656976
279.900765616
159.030176874
183.034074169
174.601414668
187.832943954
313.546195161
176.23567498
4.46813183852
49.8044150992
130.418683982
243.104985396
355.046082274
199.819764775
211.703896922
91.0672889763
145.911217917
357.636457261
150.199668407
312.606678329
241.195878743
218.296336865
169.923376422
227.034593414
262.157811148
337.199469529
276.95259797
0.846228873517
105.472360797
239.685061979
112.513343996
142.404776707
225.608593215
194.222283876
124.183149736
33.743159969
97.0377486262
172.770581896
359.372529356
71.6281009402
354.010291952
324.551608498
279.172203974
50.1026129272
49.3580820307
90.8880386561
212.340864531
239.699408792
134.8229302
258.890237265
297.106384291
170.585587156
321.710984765
241.184448877
138.900001742
290.401489789
80.3020910671
137.63327539
325.943365928
83.0323001776
245.823995139
110.381231763
122.685530192
357.153048547
307.27258947
34.8641483503
309.064004961
99.7138930415
194.47638301
92.7836833851
225.370946322
61.5392054434
283.824013508
157.047912902
268.616724201
69.8112549065
48.2103740246
223.905281288
244.91611585
192.886790521
358.905020426
352.17917242
318.930012635
177.501796324
53.2044911672
295.851837919
66.9039064296
323.670114293
278.98620053
339.062686338
121.021078434
228.145070517
101.203343127
46.9590401606
266.506052585
299.321285132
77.9660764359
34.0936392645
203.710316388
107.611290863
264.4968604
51.185069461
64.88417462
197.052526478
194.491377154
8.48120490439
338.155777988
118.570334135
255.18201104
228.348811054
300.106958569
250.733713756
75.3629060727
81.865853599
160.494427034
64.2421999132
323.873830965
10.6624449896
277.236274119
44.0038662432
204.59562981
260.858869133
203.267122201
130.651666928
353.678115182
299.463537922
124.430694395
220.703649819
237.848173138
179.181355233
112.731339689
349.195895391
18.4791176675
283.095063155
213.963485694
45.0339518294
182.055794285
326.231141758
149.813289431
96.2667226202
230.713093324
317.932620433
11.063536674
262.903100376
274.3059174
161.623657673
68.7783328745
197.682147255
295.392711796
104.017698364
301.561286816
59.3460661049
113.766952155
331.620539564
114.497373745
79.4493053033
239.02658991
234.807121578
121.922588957
116.859049983
264.278084034
112.341182484
18.4426887923
208.994745007
185.180217641
46.3700953517
353.527232208
282.824587317
7.32744509832
150.456152923
161.079319964
328.403689097
102.620461866
10.7408637702
44.2136364297
60.6333266034
37.9307737819
83.0377533337
316.506074077
142.063955356
212.4052801
58.1014395747
285.192038054
196.577677701
153.592583305
1.4780864955
34.0870039648
1.01982035739
190.950863115
318.136986177
351.687696955
144.873091696
151.145632953
69.3953758502
5.91956253378
241.226183459
187.460413786
42.8333858468
194.144283016
119.25909388
180.010165051
2.54324473289
143.117085525
174.634520596
223.534906753
184.364404544
82.7372917226
125.419927684
10.1607162752
75.3919787809
355.84394747
138.142904215
70.177733531
225.605495681
168.003673986
309.615915732
294.653473515
128.204798628
187.460413786
42.8333858468
194.144283016
119.25909388
180.010165051
2.54324473289
143.117085525
174.634520596
223.534906753
184.364399264
82.7372917226
125.419927684
10.1607162752
75.3919787809
355.84394747
138.142904215
70.177733531
225.605495681
168.003673986
309.615915732
294.653473515
128.204798628
311.089262414
311.089262414
311.089262414
311.089262414
