70.230316864
236.289976211
41.0382907559
275.342898952
106.13815044
233.525536613
203.626757018
164.840703848
188.311476262
71.2716660473
293.136071971
12.1950138886
330.500536019
148.75835531
334.273621625
222.690285253
314.294819267
353.20835393
91.3405820365
186.059916987
58.6647945781
358.77656182
15.1221700348
44.6975046602
224.750606986
54.6212132841
177.486655048
251.194018432
104.459637704
32.888750054
272.409218734
211.831306994
138.481892675
286.086968207
109.506900827
73.0610046669
105.439269563
261.403113711
49.7632546143
352.953531035
125.164325081
191.863707419
316.294302996
11.4116638961
233.284923574
314.759006324
340.998768406
45.6180138883
142.577420006
69.0782900956
256.897658356
278.49350046
43.9245662291
356.175445691
254.859563804
91.5529107819
272.077318117
115.526737504
254.565177299
283.858179839
143.853366874
71.6688962501
124.390531454
204.869334281
69.8965483566
61.5520913905
91.1507742784
51.0911515717
273.042698511
165.415573804
179.687865374
153.426710257
322.624333798
225.936746954
32.9819195307
71.3603159801
172.125172559
63.8973918826
165.097874912
38.0955977381
102.941106732
151.643008654
183.905776303
82.016304049
303.071391794
71.4036471306
301.337329457
224.192393745
331.102210123
241.914017476
0.59645314435
124.394293977
179.377872521
134.96948259
25.9421428767
114.617301822
175.421322259
30.2851394064
72.9139518556
15.7276582291
275.614124552
23.6331223152
157.06877699
6.64737524809
336.243453349
197.193385311
180.552321658
317.6243531
177.363163369
52.0970684149
20.161458041
147.046121451
98.7602948631
173.554607206
272.521609162
301.618629949
140.848297887
308.575929969
119.340376379
3.9848573514
91.3088735238
45.5035313718
37.2278886123
14.8804888851
186.101539627
224.779459662
2.64690769924
338.483571495
183.587589813
263.090941617
176.042665976
26.9172789622
347.914677134
71.9119805781
59.2749831158
299.842872474
25.9199157203
340.822245685
285.684781724
286.682546211
91.4440754024
145.683847628
296.728891708
94.7372465026
327.084651643
0.885054338629
51.652754373
291.622450855
260.958290352
148.314718595
24.0087892789
217.592047224
18.2504289689
112.364865028
324.120658117
151.678004634
235.102100151
63.3229678807
202.515689705
282.936974782
10.4697482875
32.3364568998
13.5114281785
143.422304738
136.079616835
322.626690035
177.19540784
140.57039223
124.416517998
192.141992327
299.173793331
229.938205331
276.123311582
247.934183326
90.3395079655
310.099508064
194.168120831
270.58465707
144.303283426
340.912564297
162.616868333
11.4576036459
97.4406448097
12.0300744759
231.169119093
173.935092863
44.4754564444
297.52264703
219.330361847
343.576385414
112.069176495
101.970566371
314.135716332
75.22090517
355.692867213
64.9155729997
161.240530257
244.150248906
134.318273389
59.5015651663
132.797752099
144.866486825
134.105090836
274.321019594
286.462902603
266.536289365
195.251223945
4.04822378572
10.3208891526
283.001346505
223.322051403
60.1239330621
288.458185175
58.9321813159
240.293984675
138.716700686
112.544527686
245.927840092
196.199566864
356.75161809
124.344481872
120.838895316
37.5807336736
142.857448764
300.908949904
51.6079510546
33.3031207675
73.8890281948
66.4238926843
195.251223945
4.04822868411
10.3209015838
283.001346505
223.322051403
60.1239330621
288.458185175
58.9321813159
240.293984675
138.716700686
112.544527686
245.927840092
196.199566864
356.75161809
124.344481872
120.838895316
37.5806786855
142.857448764
300.908949904
51.6079510546
33.3031207675
73.8890281948
66.4238926843
147.224225997
147.224225997
147.224225997
147.224225997
