210.918954508
68.5643628378
141.114195106
357.285505109
267.915185578
130.209173318
232.383327863
201.786669432
3.36062803168
342.253710616
104.120824
281.813581052
274.559250308
50.9861303526
106.139264411
249.33034669
236.320969034
286.011976508
184.265769985
130.81637999
41.3475673007
273.243796027
162.722263368
339.636634494
149.241158085
107.10755996
279.629954681
109.313373981
108.002049562
311.856368481
323.260437262
159.025985433
111.976042116
305.188189518
125.959410464
154.14216079
161.468715681
273.600381754
39.9151993625
278.545945699
16.0931894646
216.737508964
159.183618327
253.883405042
341.911404451
343.734330444
289.662667051
213.239911541
29.9979499172
16.1261379165
94.6579427116
109.588484962
201.87453642
304.599616723
44.528483602
247.766485673
285.093206103
85.9758408989
35.7094649502
64.3767317275
283.164321124
181.856818153
183.261100437
68.1102983671
280.394338179
325.35460497
107.460647995
244.187209231
167.724472221
68.4364003277
1.12787383248
241.709228142
153.101060029
181.89343886
260.154799124
217.839641763
2.15647219587
190.979242455
253.607552272
62.8460437325
57.5064952952
110.226963444
32.7145980455
346.426943246
332.103967143
260.901129977
221.08582586
216.015737168
226.412849121
297.717899626
30.6784950307
36.1576524259
155.619349781
36.3833081222
46.1310200472
46.3687644491
230.199586059
237.366038919
215.44482842
241.188269981
260.749911169
125.56869951
181.221233455
1.09261889059
111.147375941
22.7661521935
121.737343744
81.5731021576
302.109742087
339.321445003
41.0559699351
39.3370696775
286.336899882
144.469125852
185.007301256
175.862941873
305.273217109
287.254775294
343.094241483
33.6910104931
185.344226096
126.958397842
282.509034865
123.078493643
77.1921017905
134.027167558
319.785631705
171.978817112
231.019547179
68.1263333263
157.225907682
82.8594708354
88.1590098613
11.5546137166
186.10377506
293.369560203
99.539914033
234.332609285
50.3376165201
92.9190852886
186.396797794
76.488889602
86.6703716976
43.0492584331
251.490887889
152.625245919
326.668839546
230.202562185
357.761730419
229.682909765
118.539441877
205.857074857
158.076553306
14.0606617581
26.7339807112
235.240276138
151.907002345
146.418547053
70.4299635748
42.4139261232
196.422094321
96.1449450927
146.472854373
283.23324132
55.4675144872
329.4820921
296.404623972
270.652381784
128.450656758
337.042247101
324.918451983
187.848072829
66.1148097249
356.10652948
202.120474026
237.961576692
88.2220786534
85.6314578388
344.772219151
33.2877444628
335.346901324
131.841713633
9.31666615143
38.5214722058
183.069024673
261.874892292
355.874939849
50.4468267543
113.363545276
153.891228298
24.1034700906
29.7414904219
330.935745125
188.643838069
261.729074664
51.525741808
212.070156946
345.515287154
350.941842753
114.836342373
176.39023149
171.103559449
102.564766809
70.0884598878
94.3644391366
212.159454033
191.344917933
149.941805569
336.628604068
321.440348823
50.6609140173
131.51601353
65.8931781594
106.274147135
65.5458150954
127.271826608
200.777855251
282.387740791
90.1010955639
163.985528832
147.426823185
130.728762119
171.903545323
122.634674061
168.149125249
142.596530325
115.443013469
107.601964986
2.45188168773
149.941805569
336.628604068
321.440348823
50.6609140173
131.51601353
65.8931781594
106.274147135
65.5458150954
127.271826608
200.777855251
282.387740791
90.1010955639
163.985595525
147.426823185
130.728762119
171.903545323
122.634674061
168.149125249
142.596475207
115.443013469
107.601964986
2.45188168773
215.535524178
215.535524178
215.535483851
215.535524178
