291.613347771
181.517164698
169.979873996
259.883278619
195.24230708
117.002917438
130.415177962
0.860974555988
76.2840714174
248.914789915
171.56889751
215.6393761
343.117731976
71.333428952
247.563260987
78.776925616
291.714360649
57.5793183229
108.674592284
199.49401584
173.126727322
105.574386188
141.842188846
140.731614961
355.01972821
234.842284307
83.7354975182
51.875276029
198.171964196
181.19880064
314.72093581
193.486055249
93.4155420135
238.67364409
217.219282792
51.9914443345
241.209650819
142.165257132
228.207129935
145.824606477
8.23012297213
267.460561813
317.685090759
122.428169257
62.8859507377
88.1708122158
350.404215832
333.791653133
165.831820385
294.187379264
35.1052008942
345.59810237
21.6885961105
148.610938595
122.171944417
95.026387343
184.174487023
14.4014010764
108.696638495
132.456860768
17.275876052
178.239955248
174.895804608
89.4052120308
234.459800586
347.679858159
183.150186317
211.168471266
310.949711686
246.284977524
93.5038205075
52.4494787283
90.8941796595
203.20839719
32.3697386233
242.3049351
139.016179782
91.5262743941
138.779328445
186.213620167
349.381254736
258.228379787
244.75994055
161.810185873
306.068337359
75.2389550175
34.4491053958
296.945478723
49.7964861298
309.12423448
6.6565931091
316.734943712
17.9869583958
43.056400526
306.188586899
34.7387826044
189.285590497
117.979055989
87.8719954324
111.620882149
24.1897746056
117.574258146
117.663322208
0.607694337982
254.527900122
95.5151892201
207.123328194
158.346364791
261.948985309
150.746397077
202.316774405
172.270142467
145.239275613
99.4722348857
143.485014374
27.3063724807
87.5545093427
266.86176437
64.3938638018
22.5907868864
164.873904458
323.682992884
41.0346028499
3.21815114866
196.123147657
112.930849428
1.97454484299
340.158023253
42.4127966022
243.243956358
228.422042817
97.6459745129
273.876363208
93.0298568111
103.254632133
356.141579525
148.604033706
191.023338161
40.0209191505
229.385316652
303.298040343
92.994400084
65.1971007871
253.752087027
287.110336377
178.900232334
252.109544864
214.834854059
227.414557374
97.5379002952
313.795099436
301.411951047
140.191968048
327.162146358
189.381292583
258.63526923
71.1203196062
326.037665258
339.654675437
148.517737898
106.993825044
132.933568128
197.035120583
143.115642305
81.4375670061
356.577437634
43.9928984039
59.7631563213
64.8855499246
256.583363266
154.721351881
234.839327035
133.862839313
192.599107854
202.077432454
47.7534403251
282.485332968
1.61107914651
318.911324975
184.816411888
335.70567234
318.901096714
24.6091084823
253.37938772
289.264021071
52.4455654694
314.053770618
323.924056541
148.11217216
109.792362271
105.447075806
317.666059356
188.384177713
174.084746168
350.161210092
75.5364894117
252.888594888
251.309658834
13.6260262791
22.2407100793
244.969464165
220.244647855
219.745901859
1.79697803459
56.1122938842
213.914871911
301.47452424
283.46986793
189.628950158
326.535536667
79.6223190215
130.668930592
182.136892743
231.760415759
194.463356718
258.843413062
295.253175309
48.58267532
176.512654738
294.091005544
125.135606411
124.754334978
132.437991374
277.957531508
53.5253840751
277.035829381
225.578932711
339.830396653
309.549871586
301.47452424
283.46986793
189.628950158
326.535536667
79.6223190215
130.668930592
182.136892743
231.760415759
194.463374048
258.843413062
295.253175309
48.58267532
176.512654738
294.091005544
125.135606411
124.754334978
132.437991374
277.957531508
53.5253840751
277.035829381
225.578932711
339.830396653
309.549871586
217.109835408
217.109835408
217.109835408
217.109835408
