270.526994261
202.022994065
104.121816836
136.007322347
85.4177194499
179.017619209
262.615352806
235.667782578
206.414635089
322.41038006
327.349202383
64.7605609914
3.60469371755
327.562934894
334.535400528
204.483277495
52.6223422812
296.671330333
237.536960498
162.715437762
251.656611592
114.957465752
31.0222966636
337.399934102
63.5035259834
300.067093461
193.768937096
21.8250850582
198.068156417
225.421372116
284.381408378
308.473153055
248.668860478
176.232885483
317.25757169
246.539367231
6.07422463274
35.7461954267
293.07990799
94.9131392022
117.476980231
153.105881428
193.701638908
84.8048204032
41.9020272268
269.318196689
41.0136876723
107.287470041
14.713197225
75.7626377242
329.887112846
56.4319072834
69.7891490518
15.8324832639
45.8806968136
93.6140350112
100.056044096
294.426025476
126.816616024
52.2510849565
329.404205806
189.903589202
144.472192932
53.2888717774
230.97664284
352.280726797
173.621775899
135.10065356
139.559407598
64.2287276421
207.157385464
307.822112309
245.911773775
134.237263582
176.870520493
80.1043190132
251.15338396
57.759773988
29.0094199935
56.6883535871
253.153686784
297.929291325
293.639026242
258.741899365
260.649648948
230.709717431
205.052330651
253.924222359
238.403689097
195.641075169
80.336293951
119.916103589
307.180665349
340.337027812
313.366665074
153.789023263
53.0031118774
114.990541949
193.452882001
193.483567067
283.253344866
14.646021972
270.9951848
236.01685612
339.940946247
183.5314879
200.995177185
90.0974180483
135.367214063
62.860488936
233.391712934
22.9989717283
40.8562641815
228.563608869
331.231574282
19.5579976956
115.764425728
344.13252404
60.3977937352
286.380514686
129.367093912
71.4308797388
148.264581364
149.792502545
193.582472854
136.514764883
172.945890825
162.817229326
313.813195539
91.0544496181
282.766087059
151.435665198
144.010784821
356.528929286
80.0192116017
13.5563538371
186.389187102
26.6438217872
85.7685309655
110.367072674
122.575304118
156.094245103
214.046985235
202.79496357
275.401236419
3.29049992114
221.934900741
4.72540951431
316.143052446
329.171467745
251.725446028
355.212061984
114.193388773
133.237127157
195.936737073
278.371202789
92.0407625864
7.6792349995
93.7906881381
213.286671505
97.1945250021
167.748591458
101.359069961
22.7116013629
311.811689544
160.076741613
153.535380665
44.6106793633
298.7390196
134.442386449
172.445491692
259.57118098
207.972358722
116.265544226
319.361833731
71.0178138442
169.640093223
78.6160108455
250.468508868
130.576041243
59.7118264375
159.711348509
341.220842774
92.7087299883
302.087608331
301.435045441
180.591595664
12.5136776808
342.243626712
198.239545752
333.929117633
47.8552460134
179.621080007
164.368553724
301.957307848
226.913494989
227.609753429
145.439181455
88.3077069198
163.537585879
87.921432498
256.94474298
64.1577902563
156.421735365
305.443159814
30.3461786796
97.6816444352
186.672261176
144.747511689
225.707658546
271.677022514
205.552197884
42.7484445317
187.216165506
6.08140468965
20.1746100132
24.0731145396
268.441050148
3.83227372118
326.536577278
194.226802258
235.281504799
293.504807132
116.841532927
64.8400833725
142.783081457
78.1862760124
117.687491595
194.080889683
186.672261176
144.747511689
225.707658546
271.677022514
205.552197884
42.7484445317
187.216165506
6.08140468965
20.1746100132
24.0731145396
268.441050148
3.83227372118
326.536519393
194.226802258
235.281504799
293.504807132
116.841532927
64.8400833725
142.783081457
78.1862760124
117.687491595
194.080889683
86.3316224836
86.3316224836
86.3315532397
86.3315532397
