155.482365526
341.950373963
245.322278845
270.504581879
119.947622079
255.808550484
254.419983583
306.298185354
265.419237796
260.88985316
174.128829461
21.6068506772
315.821054152
227.268453583
77.7771583698
71.9403024636
246.489336655
45.4674317097
161.765061998
119.540821672
103.568844247
275.603978036
20.3281626284
89.6854714727
325.498799248
353.415612352
279.299373024
51.5979875946
186.715663823
49.4389053315
0.00957527579259
92.9217949008
197.130495682
121.000276432
65.0605111383
42.9342055373
177.369049382
296.727030113
344.540130787
70.2356982889
45.9755735655
238.03151544
137.0336305
164.290294502
337.463364969
245.881476259
179.868409255
197.565065609
117.509100013
221.8072007
275.705742958
120.415692494
45.4484436229
128.553390467
151.832158228
111.12650786
319.757102135
160.02071114
170.373040412
337.375515542
264.114900357
184.323313281
275.341648968
220.916608181
184.576712763
244.631691853
113.09341952
9.59451510416
66.1092652515
278.603144246
313.851497031
301.220054136
183.041414837
221.082102829
132.854878121
258.705036028
236.704317218
221.459889543
97.1870697826
170.540144555
77.3674843914
233.028750111
49.919344443
296.994950087
351.291011617
71.4810030731
233.935222137
241.794799868
2.88017706706
209.62608661
218.69971014
197.210026023
210.116825435
21.631966234
111.85087372
254.633462982
348.656599316
228.584907566
293.501171816
356.882336681
159.451844861
114.119252953
234.129381519
285.845764531
169.148774943
113.967508597
89.906814551
168.165191549
12.9751401516
352.06163746
307.998271098
111.848599588
195.641101226
145.59788166
14.0493382135
145.630860336
331.481013381
199.369316098
311.577931231
326.200023796
134.372025775
146.517171577
314.876519679
258.933138794
176.98635731
92.5009817732
309.932287806
328.555011246
152.887130135
10.1047313388
286.124574275
287.460143033
29.003223155
237.201033821
110.81620298
25.5358789907
128.751832678
228.433237336
16.5463520709
68.7742902246
223.378878608
175.059980094
184.891689345
37.6861492859
207.032222682
115.937906805
193.619883762
44.9620740089
354.414386369
226.012413391
234.43584568
278.579273232
85.6653462126
69.0600143449
82.8012837414
82.2234175985
258.089071518
216.016716643
174.173751651
118.256206182
130.960152217
147.187749252
77.2740941785
345.040811273
253.641769444
326.166370455
29.7236194849
334.257290502
185.516385293
114.431140542
47.8680475131
47.5085523579
344.905788249
24.8728580155
143.200175324
295.813977986
354.02366281
297.389671303
322.584067318
124.126752026
262.227709006
83.678533264
320.204299003
229.05164285
223.866857651
92.8665597266
252.766890378
343.910472775
194.439935178
214.230184132
186.658344218
323.835839091
291.79227426
281.536846133
307.689454449
103.649658423
270.643777677
47.8256242199
15.9858117091
195.849157521
205.1676757
156.251065666
170.171918808
158.435101916
124.071452376
185.086041374
180.434291374
48.6904707214
154.803518513
263.21121572
52.7779590849
177.362607273
31.2392216961
144.514474719
142.432519546
204.433672963
188.66194695
240.110817089
131.046626105
306.303267805
265.535486893
287.962701015
195.678634574
84.1533807534
59.2052136291
45.7170059154
83.1803273929
120.326543959
191.247908468
180.434291374
48.6904707214
154.803518513
263.21121572
52.7780143369
177.362607273
31.2392216961
144.514474719
142.432519546
204.433672963
188.66194695
240.110817089
131.046626105
306.303267805
265.535486893
287.962701015
195.678634574
84.1533807534
59.2052136291
45.7170059154
83.1803273929
120.326543959
191.247908468
114.775518567
114.775518567
114.775518567
114.775518567
