40.2568438214
328.648360829
141.254693495
241.00971726
202.142056336
102.164209436
0.170594513632
260.161699025
84.0448396103
92.8654505051
25.072243121
147.532649954
341.845984107
70.7512357736
314.493966278
308.084917661
201.463114143
98.2519929423
183.527594701
234.8238613
158.384336217
228.51341992
130.175089188
182.776424703
281.134848401
165.967595554
279.162282964
113.230287119
307.502013863
82.4729940303
66.965827276
169.482129634
119.6804848
262.362911813
215.582792749
199.529451336
25.9799709372
151.932952726
295.77336334
20.5410456891
74.7640599338
302.057460527
354.788028837
39.007167245
55.2857966061
100.429888147
54.7714032505
189.564255121
70.6236318201
342.733686592
272.34451317
70.120338014
238.316476586
100.684264018
248.912264237
208.595065108
97.4978598789
137.164427759
35.6118140797
42.9370026811
354.641070804
273.393991996
303.835659914
306.517518383
246.177935645
149.102307139
184.332046143
81.7542797874
93.3328960321
333.994588795
218.946369557
343.402166701
324.258101535
313.686655306
335.232104398
21.683888384
237.424146496
252.036541748
315.495411055
74.818922536
229.953494872
320.947931556
49.7590212204
89.9534419659
333.640680772
289.915526724
275.922183126
33.6878688727
51.0536522505
20.9200703514
16.2078682369
239.459730703
338.172788977
349.357041383
287.923690309
250.578296262
150.958200704
141.257705961
238.523019126
355.646629886
348.230870465
273.562492847
35.3878684706
223.901772493
47.1947876499
27.8476754949
128.382338788
45.6613583554
27.1597589195
311.125736202
92.0076794133
230.85456634
97.2889436204
329.619176774
301.663959006
182.628224314
347.349203727
186.623814861
77.1433892186
333.332672609
4.44865569151
292.421204362
193.417343277
342.741773622
16.5305706521
286.812531623
62.8161597324
216.746362613
301.834896274
309.742357184
321.983143539
357.42088185
346.831682037
172.256408136
260.191838345
36.42163483
284.136777511
281.812931518
144.86313155
25.2211104176
188.436013845
324.391309444
190.684614582
268.351576657
42.9371999952
185.866496376
300.955040068
192.910851605
351.016035923
112.712084374
224.683024756
70.7688379814
170.152052837
254.736261103
179.957813285
35.2080080061
177.350729283
158.774333789
247.126768334
341.131246967
208.827257615
289.643082015
15.2193781867
66.3237652968
74.7540948348
321.755411883
313.842909721
355.135695545
25.1321670674
162.291980411
192.961039745
138.066364112
345.983117819
349.256489759
337.98834948
233.105484186
290.046695999
148.319490336
7.0095070327
261.730896121
110.025225317
252.124926824
199.797783493
33.5966487963
188.201867324
311.106158409
80.958012167
8.1574993416
107.392722238
197.076844662
140.031532163
313.058708503
239.534272144
141.652820111
35.9539213985
85.5088998077
54.4903635409
32.9354148668
2.04218595118
273.127713886
190.436800155
159.863808811
277.134732847
90.0244238758
57.1380354207
30.3713360615
312.597933995
244.783025336
298.278947544
277.404730256
322.281424523
105.503445938
133.065899635
111.004403139
282.071592573
80.9238644906
122.82281287
71.765720248
14.3574103342
134.231301609
98.577378075
133.585704557
146.986324928
265.735295788
36.7832899409
291.557386014
207.53040614
225.278190304
224.019016734
298.278947544
277.404730256
322.281424523
105.503445938
133.065899635
111.004403139
282.071592573
80.9237959733
122.82281287
71.765720248
14.3574103342
134.231301609
98.577378075
133.585704557
146.986324928
265.735295788
36.7832899409
291.557386014
207.53040614
225.278190304
224.019016734
246.74813846
246.74813846
246.74813846
246.74813846
