314.711270958581
340.058603374648
328.937063676083
303.911352249079
286.20964542581
312.653198066064
311.310222822936
293.322213096486
314.129744394636
328.286412933451
298.602159351132
314.564760088043
312.326268849264
308.683709494131
296.036068455335
285.17228239141
276.570200717227
343.011380304852
308.296473076933
278.957034484677
307.932479066894
341.91668452683
291.953577081085
316.192201546808
339.061469740429
332.73172015358
274.475102088752
298.076501910392
325.357599464132
332.546206394516
281.140404688188
327.169836233382
308.723175581468
283.96778496322
316.852369004442
350.77009224886
326.87945881127
338.604648464872
295.855348873648
308.198800537208
323.65947729277
294.593460898559
274.780964332702
346.323978943865
311.561676373371
340.67872562337
328.249549521034
346.109757660314
299.121046360503
351.279289282531
297.249241031514
302.260971568197
351.639550401376
317.616660759515
329.519675471951
281.167112684175
308.281625972516
285.58539668857
275.632286800142
340.631138724179
322.411235759563
319.216105782586
303.254161742322
318.284141618505
336.466128190799
321.719267423858
290.747649370039
345.101848139314
288.386914528925
305.217238963239
309.286900028009
304.396914049752
318.947277158966
287.80538904377
318.582458649556
334.814437143286
298.961292094352
275.118852843842
307.103806834975
334.813828387912
317.578575586173
292.613096647938
319.588930672044
305.586953750924
284.43412064618
340.478984649639
324.816458119566
345.955102494447
295.161938760197
307.685156943903
276.283372093687
320.299274760557
325.177770998227
303.166739153925
300.960602883113
274.378533743906
336.662126072564
302.965442885433
301.750057749952
335.004098076738
294.760523362749
340.831746981971
310.848569820081
317.113196303367
355.327412524663
348.51016400146
330.300324963212
295.882792984353
285.207298560625
300.332568918
276.786334690775
335.290326784003
312.13603065018
314.490674249806
309.195888226389
315.639253154886
315.582327922929
341.579514219891
338.904523716571
281.528115419842
335.610537051164
320.906541356094
301.264752682869
282.58454413693
280.701680397833
324.6384497614
314.581627355359
292.058945160916
303.477300718641
314.128589964518
317.393750370808
332.073017550308
350.724512399416
332.493039032818
317.064285353277
306.204252462363
295.633036668539
311.613641260819
321.021450312109
347.166115781269
288.416015258176
303.551244292034
310.614317956264
272.596419561412
344.331985565663
321.871018629236
331.962871051161
327.925162878492
291.769018771501
343.702600673646
329.648494261322
348.929841619156
310.973768978028
314.231016791476
331.89335744252
287.630143962239
347.324012638235
320.92373304806
318.213100206152
351.9582065003
352.59510212021
348.610642574641
328.681504131719
301.77341353928
335.818065148375
326.725644906639
277.365480486531
312.754609382647
283.543557988454
313.99259579709
297.244170851624
306.342888747502
305.404239429177
298.092690762351
335.375963485853
283.108255586087
341.846731974911
306.342634704414
320.474111757027
293.340722969817
310.226751974564
340.565779908889
323.418472291742
279.669649983419
289.187175158718
321.685860284907
324.805893584397
309.185382981531
330.226028898726
290.885817586479
287.412098610556
315.380231253104
278.500137082912
313.24254486724
290.824757190292
280.337819202635
288.165630001207
316.954625310375
290.977072304472
297.896027573657
353.324576156024
299.00492241862
333.028082290247
291.476909494151
328.37770740397
274.886081787935
349.941171410006
326.102222896437
342.872430169767
334.464850796646
317.79179050979
329.404391927566
319.823353296949
355.243961250775
339.694599134386
357.716615926321
356.615336210059
353.656266785624
357.004728982583
357.585652649173
352.282022728631
356.964238222243
356.279825702973
260.510715060744
269.853066383845
271.036918558273
268.257290215199
269.923758755311
268.579246127497
268.993556721731
268.445103143482
273.421763635803
307.524817944107
291.176396002698
285.885649933688
303.228880948003
309.828483334888
280.659177102758
294.801968377801
299.210984244278
0
315.000454203071
270
0
