352.042733895759
308.642183942089
296.983603857534
312.807436868904
343.612655697156
342.382049014653
351.113511298023
332.504902213825
280.055032740808
307.072710664569
316.092754756893
308.615235097678
318.388438033238
339.850351836601
283.464457803003
278.401284767423
335.634268948408
282.74166874108
319.783187808658
290.507994802046
301.667172528394
278.773815347445
312.466709340019
339.378474394819
305.202435452586
350.359073649779
340.437230558305
314.926338946249
349.909382204025
316.658716798274
291.121716270451
309.056300108943
303.559358023238
321.784634169308
343.841709887959
335.017822181612
344.805945908749
313.829814312745
284.705642618768
283.207011017602
316.847792512211
320.010532193848
348.679273626467
328.346675582433
295.59692693851
333.253218585068
295.242452890199
306.805904536848
276.707161223699
294.965039164284
343.363874585647
272.903910885374
347.977272433523
327.961039321523
301.325749717159
276.122961740174
351.779023995414
319.412926552737
339.023137179225
330.057410303501
329.079570806429
314.797379533023
321.440831458246
323.933718277655
326.20740570692
291.960041951348
320.895371970366
337.243789946372
286.828105571016
300.472931803648
328.509664611335
319.89990483982
275.25231436393
299.804350993496
310.259567525605
346.852378911779
355.02372104732
287.421744587195
328.808811200379
334.616319675418
284.436534029813
320.380669436532
348.10507074358
313.752995181769
312.253798924271
303.89084794661
284.72767978788
293.160974545773
315.553890012877
319.254864211497
333.109953197017
321.643836489578
301.011294446111
294.077662201548
338.80959053799
309.652039650703
317.731951045136
309.173652619433
324.368045562534
352.219812904955
321.315794968699
289.340449160777
298.234672147828
325.358460475629
280.1233083367
303.154744109763
310.022636270818
355.755398533353
280.663988214259
318.126681803707
307.316973138194
289.261825178927
333.751568720201
292.045853132247
318.667830376005
308.267439570119
318.548971742722
295.186180675763
315.890509915738
304.9110720052
319.975852302379
338.972729109488
280.243033881827
331.845635659886
349.902345116904
321.174334929925
335.499626796502
338.499948135617
326.666582898129
307.523777298266
351.71909679486
350.313377630448
330.601027490529
304.04576127098
329.806565058208
293.875912841932
302.992736467248
294.678806962515
326.628541404106
336.605433319168
326.99510824981
329.973039481697
325.658433960896
320.389782571053
297.438882083134
291.816129838143
347.391781070696
341.684011012207
339.312118161843
292.408843452022
297.936035212738
315.389485943396
347.960217337951
336.115766396722
313.233693959408
300.614987502217
289.433922459509
314.254887876612
336.568673985062
293.198583538517
355.370836772335
286.935802329752
277.119656687902
325.817795521219
282.888237630209
322.7749414782
277.678951289025
317.288488507917
326.952075196884
311.725911151389
280.106717241563
332.779916326976
306.470616850201
346.246697795764
355.961422004362
309.159454799936
310.763807456716
347.16131366895
354.492406003391
307.061768109196
323.291021910984
315.911048450087
350.735883866583
316.967531694182
343.153419461752
297.954530568918
284.168968028367
289.22643831874
312.570802301707
314.0578916785
304.945544619175
304.11024449676
341.200622728571
297.893183858523
303.375635844591
333.259915907361
312.212723658444
313.944631849012
309.46171956614
308.55006835525
324.984543395273
324.014196040322
302.164545464502
287.514862365909
332.117391830185
338.020818004901
324.993421454705
348.435630360538
322.689467315937
333.355784051752
329.249503329878
343.6661295625
355.133096106806
318.232362928211
358.5457042586
359.991338613543
357.236873570572
1.72141001864151
4.56790774401649
359.925701831067
358.853268871551
1.06102295223774
358.594281542894
273.212426265254
271.116385936421
273.236116386151
271.3204237139
271.550337930484
270.257491348792
273.052702893126
272.36528402106
270.651272605826
301.536431931627
293.409348733865
282.950649764574
296.495882021709
275.536486213998
308.440209099427
312.099048931557
288.160524043324
305.070922744522
0
315.000040680113
270
0
