309.170784629607
354.765390286551
280.799276021022
315.709137348186
313.589984017407
303.96540948446
306.496340971691
302.616476401255
332.490663897741
329.789657941246
331.377638500883
306.991160766418
309.188878309314
285.771048052078
337.089445620334
300.376920891344
320.791488747738
289.628953327639
343.948919125361
302.684653442417
281.230759393589
335.315320074538
322.577916709477
326.135013181898
337.124907812126
288.425431036571
325.053520712589
316.609635236435
278.054065402414
282.553191559524
305.952795912002
286.584778040757
306.034472769768
310.76998723988
320.867689912347
334.986396336836
336.92820124391
333.616981479249
340.669209460052
340.250431453349
310.689072182392
350.830610452191
277.308711321209
350.655151529225
344.828140373361
307.4792342943
313.296713725957
281.200112059415
307.279943563863
298.418629928091
282.681093982168
317.934551406675
289.589401152273
320.526450626512
298.701486541081
328.929943648692
284.288050771564
337.071457244947
347.274374715082
345.985168354244
313.634895580251
328.228746459454
324.303791639932
342.035575863947
310.337174469314
288.051794605589
303.522901083729
290.005933512787
331.552780828921
326.699261294246
272.658501888877
288.430793793294
272.460546723347
301.380759945666
324.578934618294
308.069340464947
313.371628024581
311.35752353488
316.478606073994
293.973290846275
321.296859567072
329.016957866656
319.829761703583
355.831972828861
279.692419897572
301.198644591153
290.985839282269
301.049323988877
337.358592825378
314.339821704006
299.259522175702
295.724616540974
319.562009293926
310.818358070726
339.160349739576
300.287154116832
317.558537237922
293.75531845555
342.623791645075
322.776799850921
340.02881205543
310.136233670303
319.484965436608
308.321790827054
275.664403928579
296.501178993302
304.514583920704
352.756565518671
315.127231435647
290.658481084112
332.457828433934
314.915535240236
298.534515696862
273.967317371722
273.630889394783
312.567740879582
319.995761581831
305.602266425505
310.18337729327
304.381441752999
335.847785685446
304.793516597831
278.211394499339
288.881604159585
316.790640599705
337.904875723115
338.72286868297
326.296089861653
282.652095820204
350.707992801732
275.767259945705
325.564723769513
348.546732233184
353.176230227215
348.744134552965
294.020802958613
323.569411803351
296.917970514259
316.394483667715
311.535267271215
312.563365932274
317.026898107615
322.289907193726
303.338610741868
343.820793769999
276.877489306504
335.552387758068
280.897528372641
275.676186666177
322.359201429097
284.073710669215
336.764521558462
305.268417608029
296.112098300933
307.530216162221
330.945793602803
296.969916752399
316.411300026357
355.637729364477
324.95655950243
293.879043999492
331.144308183118
293.875125230581
309.854316254651
314.841522990946
301.152496345623
292.888991701046
325.585730601904
329.849895163511
352.960745632038
288.081615763893
286.766217042732
324.196387747966
292.252834254954
320.675712156499
348.562528881626
329.24535259318
279.325375210101
333.175927151624
344.677598809462
288.232092223661
317.931820688504
273.472248870709
295.410420107201
311.346383997564
320.01495515719
272.549087119956
354.58520449568
284.677840402834
304.50542531906
348.523921723539
347.499528056297
322.161198744603
340.118270860596
344.827823134634
329.56222871388
306.696912814925
281.465579653373
297.078019031557
285.013105792792
315.136767459752
313.734533923594
301.075516222238
326.823272979198
302.941793213869
342.887409990547
319.809870990768
333.039140592655
351.201817255125
327.44641762019
324.876713376965
316.992740717201
339.467011427622
355.405138598925
344.269859510322
357.436436397284
357.347148006095
358.750759252924
357.160001824513
358.45200685281
356.269301135957
358.884700803104
338.039639844698
269.15022298797
268.11204298239
263.602498957846
269.138566443072
269.595463945122
269.244999631623
268.567474363676
264.957567160744
269.780759366392
278.471927705699
286.681872499396
310.137521502497
299.953720573556
307.28650364692
290.074140198621
296.219213482006
273.144690191231
0
315.000263563511
270
0
