330.894516197548
288.674038309757
356.102566661639
320.827495021541
274.217505992743
312.162268525025
334.89932321077
316.519847437039
342.591481173361
323.70608016253
345.993081829338
288.416980156126
297.814125404599
305.852241111985
291.493787191894
280.714802683033
312.046380883366
306.418927439481
298.338334164605
337.966866990925
341.742148151628
340.203380675508
323.353467270327
304.259851926479
351.97633089104
301.717450703252
336.849410425241
301.676306728883
334.546591290764
309.012003746485
310.797077147909
343.962032151975
312.319914229554
327.085130160338
348.114642165422
297.268224270189
328.068965379369
282.219062839902
295.7133174594
319.04570934201
296.669550100069
307.610418275417
334.755202098034
335.897517032721
331.110828139142
280.150224902339
312.464435227732
291.292607085993
293.500610820037
295.6687830451
317.254499977696
299.433938265031
323.953472185067
319.756630116509
303.849840825845
280.57906465891
353.554808404229
283.42724060791
306.044091901772
315.289473052332
323.287217920337
329.482417955708
307.0905804758
330.208385725306
309.812305286007
280.970111222229
350.649480455904
318.332816931927
319.125332626273
283.776797574755
316.583276330336
350.889090487617
306.325921510684
322.230116217578
322.134332993088
287.717444009929
322.376405132427
313.324987866021
330.474850279702
308.43654748313
346.474307210492
302.855731126088
312.281430691566
324.707369918034
304.4092106624
315.048649097107
354.073502127162
332.885686372672
327.86983304935
348.699832555578
304.203821857976
335.013441302695
290.651552302236
343.576367463811
318.997905567299
322.991511562566
315.6117234283
324.4529887298
340.186803984915
315.987970514732
313.411430963856
274.192455537382
294.956271250899
293.415579143317
286.188531997401
303.562971649153
291.829112850645
299.299457626057
339.384889633813
352.022414315264
336.79596978808
319.233239186834
326.084596667171
332.244836987344
330.684742647818
324.492475861765
286.533560614389
348.255589248902
298.268502910142
300.534264169382
317.925702224001
319.365338776211
326.914219349873
348.095585069094
293.50685657179
343.307787043672
345.837469381248
278.780159995049
329.657788154159
285.614045848069
350.275093763416
301.153205886239
330.159023609483
286.672788875909
298.241069164663
354.9716259393
329.73916135704
293.04198617076
315.530119828874
340.720880886206
283.932797247936
302.808151710401
343.651546271138
312.156908315126
316.034204032549
353.635825138413
352.376018561719
344.44975158504
309.683452067689
313.24814482325
308.914056493627
338.160238792461
354.27680801111
346.190299011179
285.73996970245
302.559406796903
289.988162748204
327.891676733525
273.147647191076
306.056363727104
320.111210023856
333.264658960432
308.879216500734
302.006086835896
323.378160841109
322.735796088808
287.705444172028
315.81931902156
275.511340804366
354.376128764856
327.151652458155
307.713406730205
309.417367370263
336.44782212094
288.172262131779
322.019100866248
316.318640117108
356.758901317406
279.765957031881
345.811188416253
331.012770843928
336.125459441838
276.161496854189
318.943749862744
327.436634754625
278.254732192483
314.859115437162
302.584474863451
298.786025602437
316.674175013159
337.619524794791
277.336068398968
278.291514063158
325.801034617666
301.147803694669
291.787592591858
290.822013006831
341.645065984355
311.140277764693
352.230330239453
311.834158405222
341.930791807112
332.613652678239
285.406819173379
317.696964722396
309.144278500029
293.415860791871
327.04178380948
333.199350463788
350.584792465831
355.512611881371
317.654597876622
344.674872502485
321.556471029353
337.43890282388
357.813853899424
359.45671480327
359.640350773228
0.653309987113652
0.720504268807294
359.478075297944
359.364819792925
0.220850985402684
271.629174234309
273.209157225753
276.426089690362
282.147707529199
271.467686571909
274.526856562321
271.615605665175
272.069833612297
293.137326014062
301.560635119532
310.230485402584
276.103081316215
313.210322582526
289.789276053506
307.10674799786
297.994870421764
0
314.999871512914
270
0
