331.597123158679
332.362808014279
299.554038354891
330.122328867347
303.490175833147
304.853546519892
350.589767261499
283.576803823679
329.608964002207
289.51018097582
325.792418929952
339.35408743038
313.49629006455
355.185087553567
323.758401473089
306.818949995304
328.232797973321
273.985060596541
339.470836257567
311.812787949293
323.50540762044
292.096670469503
329.199192321646
297.704492645866
298.845427714359
341.030509026715
343.787181220344
286.12722292295
284.693306523329
334.533029537429
317.156360207105
299.410437823212
331.103844297032
274.645481537891
294.068211602077
334.847090495503
349.034190960084
323.726393616062
326.057519858543
314.600599859521
297.681630476409
318.479799545464
287.577214531464
281.060948037852
310.65080946094
308.429564508868
321.599658454321
305.449824641626
324.495464829813
322.332472406979
335.095376352999
315.231430315442
309.378483831588
288.347287059624
328.89513050453
351.017414682681
291.908699044548
320.280295550433
280.570060940481
314.762701020295
275.70486876363
279.403686435762
317.278158387025
344.495707285603
308.510650111173
348.723226826693
340.772850099141
315.351903010884
307.002976181328
327.85434755503
286.915630925249
308.561159561341
317.790014688416
324.843548301796
296.078911135825
312.492421356026
296.682861961983
300.216093050944
293.862090224213
293.257461023134
313.819760789398
277.541295071339
306.062564782181
283.808883834878
306.106157415155
316.398256563859
284.061483521566
347.423123408601
328.131626051701
341.671992051431
300.699239766436
307.964575269981
331.106449048338
334.64488733278
281.542825603111
303.407820911966
300.761270079213
279.014525507447
331.892462698874
323.617122823715
311.528978603111
348.923472719339
347.452228017658
274.039446621554
326.388848728734
302.132222129257
318.504188028399
304.515773666377
308.137949376279
328.53320405636
347.129877730878
356.173830549716
318.978188623771
334.896782642344
292.379703971331
284.619765716192
338.476832252402
333.848777123573
351.647378327716
308.433041028553
346.73370601071
354.434189718878
331.366334977957
352.746426012977
308.77675765772
336.623170160941
309.797941544661
280.740609778919
354.739522496734
291.824497525879
343.896150026682
294.92351978936
322.348958507561
350.051898369021
349.088588093216
301.886298862453
303.089930764364
278.344361591833
301.552103548037
321.292019278222
340.441665510332
314.609816622528
321.312203735673
279.597671698145
316.042056130052
290.480184555677
343.669286880351
345.068720122817
314.160686113218
293.83924923757
329.143744450533
319.571814464814
322.454307356086
345.337271030831
288.636047496312
337.826653353421
311.543489733529
299.29137855704
338.268244665661
304.62779636831
312.782673463597
340.037441090182
281.441540456778
342.340341716753
318.000550134295
301.349227922462
322.937130469514
291.938427451186
315.187715664605
324.361565814898
317.227358638994
316.124574479802
328.65989738797
289.146688918903
320.292922580371
313.989290504305
286.901470491776
302.385225647063
312.182611773476
354.689923883174
354.081114988647
299.087518099775
316.473207641327
315.024554838031
276.742539749115
287.1280281429
333.57852046096
342.118408608566
343.175189460899
346.980513685829
333.6052083428
310.002626550149
315.415576567925
338.708279178959
299.136188751516
290.328056257973
320.643680953105
306.418786639751
340.449003545838
326.284870693255
355.080518040474
288.110473257832
295.414001580437
274.887869600643
311.671531889017
307.491010985627
336.608429268935
319.94674145896
347.388849199513
329.038228228125
324.811453382689
350.716556457932
354.919726416475
317.259589336492
340.463049669233
357.570774864446
359.296053168309
355.950660557355
358.657161340873
358.964361984019
358.853432740795
359.568615722931
358.736815805733
271.351366317239
271.329991065671
274.661361103916
271.675737653857
270.622564618444
278.591355827625
284.558866542606
270.829561148705
272.114110433474
283.672190682704
294.365271051906
278.37751306289
306.694220710184
311.595776329939
301.096148166556
309.871430946637
289.500608687641
0
315.000003437701
270
0
