312.814726638824
324.585404970971
337.82039607229
319.756065680387
310.349409740454
341.452817169527
354.926918725324
320.718743202456
332.917070577036
331.883691983728
320.418789625763
330.108682925902
329.583544320112
284.200086305577
336.420243767094
340.090818284538
337.883825758776
278.343462743015
313.747384469166
337.361088706885
319.25155802799
347.266480836832
351.583564275896
339.090249573589
357.625084707526
315.878585954041
354.176326497522
283.233118645138
325.01918024206
344.471709415939
330.685640381904
330.353339443861
346.2550491113
309.092744969746
306.09297007841
285.65239976315
356.435055663642
302.602271814695
299.949251425275
289.412705575078
322.067586100813
318.171654267192
282.688790922873
306.159118895641
303.529978771468
315.431982843957
320.392239721953
290.166141302573
290.831756164334
294.543433441142
292.366721641447
286.373782883867
335.750558624707
312.390492223412
317.748098508042
312.158480728192
276.792842608557
300.920920588434
327.399958897813
352.61998028868
352.217599857807
342.024420961258
329.003016189889
341.509556951637
326.434181298579
308.780195655674
336.852244433672
355.387155768643
336.643755434259
332.656405050827
313.404978070513
302.689993639737
314.918953996485
345.553639870187
305.808262087533
328.558686604406
325.940490140493
324.260931295551
292.498908879665
285.234266435057
290.342970286466
333.915674103409
298.90611136736
278.113627203333
317.238648627231
314.349291934545
326.454811201378
277.439016167953
275.955017991123
345.021595201233
300.924150962752
305.835315478674
319.077320929057
358.718651624444
302.013971443631
350.794372292619
340.276599335704
295.655962276986
302.922983953063
288.485529078715
319.842664288344
280.150369954177
310.935589565849
333.976246086871
316.014717930014
302.934362834349
296.553951648157
273.993840809238
317.821473023182
347.347964146293
310.922284373105
327.144412006529
295.720313803829
287.340490160419
326.334355840908
344.786046627754
321.430520834641
339.568462111123
322.449081503789
314.440648870545
305.688637445443
289.501379831121
352.676173423882
287.083314795917
314.389242717133
307.647290508312
329.116261665394
353.335385092672
330.604980948297
304.445042311489
318.787104453975
322.008301528046
297.376928502167
294.617684803091
305.403409293585
353.730436098139
308.528853413814
342.690720330579
279.330809470992
307.867097952695
314.289897756284
333.823564195992
302.953062501873
309.477001684718
338.843263613693
289.547530528798
326.696719151614
309.595677720346
333.442224362545
326.068250814265
299.211014766836
314.500307872565
308.727025150504
325.996160481212
356.321372600713
333.690993032044
349.126185038849
307.959974698733
310.741052660333
330.13111287106
324.477665971002
313.276930092128
340.841150299395
318.100201697887
354.151491281107
295.796013231012
313.135010057048
317.215782691599
309.908668230062
291.52984774346
318.669428321948
278.360005779417
340.682682818118
278.030395319199
314.243741572187
318.101938557946
282.919824923167
355.455180194564
333.139339725781
281.50626077715
311.479655969869
279.503308344673
289.164471214752
347.157768362591
296.097899761901
299.443849306974
336.809195213817
350.233925637977
316.249919025825
340.215413547979
344.036351184893
295.708541785362
298.762312699065
347.754125945928
280.770087553975
299.625597411564
298.482751458062
328.777877138706
347.756793522007
281.764176435497
346.228540736428
321.344493552681
294.575346714214
322.24752751633
324.593359022105
293.312327189424
297.235232630043
322.192855970148
303.096655879488
352.414698406821
344.739040648318
333.339762927376
328.232687886619
340.84738526188
325.690507084712
318.994812892889
0.183671232284621
6.0763816302974
1.85431541669152
6.00381548984228
0.120590797061352
2.04324849973104
1.11093076666315
273.030515563957
275.54306294782
272.160374533685
271.932030336577
274.021074043503
272.109327944582
270.197641402727
294.132613941877
277.295741038538
289.930625864735
283.666075956658
307.947377813269
298.742275739512
313.369659513546
359.999934109912
314.999785720794
270.000018334001
0
