302.223858890388
349.641408416539
355.156630991875
330.736758332084
318.863440658104
303.404960982092
306.789648600025
343.251472765407
324.961526998283
327.835031720064
273.490428059694
277.385412760361
290.156675150128
299.503502878024
275.08443709355
345.457999438066
319.249442420968
328.76000303169
346.449190079708
321.833516641719
307.034539411669
332.506034296033
341.666198496892
292.818965679789
322.784547735087
298.617686452003
329.391932034312
294.746572568805
297.680475981669
327.39594667035
316.45113102001
318.866605812359
332.921153732033
311.211650401278
309.095902096603
319.63504522529
274.131566772432
354.377224628679
296.143157752144
335.950172745866
333.868724384525
285.456717198044
278.680873928484
281.621278959556
298.160547509101
323.330468548269
339.638921611036
296.487421850223
323.965415728299
287.623552948109
282.057755890953
322.678585563825
292.077911134626
305.816243160838
343.806432809358
344.545041310976
322.825811553774
334.947077526053
311.41069412543
279.546282278765
280.95059643695
302.124413636969
355.623829378525
325.734642160738
350.356090457878
308.269232660735
309.022687850416
298.585244477655
336.772603680195
347.815700757974
321.306748325064
315.845243226571
281.417999885582
316.641667503075
284.732301277719
322.759701242444
329.019645649677
291.768484526963
344.561945804355
302.668848082991
299.183741195353
315.894413064896
289.39097516778
313.230867179203
303.199356439995
331.381758509401
276.459932667498
315.141281150318
300.856708677288
278.64691722616
353.604589145269
311.718525518136
320.889288268623
272.296486889613
288.206012588396
304.007996066525
283.06005692676
316.44394005379
324.074397919214
351.944478242301
337.24990096082
286.005993096465
313.331575711227
309.542673763988
319.356858671142
316.817783425175
278.515990830263
345.576593414509
290.364495700325
272.101257455543
333.094866670759
311.966717292214
292.913166955495
355.368329231658
353.054387017498
295.609970132473
353.138958909763
283.572441646341
317.483351117046
288.805839311428
324.387379461334
310.127912666228
330.277885448493
349.386189071486
304.665150567493
344.407968493267
305.620006153801
348.6588006586
287.917962650421
284.750210895643
304.319776795268
337.803489943651
293.017732840351
323.661665370404
291.380799908521
346.195899546368
315.249798926129
309.986611413468
296.276782869187
353.927010376955
334.114056380254
273.122025272656
309.272584646479
311.752537417282
311.383454446971
357.20396185807
335.890491322242
298.180408428486
314.372971202384
310.405292445911
342.035929091112
301.195001804771
315.268554728994
316.221722549584
280.175846822777
326.717124675891
308.201225845038
338.953245880703
310.357415775696
314.494821586433
336.844317592598
299.606245885987
307.050737748093
323.828608872972
300.411242230899
276.642060014033
337.936136852023
343.152727498151
322.571362837116
294.78643889291
324.52895258411
349.106166815243
306.803885879405
301.224846755242
303.832670054401
306.913923456015
292.803783427067
332.293560692444
348.179115584905
349.001087176702
328.469106444022
332.650662838981
329.472647265983
318.919118341494
355.905009038375
315.958595262055
274.071309189632
280.666788412966
358.780747643078
338.95376086895
317.869286689724
343.043040866022
334.009750214495
280.128682683746
276.102963513456
320.699425844992
285.517514190393
287.647852855132
336.519782350695
303.120130590471
318.50964144987
288.319072997391
296.075704657388
332.198164355923
307.519811764605
329.777354734141
314.340831391124
346.458997621542
332.317014572219
355.581887170173
326.833731370755
318.178055065219
340.028718817125
322.881041250031
349.761392837652
0.511012082107469
0.9018178868536
16.5502555339916
357.13877565534
1.0481252463541
1.2086042839955
2.36168171400695
0.712636408579774
267.268097870125
269.783606583563
270.724866354976
269.003474833248
268.852027941168
267.02871269988
268.417518327638
265.999947243139
310.759756937723
304.765914621378
273.472090020573
283.049379412715
292.202856203665
298.25571325899
288.003474899645
307.92682147213
0
314.999600087996
270.000004297019
0
