275.136444904074
333.884670391552
297.375723666865
327.092462444887
336.638871151318
339.604034893844
306.422227220261
315.043689283194
308.517510006297
316.759514826949
331.451538232901
288.761435191488
306.218685335761
357.954686622396
318.866325908743
321.752915290637
305.039339722723
285.238180066794
352.906916919818
349.272084321669
340.319764192537
334.596491076863
302.341138041309
317.805652004449
303.455320817343
309.372059648347
302.401715834695
293.431338078543
352.115341995732
345.968501049859
297.347761802514
326.44644919516
327.24063326464
313.32812650142
321.531148091405
303.104883418026
286.159147985923
314.880438378634
339.588369458425
304.268705454574
314.87737846425
311.202779029134
309.033699168335
304.841345647054
344.532758665324
333.559880143329
352.199291104977
353.136492717067
306.065026736508
281.771328729733
320.18623598245
347.034931515275
324.997904507327
343.648296014598
281.050177614377
282.348922371042
309.843017109301
277.686366847232
281.952790729258
300.248460813241
338.649207842972
326.046765666712
296.67422809316
296.494344754483
301.900343412006
355.818112642419
291.027104882134
333.021680610947
295.949208060231
322.434911283216
352.927802900593
307.673635690977
357.518826780577
300.942505520344
271.829389680853
286.740777159445
290.011727924773
303.776936271467
306.76091887042
275.435432457776
307.890311040772
338.1126058545
310.448482893331
294.036578232651
319.955621556502
321.971782833533
308.760865517231
346.19809563472
298.292526266539
315.176180834098
328.472091890472
329.363230843821
283.775827993623
313.464147945386
272.768807906631
316.653126985811
283.393047046233
286.360003033358
316.651119055861
330.794292085688
310.50959112868
279.181785949176
357.305337010477
321.169393184897
329.691605767168
277.772411582912
332.626338398614
317.243558310396
314.602778195665
276.88563876953
345.902090778617
324.108891629139
283.271773451981
299.78185532564
316.126512309989
315.272274401282
333.743994307493
315.021605628869
341.470733223858
309.526607242833
290.33993798906
353.408301811161
301.239863327119
345.358622757915
352.995386845262
274.826940502634
341.210810618767
299.404972705846
332.43253864999
345.964063574383
285.574862748633
322.699141556776
292.751885288966
324.551795766373
342.456894634243
314.364580137033
313.079720594143
294.130034052329
335.451689071331
356.225094104566
301.571478973956
319.592289240499
315.486154384865
318.290832504108
283.690686390326
321.005848003771
337.238579022071
275.294820844605
341.732237767236
310.932467423725
295.376102212066
293.694533842699
272.740264672447
275.48569161047
281.761607290696
312.532186020134
288.614793776257
313.819230647859
327.151106182755
321.591381723738
300.20561550282
329.195206722601
336.01629929855
352.451621350971
349.184560100505
358.165477112584
315.752387356421
303.638557407784
324.273225911045
285.105472294965
312.234777416551
314.906564654787
330.292867356509
358.31606114988
309.647752410579
296.846465529335
288.932240453951
339.541590576552
326.419525596833
291.378330216289
292.612522689883
332.416972304855
346.817490357063
323.911765175528
319.573894291358
344.215303190831
272.275887178736
330.275470477075
343.080914811104
339.759759088191
289.674865112149
286.791669447627
315.926412045334
336.836450217453
348.763721025693
307.513081355921
301.391675223268
277.227940936962
292.481614741856
350.680503911107
275.141671551629
321.366875294867
321.843532269001
297.68630826225
281.262788729644
352.211205748487
335.847562996801
324.273512691655
330.234148174702
348.753790747556
352.466790278588
341.370427270758
319.616978193409
356.48766152538
13.1732492520558
1.40142186805646
1.00561788572076
7.09620533192705
0.546881662354882
4.34765097638051
1.28289893735163
2.5422015529394
1.90987347747534
269.607326248223
267.714395933109
268.833253032965
271.21465720318
265.770547934663
268.349225556802
268.855410212776
275.270353878296
273.90893236876
302.101975930688
294.255746015561
278.691790731262
311.152201364895
285.433911986141
308.577209790629
289.760710072909
298.35873298952
0
314.999959894753
270
0
