298.773571067206
296.89192158169
279.640795043644
305.897877102958
350.553280105527
302.428632461844
306.502644468353
304.50704963519
319.659428847378
343.313748183843
339.763536650915
293.425621734804
336.004558355476
306.098418365217
275.082844665367
346.206939879278
307.161254883704
285.674810533641
352.241018154432
334.595425970688
332.862065325869
322.795837326851
298.615256489464
344.019616332626
337.234774770359
307.010111460352
315.437980657238
341.754962096167
352.62853625229
310.961074813723
334.029162371785
318.283847321969
299.073490527347
294.942669550086
305.525194096447
290.548749008075
335.870271898374
329.637425787676
306.466151025534
314.658179365282
326.609825588985
313.13295564114
277.901421714834
324.780651050646
318.748596183561
326.566485326519
280.394577630786
309.504094566672
323.616055125093
278.164461581133
291.420054537263
285.078398516004
283.282396587216
297.330774507435
327.900410331171
304.388903764362
335.221069724483
343.644530782851
310.87656463959
311.164505883682
296.966821640074
282.302221317449
346.094805012196
325.951520930124
343.981014009855
274.298502731187
342.020440032477
330.506457363267
280.288227762676
321.510582223211
341.441207931699
313.449115526755
347.397282335713
314.730155376322
323.723695676074
318.803760424308
315.86066261265
290.002414103102
273.630591799705
288.959737341057
302.359225550053
340.443692153292
312.261147132567
351.293250441289
327.539153733346
289.155463067425
340.726805466243
279.643137407051
294.519591066002
274.900174790604
312.66493910231
323.784131245728
284.08524073162
272.159742309424
289.807643575575
292.298578306318
301.386827883683
286.017816170713
287.778020502264
322.113252275544
293.220718264218
275.483113212643
332.163832627327
286.704976411852
337.780279246297
308.42401292429
328.008476425891
321.46066038156
317.650803495069
350.207087546733
331.697412144421
324.119870587837
355.421526546114
334.519984075129
329.454202101677
284.706740860732
303.160051912054
320.655677278732
311.246575729183
351.688037122092
332.112015984073
317.147210571163
318.845805769428
354.015931453576
310.124308712338
349.858611967769
338.385732535642
333.977903930688
308.816120490461
316.107947407792
326.117543043562
309.731127489712
318.155344128542
313.119969805521
315.817005213726
346.681078126463
278.370964927873
300.078956712632
313.639556498777
335.375102436528
327.08483526722
355.474828907738
348.343843510987
319.550205081528
320.730364083382
304.156747328113
339.836184003346
281.602713938125
342.188316095605
346.458328854288
292.246170248865
295.392122357204
317.252775588123
295.743844119297
278.585075509384
329.959075862459
324.066014664332
273.988722057102
275.79474297501
293.048602672306
326.232453894111
317.687695711785
275.272847182176
310.075077010404
280.111192194578
314.804809962524
294.481408978939
315.389361100166
299.404692324685
302.799407692017
302.122799121883
331.123121374156
313.461582136954
292.023346255575
278.511367662303
308.392384477991
283.261315317422
334.302355795161
321.351599548855
305.605667165879
320.126320382205
317.83397825632
293.581449027542
318.986602442381
338.723055886498
306.592693105674
286.075296892237
323.94689496675
286.918360098193
292.525414445462
310.153634229501
303.206954494766
331.655019618195
314.367646708338
302.904969327385
317.49427802304
350.366367499563
351.9486175568
306.081083026863
350.257071867503
327.458560030928
314.411595141539
297.838417089346
301.92247160918
300.568271511704
300.493918608998
354.60048299394
324.963710910651
343.686857957243
334.087146527123
319.365050428669
338.250815721619
328.404251209835
349.350446617718
322.272783977341
349.871260553667
358.722281877334
359.481979991738
357.405472872203
358.501827257854
358.80835791009
359.523094185092
358.0956420789
266.827094709125
269.863325075341
268.33022332756
269.635402915136
269.723347775145
268.876824670093
269.668452261761
273.117052873916
269.544082279962
278.894599508907
296.065933554281
310.945148490307
285.32561901924
289.975693506145
308.173111807866
305.024505980467
301.199221984595
0
315.000325723948
270
0
