291.272087026036
289.770317850681
314.065445011398
335.816744516695
304.990322062691
344.485412273986
337.589845775407
324.919978807647
285.793271552411
340.70527144911
322.336211370371
345.06077737682
355.470487480944
352.341425090583
340.084901278416
352.316291554631
320.48162018309
350.378150549291
309.679161053901
328.571317982855
355.282595586009
289.557595426818
306.061539237088
300.15047326762
285.324814059962
303.997653909072
309.001259778445
318.933522614199
279.558777242735
352.060610144817
283.402373302481
286.165322654011
305.824569156592
324.556164151983
335.063304059206
343.224211575693
308.316887109998
312.771046257757
290.384067592676
333.977521149633
288.369971229032
307.210940948018
290.239914468942
338.173477670773
303.869080437975
323.763319473063
308.05451707681
285.148610481474
340.840186113446
316.671119018054
272.345764791374
274.29412242562
285.33148726419
311.467022160617
284.512055514239
313.616311557988
297.595874944401
297.284833767952
300.053236178941
314.115404409523
296.171024924509
302.141673135877
336.226463498235
279.969631114833
280.887427047569
336.516227793169
280.544929262242
308.557066677846
316.857101236593
293.706374247267
294.601229788675
318.430794655725
339.648388419151
302.580716412154
325.726587568652
291.707236252669
323.18015118971
339.944664840192
313.551627130879
298.693643963897
277.922034068245
322.680439655372
314.655136055982
309.759945934806
301.577239593948
315.018023902544
318.688345405627
299.385944046943
294.840792527568
291.014764703477
345.133620338295
308.88777499939
330.041643981775
322.07925046958
287.478457692569
293.728939136179
298.971186870236
313.935322945089
316.80979039121
312.56101219678
300.709649791019
296.249322819107
319.628784571445
327.346539284917
306.664330456788
331.560165053831
349.427263532123
349.868828638259
316.300572856106
272.444244881919
323.121585617732
301.648944373134
339.317627714148
274.205595725222
280.825826922421
295.834245087197
316.68581670505
330.717512952808
331.59069225543
297.338612002045
346.548062713459
333.604167609657
311.475484263901
312.066353711033
303.389404742134
277.028576941434
311.45536445194
354.035877728706
275.471435193348
323.457205471
323.500520725044
302.290516880873
349.764668310426
286.710589394812
282.460362980727
326.807748097002
305.468123521094
315.263225536509
283.168497817427
302.029777692186
293.29633746937
296.561974286668
312.365931978499
328.83022593365
296.520210277987
311.411024627511
321.251129517877
277.748317375635
329.660333140342
348.548213650847
328.597998787635
315.849059765482
320.156897810147
305.246352598562
308.522581975782
336.917689287173
329.714594823767
332.233287468061
317.879970517706
347.392304137939
333.584669343649
310.07625291286
328.987449295577
301.003833246554
328.695244177085
288.7233045705
318.97093062574
344.661980080314
340.541926338492
298.888627394533
305.416080799632
276.06427114897
328.698121322466
307.6450086357
349.173796140648
273.052679074327
287.127409948467
290.502425334142
343.939154101183
355.012474297785
345.059161779753
339.794300889447
344.982592950746
283.677656694611
330.42444732537
297.39474524856
327.164026653775
311.467025955875
352.300145497661
342.857723314459
334.352342672847
274.835135524416
276.533603146847
290.548752737236
334.229499215966
277.514604425248
273.34751624594
303.811029024527
323.155304252617
280.766244490852
319.389260939656
315.597601457283
272.11423390509
316.825557573229
306.989782279032
325.279303635893
349.218332135523
329.898901150087
318.336208552195
337.517595731636
352.834563788573
322.270692527157
315.646439455393
343.665325480176
326.101962680767
357.940762596505
357.902120624968
358.954569191986
358.848723196028
353.333028062993
2.82539792541537
358.917339140607
349.326910649561
266.370676257214
266.017749572896
268.698947979971
268.00489146291
262.048569934094
268.291890956992
267.98677363159
266.312060346252
268.052488865444
303.011199116451
297.712604562687
308.876808495166
293.345901358396
286.950664340095
273.497405018948
312.215812733585
279.170637350306
0
314.999685593438
270
0
