-100.0,-100.0,0.724453432945
-100.0,-95.0,0.724020735391
-100.0,-90.0,0.738182070235
-100.0,-85.0,0.746045372361
-100.0,-80.0,0.747025459616
-100.0,-75.0,0.756283849964
-100.0,-70.0,0.769565583444
-100.0,-65.0,0.751680697154
-100.0,-60.0,0.757618220803
-100.0,-55.0,0.771245377926
-100.0,-50.0,0.767408808836
-100.0,-45.0,0.765406191374
-100.0,-40.0,0.749189025056
-100.0,-35.0,0.712345329346
-100.0,-30.0,0.698752472031
-100.0,-25.0,0.712700156453
-100.0,-20.0,0.690008601301
-100.0,-15.0,0.70823947923
-100.0,-10.0,0.730433946515
-100.0,-5.0,0.74118995946
-100.0,0.0,0.741341309801
-100.0,5.0,0.714558235397
-100.0,10.0,0.689931237911
-100.0,15.0,0.658730943836
-100.0,20.0,0.645555803959
-100.0,25.0,0.648709581751
-100.0,30.0,0.63748408467
-100.0,35.0,0.615988184871
-100.0,40.0,0.627441700529
-100.0,45.0,0.662707100115
-100.0,50.0,0.687771127825
-100.0,55.0,0.723789804175
-100.0,60.0,0.747096611379
-100.0,65.0,0.734755757165
-100.0,70.0,0.739735383934
-100.0,75.0,0.781686836387
-100.0,80.0,0.782064623137
-100.0,85.0,0.754602513052
-100.0,90.0,0.720466983575
-100.0,95.0,0.727457759851
-100.0,100.0,0.724453432945
-95.0,-100.0,0.728786052329
-95.0,-95.0,0.717853689036
-95.0,-90.0,0.74562838372
-95.0,-85.0,0.737835301823
-95.0,-80.0,0.722988789174
-95.0,-75.0,0.727301483897
-95.0,-70.0,0.763302181943
-95.0,-65.0,0.751627187235
-95.0,-60.0,0.758982936721
-95.0,-55.0,0.79093378398
-95.0,-50.0,0.772814725374
-95.0,-45.0,0.763672669637
-95.0,-40.0,0.764054535992
-95.0,-35.0,0.744036888298
-95.0,-30.0,0.723082170187
-95.0,-25.0,0.720183281987
-95.0,-20.0,0.723318844081
-95.0,-15.0,0.720305496941
-95.0,-10.0,0.733113200666
-95.0,-5.0,0.73514030027
-95.0,0.0,0.741392243967
-95.0,5.0,0.717155344257
-95.0,10.0,0.688006191464
-95.0,15.0,0.653452726004
-95.0,20.0,0.639727636526
-95.0,25.0,0.674001298443
-95.0,30.0,0.642640146897
-95.0,35.0,0.61233498583
-95.0,40.0,0.634741649045
-95.0,45.0,0.665754367337
-95.0,50.0,0.712409799811
-95.0,55.0,0.742624172182
-95.0,60.0,0.71190114299
-95.0,65.0,0.695490920306
-95.0,70.0,0.721115539372
-95.0,75.0,0.741257236709
-95.0,80.0,0.768495187271
-95.0,85.0,0.762935570998
-95.0,90.0,0.740739370039
-95.0,95.0,0.734835048854
-95.0,100.0,0.728786052329
-90.0,-100.0,0.746624410389
-90.0,-95.0,0.702733110214
-90.0,-90.0,0.703797627888
-90.0,-85.0,0.73424104119
-90.0,-80.0,0.704818161432
-90.0,-75.0,0.710688133426
-90.0,-70.0,0.737449300461
-90.0,-65.0,0.746848828679
-90.0,-60.0,0.774254767746
-90.0,-55.0,0.796282851008
-90.0,-50.0,0.777970047162
-90.0,-45.0,0.779550725524
-90.0,-40.0,0.779454313336
-90.0,-35.0,0.749248087347
-90.0,-30.0,0.710124135794
-90.0,-25.0,0.703092746564
-90.0,-20.0,0.720333326028
-90.0,-15.0,0.724606948132
-90.0,-10.0,0.717408649711
-90.0,-5.0,0.728995276414
-90.0,0.0,0.751335303742
-90.0,5.0,0.742290726669
-90.0,10.0,0.703552591974
-90.0,15.0,0.655357869359
-90.0,20.0,0.646409222373
-90.0,25.0,0.651180215432
-90.0,30.0,0.652101109315
-90.0,35.0,0.644342031124
-90.0,40.0,0.658951432901
-90.0,45.0,0.701640364568
-90.0,50.0,0.730090208942
-90.0,55.0,0.715298061386
-90.0,60.0,0.675647164078
-90.0,65.0,0.671305414003
-90.0,70.0,0.715575212065
-90.0,75.0,0.724608798137
-90.0,80.0,0.728617496063
-90.0,85.0,0.760113814573
-90.0,90.0,0.748260125713
-90.0,95.0,0.756302141509
-90.0,100.0,0.746624410389
-85.0,-100.0,0.715740706599
-85.0,-95.0,0.680456481228
-85.0,-90.0,0.694230431851
-85.0,-85.0,0.721377096891
-85.0,-80.0,0.716229127402
-85.0,-75.0,0.702230665852
-85.0,-70.0,0.718816159198
-85.0,-65.0,0.7397239315
-85.0,-60.0,0.749250856754
-85.0,-55.0,0.77522522211
-85.0,-50.0,0.79689573838
-85.0,-45.0,0.808672654037
-85.0,-40.0,0.791491760533
-85.0,-35.0,0.753966229638
-85.0,-30.0,0.745288346894
-85.0,-25.0,0.73143233019
-85.0,-20.0,0.717598552535
-85.0,-15.0,0.722305737415
-85.0,-10.0,0.745972489705
-85.0,-5.0,0.755350959804
-85.0,0.0,0.783719659465
-85.0,5.0,0.760921135039
-85.0,10.0,0.702723074155
-85.0,15.0,0.662459445092
-85.0,20.0,0.632077989216
-85.0,25.0,0.628331536128
-85.0,30.0,0.638518068236
-85.0,35.0,0.653027064744
-85.0,40.0,0.678208567113
-85.0,45.0,0.70369286475
-85.0,50.0,0.703980976561
-85.0,55.0,0.698572847105
-85.0,60.0,0.691032566613
-85.0,65.0,0.712261156763
-85.0,70.0,0.752739217968
-85.0,75.0,0.737402312298
-85.0,80.0,0.722803833315
-85.0,85.0,0.722317617691
-85.0,90.0,0.706950818902
-85.0,95.0,0.727167369277
-85.0,100.0,0.715740706599
-80.0,-100.0,0.676711961512
-80.0,-95.0,0.661658180679
-80.0,-90.0,0.657400589988
-80.0,-85.0,0.674650755355
-80.0,-80.0,0.711947468784
-80.0,-75.0,0.71762112829
-80.0,-70.0,0.717345049741
-80.0,-65.0,0.74182611671
-80.0,-60.0,0.757467415561
-80.0,-55.0,0.783716113219
-80.0,-50.0,0.794163524528
-80.0,-45.0,0.781931014779
-80.0,-40.0,0.770570976748
-80.0,-35.0,0.768294114022
-80.0,-30.0,0.776971059099
-80.0,-25.0,0.776928588622
-80.0,-20.0,0.753185557068
-80.0,-15.0,0.757087133927
-80.0,-10.0,0.758663468688
-80.0,-5.0,0.766550561222
-80.0,0.0,0.77543436847
-80.0,5.0,0.770130872574
-80.0,10.0,0.737006587503
-80.0,15.0,0.721291057382
-80.0,20.0,0.692866791559
-80.0,25.0,0.649673771299
-80.0,30.0,0.642732266778
-80.0,35.0,0.661390081278
-80.0,40.0,0.693415791273
-80.0,45.0,0.712467724979
-80.0,50.0,0.707434256928
-80.0,55.0,0.702883622162
-80.0,60.0,0.721478394209
-80.0,65.0,0.723407255571
-80.0,70.0,0.722434794029
-80.0,75.0,0.728013991017
-80.0,80.0,0.70358657703
-80.0,85.0,0.686525132568
-80.0,90.0,0.697358610571
-80.0,95.0,0.700407790788
-80.0,100.0,0.676711961512
-75.0,-100.0,0.690615646402
-75.0,-95.0,0.679988972852
-75.0,-90.0,0.673191119343
-75.0,-85.0,0.652954980317
-75.0,-80.0,0.700504047654
-75.0,-75.0,0.73061029252
-75.0,-70.0,0.719267089343
-75.0,-65.0,0.740486090616
-75.0,-60.0,0.769575081073
-75.0,-55.0,0.757573926253
-75.0,-50.0,0.762177258924
-75.0,-45.0,0.772458923875
-75.0,-40.0,0.789873513806
-75.0,-35.0,0.779835260678
-75.0,-30.0,0.756844032121
-75.0,-25.0,0.755863772274
-75.0,-20.0,0.766266797132
-75.0,-15.0,0.765634922133
-75.0,-10.0,0.760563909669
-75.0,-5.0,0.744015642317
-75.0,0.0,0.73414137021
-75.0,5.0,0.751790172058
-75.0,10.0,0.756226462832
-75.0,15.0,0.750459317918
-75.0,20.0,0.721288985465
-75.0,25.0,0.690959849624
-75.0,30.0,0.687645941761
-75.0,35.0,0.709654943456
-75.0,40.0,0.712468977262
-75.0,45.0,0.71713952899
-75.0,50.0,0.715803736384
-75.0,55.0,0.700968802663
-75.0,60.0,0.707397843645
-75.0,65.0,0.703442369045
-75.0,70.0,0.699313022088
-75.0,75.0,0.707776962808
-75.0,80.0,0.673271196617
-75.0,85.0,0.667199364344
-75.0,90.0,0.69895231697
-75.0,95.0,0.71994697108
-75.0,100.0,0.690615646402
-70.0,-100.0,0.692803920849
-70.0,-95.0,0.703262877072
-70.0,-90.0,0.691669366209
-70.0,-85.0,0.669414848249
-70.0,-80.0,0.710691872496
-70.0,-75.0,0.730317036266
-70.0,-70.0,0.710187591094
-70.0,-65.0,0.75044104492
-70.0,-60.0,0.76238205549
-70.0,-55.0,0.740367059866
-70.0,-50.0,0.751681032701
-70.0,-45.0,0.783012700219
-70.0,-40.0,0.788616217917
-70.0,-35.0,0.788304399827
-70.0,-30.0,0.755559125078
-70.0,-25.0,0.747346263295
-70.0,-20.0,0.761089481135
-70.0,-15.0,0.751272203329
-70.0,-10.0,0.756029665918
-70.0,-5.0,0.745665753026
-70.0,0.0,0.739280742617
-70.0,5.0,0.750984935696
-70.0,10.0,0.742874775427
-70.0,15.0,0.721823269783
-70.0,20.0,0.725722821285
-70.0,25.0,0.725038528401
-70.0,30.0,0.726561269985
-70.0,35.0,0.734662695249
-70.0,40.0,0.707536226142
-70.0,45.0,0.697469302432
-70.0,50.0,0.696294916593
-70.0,55.0,0.655239525402
-70.0,60.0,0.674916444402
-70.0,65.0,0.703007441944
-70.0,70.0,0.722200355379
-70.0,75.0,0.715705903321
-70.0,80.0,0.654974324915
-70.0,85.0,0.669577871416
-70.0,90.0,0.705891991742
-70.0,95.0,0.706752161067
-70.0,100.0,0.692803920849
-65.0,-100.0,0.668017129248
-65.0,-95.0,0.666147504697
-65.0,-90.0,0.678091300203
-65.0,-85.0,0.680414575255
-65.0,-80.0,0.721786162101
-65.0,-75.0,0.736159497769
-65.0,-70.0,0.725238887692
-65.0,-65.0,0.759324265656
-65.0,-60.0,0.748078029913
-65.0,-55.0,0.744931351221
-65.0,-50.0,0.766083833102
-65.0,-45.0,0.770018653722
-65.0,-40.0,0.766348629159
-65.0,-35.0,0.77790292366
-65.0,-30.0,0.768498677304
-65.0,-25.0,0.770782830845
-65.0,-20.0,0.769004532661
-65.0,-15.0,0.744126697025
-65.0,-10.0,0.759285108741
-65.0,-5.0,0.749494757485
-65.0,0.0,0.732434160177
-65.0,5.0,0.733820542599
-65.0,10.0,0.723590060676
-65.0,15.0,0.703082292033
-65.0,20.0,0.712345892303
-65.0,25.0,0.72384201133
-65.0,30.0,0.710314877312
-65.0,35.0,0.704661369389
-65.0,40.0,0.678934304369
-65.0,45.0,0.690388432197
-65.0,50.0,0.68141009488
-65.0,55.0,0.658244759812
-65.0,60.0,0.681398343274
-65.0,65.0,0.69342544057
-65.0,70.0,0.712352125991
-65.0,75.0,0.709788024427
-65.0,80.0,0.696598674131
-65.0,85.0,0.673844842575
-65.0,90.0,0.697820833123
-65.0,95.0,0.698534235679
-65.0,100.0,0.668017129248
-60.0,-100.0,0.673848744742
-60.0,-95.0,0.662130618746
-60.0,-90.0,0.670705787385
-60.0,-85.0,0.692650173451
-60.0,-80.0,0.716877439834
-60.0,-75.0,0.732144505744
-60.0,-70.0,0.747066151916
-60.0,-65.0,0.750957543444
-60.0,-60.0,0.748023117799
-60.0,-55.0,0.734088040415
-60.0,-50.0,0.768806106795
-60.0,-45.0,0.772782359238
-60.0,-40.0,0.757169639232
-60.0,-35.0,0.771295801945
-60.0,-30.0,0.759786776302
-60.0,-25.0,0.750848706788
-60.0,-20.0,0.761656604528
-60.0,-15.0,0.749390134641
-60.0,-10.0,0.754950469202
-60.0,-5.0,0.736097727333
-60.0,0.0,0.710422885361
-60.0,5.0,0.718628028064
-60.0,10.0,0.736725657591
-60.0,15.0,0.724322083853
-60.0,20.0,0.702154452352
-60.0,25.0,0.703734363033
-60.0,30.0,0.701423116328
-60.0,35.0,0.686213516094
-60.0,40.0,0.690472622345
-60.0,45.0,0.715733236879
-60.0,50.0,0.708195021257
-60.0,55.0,0.703539370676
-60.0,60.0,0.707842054495
-60.0,65.0,0.696982004902
-60.0,70.0,0.702092134313
-60.0,75.0,0.726502409709
-60.0,80.0,0.713141287116
-60.0,85.0,0.663690507144
-60.0,90.0,0.650701074694
-60.0,95.0,0.687368467755
-60.0,100.0,0.673848744742
-55.0,-100.0,0.688604527329
-55.0,-95.0,0.68077914074
-55.0,-90.0,0.703142725174
-55.0,-85.0,0.71782645716
-55.0,-80.0,0.738014657037
-55.0,-75.0,0.747670581484
-55.0,-70.0,0.735278891906
-55.0,-65.0,0.738730816225
-55.0,-60.0,0.751532117729
-55.0,-55.0,0.74297462706
-55.0,-50.0,0.752125662385
-55.0,-45.0,0.762074440458
-55.0,-40.0,0.767829557258
-55.0,-35.0,0.764062825549
-55.0,-30.0,0.765006826
-55.0,-25.0,0.749480645847
-55.0,-20.0,0.765524286427
-55.0,-15.0,0.744649918487
-55.0,-10.0,0.716351377608
-55.0,-5.0,0.727177377741
-55.0,0.0,0.706686913253
-55.0,5.0,0.712426155183
-55.0,10.0,0.727941579191
-55.0,15.0,0.721384438894
-55.0,20.0,0.695998439562
-55.0,25.0,0.698110091769
-55.0,30.0,0.679825155598
-55.0,35.0,0.683592502673
-55.0,40.0,0.685215268087
-55.0,45.0,0.692650207443
-55.0,50.0,0.691831886148
-55.0,55.0,0.720235406909
-55.0,60.0,0.727355044791
-55.0,65.0,0.707653692925
-55.0,70.0,0.731828079865
-55.0,75.0,0.746640682294
-55.0,80.0,0.728260648206
-55.0,85.0,0.670906466343
-55.0,90.0,0.653655892186
-55.0,95.0,0.675036506714
-55.0,100.0,0.688604527329
-50.0,-100.0,0.689085004735
-50.0,-95.0,0.717298703995
-50.0,-90.0,0.718572809005
-50.0,-85.0,0.733537122025
-50.0,-80.0,0.767849978502
-50.0,-75.0,0.751158305195
-50.0,-70.0,0.727123306334
-50.0,-65.0,0.734951537126
-50.0,-60.0,0.768815562816
-50.0,-55.0,0.767155173993
-50.0,-50.0,0.738270313323
-50.0,-45.0,0.736319111485
-50.0,-40.0,0.763019786725
-50.0,-35.0,0.777571412113
-50.0,-30.0,0.764858216821
-50.0,-25.0,0.761522466096
-50.0,-20.0,0.767635485365
-50.0,-15.0,0.743779610726
-50.0,-10.0,0.722257801902
-50.0,-5.0,0.722424567426
-50.0,0.0,0.746539642799
-50.0,5.0,0.72823747945
-50.0,10.0,0.709698696173
-50.0,15.0,0.707523208121
-50.0,20.0,0.711832382462
-50.0,25.0,0.710538714196
-50.0,30.0,0.697854105877
-50.0,35.0,0.688955519164
-50.0,40.0,0.694544167996
-50.0,45.0,0.690811808107
-50.0,50.0,0.718866871014
-50.0,55.0,0.743202889923
-50.0,60.0,0.732537811362
-50.0,65.0,0.712047754619
-50.0,70.0,0.730909118992
-50.0,75.0,0.73682898933
-50.0,80.0,0.715415296892
-50.0,85.0,0.709852951092
-50.0,90.0,0.708480834757
-50.0,95.0,0.684092479549
-50.0,100.0,0.689085004735
-45.0,-100.0,0.680777967502
-45.0,-95.0,0.718381012398
-45.0,-90.0,0.716435636606
-45.0,-85.0,0.742186731385
-45.0,-80.0,0.778506514753
-45.0,-75.0,0.757885296048
-45.0,-70.0,0.752340029138
-45.0,-65.0,0.762979807986
-45.0,-60.0,0.755650084177
-45.0,-55.0,0.754541796666
-45.0,-50.0,0.759480485379
-45.0,-45.0,0.747245525466
-45.0,-40.0,0.756262217249
-45.0,-35.0,0.766056484915
-45.0,-30.0,0.760678916854
-45.0,-25.0,0.766742278827
-45.0,-20.0,0.759486668258
-45.0,-15.0,0.749891590593
-45.0,-10.0,0.730679446479
-45.0,-5.0,0.731382474601
-45.0,0.0,0.734469822645
-45.0,5.0,0.729614392918
-45.0,10.0,0.728614550333
-45.0,15.0,0.730832581424
-45.0,20.0,0.747877235109
-45.0,25.0,0.74877228952
-45.0,30.0,0.740716331388
-45.0,35.0,0.731149351865
-45.0,40.0,0.723401456255
-45.0,45.0,0.731182510933
-45.0,50.0,0.746415705024
-45.0,55.0,0.746831840107
-45.0,60.0,0.723170708422
-45.0,65.0,0.708976636996
-45.0,70.0,0.729846349591
-45.0,75.0,0.730284002434
-45.0,80.0,0.697832120212
-45.0,85.0,0.709268684685
-45.0,90.0,0.718662261982
-45.0,95.0,0.68263195394
-45.0,100.0,0.680777967502
-40.0,-100.0,0.670780976729
-40.0,-95.0,0.682397279315
-40.0,-90.0,0.684699956356
-40.0,-85.0,0.711600209338
-40.0,-80.0,0.762099260775
-40.0,-75.0,0.743225963557
-40.0,-70.0,0.752445150423
-40.0,-65.0,0.760875395718
-40.0,-60.0,0.734504065712
-40.0,-55.0,0.747759583204
-40.0,-50.0,0.771824945466
-40.0,-45.0,0.76820983848
-40.0,-40.0,0.748336873645
-40.0,-35.0,0.760771269152
-40.0,-30.0,0.774599846502
-40.0,-25.0,0.766986541738
-40.0,-20.0,0.755874327275
-40.0,-15.0,0.753271981618
-40.0,-10.0,0.762546835635
-40.0,-5.0,0.731838811296
-40.0,0.0,0.712702971011
-40.0,5.0,0.72831556708
-40.0,10.0,0.731542045577
-40.0,15.0,0.735080232422
-40.0,20.0,0.754647283426
-40.0,25.0,0.763052808271
-40.0,30.0,0.740254692564
-40.0,35.0,0.745306968873
-40.0,40.0,0.722882750134
-40.0,45.0,0.724460234007
-40.0,50.0,0.739063717522
-40.0,55.0,0.749356590757
-40.0,60.0,0.747329410076
-40.0,65.0,0.73834166281
-40.0,70.0,0.762712481434
-40.0,75.0,0.77412407441
-40.0,80.0,0.725474557411
-40.0,85.0,0.684688145616
-40.0,90.0,0.662450273773
-40.0,95.0,0.652152551553
-40.0,100.0,0.670780976729
-35.0,-100.0,0.620344347201
-35.0,-95.0,0.630336984812
-35.0,-90.0,0.656641664549
-35.0,-85.0,0.719772994203
-35.0,-80.0,0.766102101498
-35.0,-75.0,0.763859641761
-35.0,-70.0,0.753174635729
-35.0,-65.0,0.759486624191
-35.0,-60.0,0.753940005469
-35.0,-55.0,0.761347697016
-35.0,-50.0,0.768875680729
-35.0,-45.0,0.757563991555
-35.0,-40.0,0.762015791753
-35.0,-35.0,0.769460560445
-35.0,-30.0,0.763542823307
-35.0,-25.0,0.758085780237
-35.0,-20.0,0.747394231911
-35.0,-15.0,0.736707585355
-35.0,-10.0,0.751221038647
-35.0,-5.0,0.734517325488
-35.0,0.0,0.720986600584
-35.0,5.0,0.736894137628
-35.0,10.0,0.722214881299
-35.0,15.0,0.715407999881
-35.0,20.0,0.752413067644
-35.0,25.0,0.760460725786
-35.0,30.0,0.752459543462
-35.0,35.0,0.749640905696
-35.0,40.0,0.748399551487
-35.0,45.0,0.7090476481
-35.0,50.0,0.739627851151
-35.0,55.0,0.767206403622
-35.0,60.0,0.7839473747
-35.0,65.0,0.767379973305
-35.0,70.0,0.757152285913
-35.0,75.0,0.756317248876
-35.0,80.0,0.717248371779
-35.0,85.0,0.643211219292
-35.0,90.0,0.597719457191
-35.0,95.0,0.615528757757
-35.0,100.0,0.620344347201
-30.0,-100.0,0.581832159298
-30.0,-95.0,0.604048427004
-30.0,-90.0,0.658372233215
-30.0,-85.0,0.72092889745
-30.0,-80.0,0.77822670567
-30.0,-75.0,0.789932963429
-30.0,-70.0,0.761142493976
-30.0,-65.0,0.738777315866
-30.0,-60.0,0.721658816023
-30.0,-55.0,0.734466632406
-30.0,-50.0,0.72382268279
-30.0,-45.0,0.744651484671
-30.0,-40.0,0.769570589553
-30.0,-35.0,0.755420740371
-30.0,-30.0,0.724198103113
-30.0,-25.0,0.726507231959
-30.0,-20.0,0.737178603375
-30.0,-15.0,0.715204148826
-30.0,-10.0,0.718870489953
-30.0,-5.0,0.721062734829
-30.0,0.0,0.727396770391
-30.0,5.0,0.742433712808
-30.0,10.0,0.724671197491
-30.0,15.0,0.728143558855
-30.0,20.0,0.732262914278
-30.0,25.0,0.74642688614
-30.0,30.0,0.750617207128
-30.0,35.0,0.739724749993
-30.0,40.0,0.745308743669
-30.0,45.0,0.749435659736
-30.0,50.0,0.763206038339
-30.0,55.0,0.793256255899
-30.0,60.0,0.789294002508
-30.0,65.0,0.787078202283
-30.0,70.0,0.765099750133
-30.0,75.0,0.739387619667
-30.0,80.0,0.671177513235
-30.0,85.0,0.59407302198
-30.0,90.0,0.564467160728
-30.0,95.0,0.566900329435
-30.0,100.0,0.581832159298
-25.0,-100.0,0.604293176586
-25.0,-95.0,0.642134250186
-25.0,-90.0,0.650258919681
-25.0,-85.0,0.67638738362
-25.0,-80.0,0.748192517707
-25.0,-75.0,0.783370940661
-25.0,-70.0,0.750991537658
-25.0,-65.0,0.713778556418
-25.0,-60.0,0.72631877888
-25.0,-55.0,0.742710588761
-25.0,-50.0,0.72418686696
-25.0,-45.0,0.730868307875
-25.0,-40.0,0.746565183749
-25.0,-35.0,0.719707182866
-25.0,-30.0,0.68195790427
-25.0,-25.0,0.693625246551
-25.0,-20.0,0.706764706049
-25.0,-15.0,0.694574442185
-25.0,-10.0,0.708932361454
-25.0,-5.0,0.725278304051
-25.0,0.0,0.731390412808
-25.0,5.0,0.739765721007
-25.0,10.0,0.745584416236
-25.0,15.0,0.742089179278
-25.0,20.0,0.723898925081
-25.0,25.0,0.738610794049
-25.0,30.0,0.727880470965
-25.0,35.0,0.735193371788
-25.0,40.0,0.760176689204
-25.0,45.0,0.764637818397
-25.0,50.0,0.77709408311
-25.0,55.0,0.778666726019
-25.0,60.0,0.791662477533
-25.0,65.0,0.795663581282
-25.0,70.0,0.78070193146
-25.0,75.0,0.732713207202
-25.0,80.0,0.638098555138
-25.0,85.0,0.575443017539
-25.0,90.0,0.580729724561
-25.0,95.0,0.590842069825
-25.0,100.0,0.604293176586
-20.0,-100.0,0.605948935775
-20.0,-95.0,0.614803082136
-20.0,-90.0,0.635002091566
-20.0,-85.0,0.686035228831
-20.0,-80.0,0.74926806914
-20.0,-75.0,0.765484031885
-20.0,-70.0,0.740215764934
-20.0,-65.0,0.749256358642
-20.0,-60.0,0.765839703301
-20.0,-55.0,0.760671974908
-20.0,-50.0,0.743060943644
-20.0,-45.0,0.726288801621
-20.0,-40.0,0.703591273934
-20.0,-35.0,0.684904446483
-20.0,-30.0,0.689675038691
-20.0,-25.0,0.698963983595
-20.0,-20.0,0.681569197642
-20.0,-15.0,0.651989836133
-20.0,-10.0,0.694284470781
-20.0,-5.0,0.729686053176
-20.0,0.0,0.737023924733
-20.0,5.0,0.726955114868
-20.0,10.0,0.740806605241
-20.0,15.0,0.722434468278
-20.0,20.0,0.701399071621
-20.0,25.0,0.727557219485
-20.0,30.0,0.74680005764
-20.0,35.0,0.74251315491
-20.0,40.0,0.742997809815
-20.0,45.0,0.742328343394
-20.0,50.0,0.752025259954
-20.0,55.0,0.766932813627
-20.0,60.0,0.770698756661
-20.0,65.0,0.768262768484
-20.0,70.0,0.740757133028
-20.0,75.0,0.686007013762
-20.0,80.0,0.637162906791
-20.0,85.0,0.601343675714
-20.0,90.0,0.615399085991
-20.0,95.0,0.624011718631
-20.0,100.0,0.605948935775
-15.0,-100.0,0.575604993157
-15.0,-95.0,0.567873128697
-15.0,-90.0,0.624630663153
-15.0,-85.0,0.704705747942
-15.0,-80.0,0.764295175624
-15.0,-75.0,0.758411653249
-15.0,-70.0,0.726814302016
-15.0,-65.0,0.741422358323
-15.0,-60.0,0.746217264562
-15.0,-55.0,0.732413679819
-15.0,-50.0,0.738243674499
-15.0,-45.0,0.717924802223
-15.0,-40.0,0.673046145953
-15.0,-35.0,0.684103541841
-15.0,-30.0,0.700236180699
-15.0,-25.0,0.696994483189
-15.0,-20.0,0.685511524228
-15.0,-15.0,0.662848618739
-15.0,-10.0,0.684859322293
-15.0,-5.0,0.711769042794
-15.0,0.0,0.738347246155
-15.0,5.0,0.742098585178
-15.0,10.0,0.745923815981
-15.0,15.0,0.720682501456
-15.0,20.0,0.700774541389
-15.0,25.0,0.720111321744
-15.0,30.0,0.745554041114
-15.0,35.0,0.752964804906
-15.0,40.0,0.731979899972
-15.0,45.0,0.747393293775
-15.0,50.0,0.766518623996
-15.0,55.0,0.756588868356
-15.0,60.0,0.753807213103
-15.0,65.0,0.756684025679
-15.0,70.0,0.749100092683
-15.0,75.0,0.686386396791
-15.0,80.0,0.645645981905
-15.0,85.0,0.60934953332
-15.0,90.0,0.585927453218
-15.0,95.0,0.597942971792
-15.0,100.0,0.575604993157
-10.0,-100.0,0.588983566588
-10.0,-95.0,0.596772487066
-10.0,-90.0,0.653232454356
-10.0,-85.0,0.711642266794
-10.0,-80.0,0.751773690041
-10.0,-75.0,0.751261657158
-10.0,-70.0,0.714798677654
-10.0,-65.0,0.72222070484
-10.0,-60.0,0.735314668124
-10.0,-55.0,0.734323497491
-10.0,-50.0,0.744750228649
-10.0,-45.0,0.701239421047
-10.0,-40.0,0.679641546205
-10.0,-35.0,0.703956755405
-10.0,-30.0,0.678565705931
-10.0,-25.0,0.656393711858
-10.0,-20.0,0.677707482511
-10.0,-15.0,0.696980275037
-10.0,-10.0,0.663045246514
-10.0,-5.0,0.666829863479
-10.0,0.0,0.706590911113
-10.0,5.0,0.743795080179
-10.0,10.0,0.737527754987
-10.0,15.0,0.746447858084
-10.0,20.0,0.739915098656
-10.0,25.0,0.72485631919
-10.0,30.0,0.728266009714
-10.0,35.0,0.735810272085
-10.0,40.0,0.723607300838
-10.0,45.0,0.745865638477
-10.0,50.0,0.75403082469
-10.0,55.0,0.742358276213
-10.0,60.0,0.739320510115
-10.0,65.0,0.76717938213
-10.0,70.0,0.746853454208
-10.0,75.0,0.709599105889
-10.0,80.0,0.655231143693
-10.0,85.0,0.596722668117
-10.0,90.0,0.565680454263
-10.0,95.0,0.593950738698
-10.0,100.0,0.588983566588
-5.0,-100.0,0.617288503106
-5.0,-95.0,0.660435743868
-5.0,-90.0,0.717918451281
-5.0,-85.0,0.734773758785
-5.0,-80.0,0.738918391927
-5.0,-75.0,0.754495597139
-5.0,-70.0,0.718731376334
-5.0,-65.0,0.71607838547
-5.0,-60.0,0.716208261703
-5.0,-55.0,0.729959985633
-5.0,-50.0,0.735222096174
-5.0,-45.0,0.702724834463
-5.0,-40.0,0.693242068431
-5.0,-35.0,0.705694486857
-5.0,-30.0,0.687991342806
-5.0,-25.0,0.670010884164
-5.0,-20.0,0.68622677669
-5.0,-15.0,0.665936187678
-5.0,-10.0,0.672778627516
-5.0,-5.0,0.678142598042
-5.0,0.0,0.70728016816
-5.0,5.0,0.720060771676
-5.0,10.0,0.707406896326
-5.0,15.0,0.71913602046
-5.0,20.0,0.759960792665
-5.0,25.0,0.728830362467
-5.0,30.0,0.713703463896
-5.0,35.0,0.73970712895
-5.0,40.0,0.743041583854
-5.0,45.0,0.746225045954
-5.0,50.0,0.73322346239
-5.0,55.0,0.720410435467
-5.0,60.0,0.742434703439
-5.0,65.0,0.757756105768
-5.0,70.0,0.718742226949
-5.0,75.0,0.670096449615
-5.0,80.0,0.669368201954
-5.0,85.0,0.62815668658
-5.0,90.0,0.597027913586
-5.0,95.0,0.606130619912
-5.0,100.0,0.617288503106
0.0,-100.0,0.628467782353
0.0,-95.0,0.671419621479
0.0,-90.0,0.734719947186
0.0,-85.0,0.740401442544
0.0,-80.0,0.732513374279
0.0,-75.0,0.758164230085
0.0,-70.0,0.734703742457
0.0,-65.0,0.724410808263
0.0,-60.0,0.705574579676
0.0,-55.0,0.685437706091
0.0,-50.0,0.702064981626
0.0,-45.0,0.719001645394
0.0,-40.0,0.707418162486
0.0,-35.0,0.674379535062
0.0,-30.0,0.681556228864
0.0,-25.0,0.678724517867
0.0,-20.0,0.664533560536
0.0,-15.0,0.658686939381
0.0,-10.0,0.68961345994
0.0,-5.0,0.719505283149
0.0,0.0,0.726578189751
0.0,5.0,0.729762033056
0.0,10.0,0.719788296527
0.0,15.0,0.748483293095
0.0,20.0,0.755617372948
0.0,25.0,0.729609635488
0.0,30.0,0.742624880227
0.0,35.0,0.758855383006
0.0,40.0,0.732249309447
0.0,45.0,0.716605607342
0.0,50.0,0.723269714863
0.0,55.0,0.707264375116
0.0,60.0,0.711186168781
0.0,65.0,0.733991596018
0.0,70.0,0.721281324127
0.0,75.0,0.702622197779
0.0,80.0,0.690389341
0.0,85.0,0.664538783084
0.0,90.0,0.621960039903
0.0,95.0,0.6178362032
0.0,100.0,0.628467782353
5.0,-100.0,0.677891828379
5.0,-95.0,0.692276335625
5.0,-90.0,0.733039240291
5.0,-85.0,0.718904642931
5.0,-80.0,0.720727550556
5.0,-75.0,0.754650684869
5.0,-70.0,0.720382802797
5.0,-65.0,0.717187897654
5.0,-60.0,0.738077889374
5.0,-55.0,0.711076302552
5.0,-50.0,0.722099988289
5.0,-45.0,0.746239649907
5.0,-40.0,0.700350621618
5.0,-35.0,0.672473668076
5.0,-30.0,0.676903121077
5.0,-25.0,0.666534032351
5.0,-20.0,0.671980520359
5.0,-15.0,0.701553690308
5.0,-10.0,0.731792998213
5.0,-5.0,0.726847707634
5.0,0.0,0.725257045239
5.0,5.0,0.732666138019
5.0,10.0,0.755151256667
5.0,15.0,0.751630217952
5.0,20.0,0.745508548878
5.0,25.0,0.744404772031
5.0,30.0,0.749967066181
5.0,35.0,0.741474897615
5.0,40.0,0.714332336949
5.0,45.0,0.720540299556
5.0,50.0,0.7323827476
5.0,55.0,0.719673165223
5.0,60.0,0.698835938292
5.0,65.0,0.711671542321
5.0,70.0,0.730474936675
5.0,75.0,0.736828808295
5.0,80.0,0.704682853156
5.0,85.0,0.661041236915
5.0,90.0,0.637276692394
5.0,95.0,0.646740889842
5.0,100.0,0.677891828379
10.0,-100.0,0.714676346762
10.0,-95.0,0.711861822076
10.0,-90.0,0.705813930565
10.0,-85.0,0.705779827474
10.0,-80.0,0.72082075767
10.0,-75.0,0.76110969282
10.0,-70.0,0.740261988875
10.0,-65.0,0.717932900446
10.0,-60.0,0.738148274684
10.0,-55.0,0.734512355
10.0,-50.0,0.74813271437
10.0,-45.0,0.748199745017
10.0,-40.0,0.715387352724
10.0,-35.0,0.714278737911
10.0,-30.0,0.717987081148
10.0,-25.0,0.711750688767
10.0,-20.0,0.70240144393
10.0,-15.0,0.723333941199
10.0,-10.0,0.723751785069
10.0,-5.0,0.719575261917
10.0,0.0,0.7307051591
10.0,5.0,0.742969004672
10.0,10.0,0.728819042421
10.0,15.0,0.730180633245
10.0,20.0,0.73919721938
10.0,25.0,0.766656291898
10.0,30.0,0.775939161002
10.0,35.0,0.748318041947
10.0,40.0,0.74762568746
10.0,45.0,0.748902851625
10.0,50.0,0.729610212771
10.0,55.0,0.730624892555
10.0,60.0,0.735469662866
10.0,65.0,0.699537152049
10.0,70.0,0.710070160494
10.0,75.0,0.728479997632
10.0,80.0,0.701654176539
10.0,85.0,0.683644936783
10.0,90.0,0.676324470716
10.0,95.0,0.693890508988
10.0,100.0,0.714676346762
15.0,-100.0,0.690320317992
15.0,-95.0,0.702717064429
15.0,-90.0,0.697227419004
15.0,-85.0,0.697334606243
15.0,-80.0,0.731589176969
15.0,-75.0,0.756983446007
15.0,-70.0,0.742310049782
15.0,-65.0,0.717900724145
15.0,-60.0,0.727800594225
15.0,-55.0,0.726823468724
15.0,-50.0,0.729832245115
15.0,-45.0,0.747265084569
15.0,-40.0,0.736085373735
15.0,-35.0,0.748776442637
15.0,-30.0,0.754199271314
15.0,-25.0,0.73695275458
15.0,-20.0,0.718852918051
15.0,-15.0,0.711001149075
15.0,-10.0,0.69232000322
15.0,-5.0,0.707853838213
15.0,0.0,0.751358895074
15.0,5.0,0.736588791775
15.0,10.0,0.720237793967
15.0,15.0,0.728796314685
15.0,20.0,0.75713471979
15.0,25.0,0.757518570925
15.0,30.0,0.775997955177
15.0,35.0,0.752181751495
15.0,40.0,0.745780819131
15.0,45.0,0.752451897284
15.0,50.0,0.723196595017
15.0,55.0,0.739042284721
15.0,60.0,0.745465379453
15.0,65.0,0.710074854585
15.0,70.0,0.702280511372
15.0,75.0,0.732411468297
15.0,80.0,0.719663896052
15.0,85.0,0.712041725697
15.0,90.0,0.702056417859
15.0,95.0,0.686985746105
15.0,100.0,0.690320317992
20.0,-100.0,0.690612667332
20.0,-95.0,0.724279917481
20.0,-90.0,0.708926554282
20.0,-85.0,0.717986997233
20.0,-80.0,0.741990641159
20.0,-75.0,0.744428938874
20.0,-70.0,0.727760233186
20.0,-65.0,0.713941453027
20.0,-60.0,0.744403303268
20.0,-55.0,0.749331723671
20.0,-50.0,0.760898493927
20.0,-45.0,0.747229189579
20.0,-40.0,0.736744501985
20.0,-35.0,0.727485700508
20.0,-30.0,0.728659380265
20.0,-25.0,0.733135392451
20.0,-20.0,0.732101102063
20.0,-15.0,0.723238573846
20.0,-10.0,0.705742449159
20.0,-5.0,0.718431645735
20.0,0.0,0.719195236908
20.0,5.0,0.728945188416
20.0,10.0,0.735327762096
20.0,15.0,0.751008528075
20.0,20.0,0.741085759984
20.0,25.0,0.74203780429
20.0,30.0,0.761712771126
20.0,35.0,0.75900609113
20.0,40.0,0.737400150192
20.0,45.0,0.741539826145
20.0,50.0,0.746109947313
20.0,55.0,0.742033819708
20.0,60.0,0.73252076585
20.0,65.0,0.716562479983
20.0,70.0,0.716531481069
20.0,75.0,0.721810080808
20.0,80.0,0.717770049155
20.0,85.0,0.69482129653
20.0,90.0,0.716339479502
20.0,95.0,0.695803898836
20.0,100.0,0.690612667332
25.0,-100.0,0.746351287454
25.0,-95.0,0.725525489809
25.0,-90.0,0.70920764293
25.0,-85.0,0.730818397841
25.0,-80.0,0.764490239912
25.0,-75.0,0.771484826375
25.0,-70.0,0.762863954397
25.0,-65.0,0.740445746884
25.0,-60.0,0.759245500373
25.0,-55.0,0.772683861225
25.0,-50.0,0.77503250964
25.0,-45.0,0.753316824655
25.0,-40.0,0.741818529406
25.0,-35.0,0.722845573568
25.0,-30.0,0.726397234492
25.0,-25.0,0.732915485311
25.0,-20.0,0.711881701126
25.0,-15.0,0.709493299039
25.0,-10.0,0.721074081473
25.0,-5.0,0.711196996621
25.0,0.0,0.690271096197
25.0,5.0,0.704196963652
25.0,10.0,0.73662560241
25.0,15.0,0.714484691644
25.0,20.0,0.726258188592
25.0,25.0,0.734524359281
25.0,30.0,0.762903084209
25.0,35.0,0.766317740997
25.0,40.0,0.734367112776
25.0,45.0,0.735595527648
25.0,50.0,0.749387610286
25.0,55.0,0.731748109449
25.0,60.0,0.726405713516
25.0,65.0,0.724212286444
25.0,70.0,0.734059343183
25.0,75.0,0.747356717778
25.0,80.0,0.698178233072
25.0,85.0,0.683173995071
25.0,90.0,0.709304681402
25.0,95.0,0.735850111533
25.0,100.0,0.746351287454
30.0,-100.0,0.71830480241
30.0,-95.0,0.700239062464
30.0,-90.0,0.697727564937
30.0,-85.0,0.73278032358
30.0,-80.0,0.741793374314
30.0,-75.0,0.753889617836
30.0,-70.0,0.761564389503
30.0,-65.0,0.772727246354
30.0,-60.0,0.775862182786
30.0,-55.0,0.780235910028
30.0,-50.0,0.767378704736
30.0,-45.0,0.736466512835
30.0,-40.0,0.749674795332
30.0,-35.0,0.735172797743
30.0,-30.0,0.714259426696
30.0,-25.0,0.709960984571
30.0,-20.0,0.687971397834
30.0,-15.0,0.693393477422
30.0,-10.0,0.720373582756
30.0,-5.0,0.717450973808
30.0,0.0,0.707138262194
30.0,5.0,0.726339859884
30.0,10.0,0.706773514871
30.0,15.0,0.681242416795
30.0,20.0,0.715477012095
30.0,25.0,0.745427611078
30.0,30.0,0.744364641966
30.0,35.0,0.74555551604
30.0,40.0,0.731601023849
30.0,45.0,0.740383031333
30.0,50.0,0.738010260393
30.0,55.0,0.724046007737
30.0,60.0,0.738615737184
30.0,65.0,0.739385645199
30.0,70.0,0.739246954184
30.0,75.0,0.760409374638
30.0,80.0,0.746835636135
30.0,85.0,0.711950181925
30.0,90.0,0.696576546038
30.0,95.0,0.691043157226
30.0,100.0,0.71830480241
35.0,-100.0,0.666737638884
35.0,-95.0,0.67555171289
35.0,-90.0,0.702164920998
35.0,-85.0,0.728148233639
35.0,-80.0,0.736189323426
35.0,-75.0,0.743174871731
35.0,-70.0,0.761908329962
35.0,-65.0,0.781142281508
35.0,-60.0,0.777039227337
35.0,-55.0,0.774664871719
35.0,-50.0,0.767528799232
35.0,-45.0,0.75934622529
35.0,-40.0,0.761224910919
35.0,-35.0,0.750985664399
35.0,-30.0,0.71556896552
35.0,-25.0,0.707042431531
35.0,-20.0,0.719170403208
35.0,-15.0,0.737989936385
35.0,-10.0,0.709971701341
35.0,-5.0,0.702808413682
35.0,0.0,0.716640775327
35.0,5.0,0.726039085895
35.0,10.0,0.723114671905
35.0,15.0,0.703299908056
35.0,20.0,0.732582383879
35.0,25.0,0.754662902715
35.0,30.0,0.742497399744
35.0,35.0,0.747454698061
35.0,40.0,0.760300139601
35.0,45.0,0.758173534544
35.0,50.0,0.742083314678
35.0,55.0,0.721850441985
35.0,60.0,0.739336810268
35.0,65.0,0.744993784959
35.0,70.0,0.719013549338
35.0,75.0,0.732812687204
35.0,80.0,0.739171574484
35.0,85.0,0.700568825895
35.0,90.0,0.673844754762
35.0,95.0,0.65826163729
35.0,100.0,0.666737638884
40.0,-100.0,0.676453746301
40.0,-95.0,0.659017739041
40.0,-90.0,0.698138721757
40.0,-85.0,0.742918163327
40.0,-80.0,0.768901945361
40.0,-75.0,0.749200842177
40.0,-70.0,0.73861129616
40.0,-65.0,0.756937237689
40.0,-60.0,0.785960179033
40.0,-55.0,0.7755854431
40.0,-50.0,0.786854356675
40.0,-45.0,0.779260549155
40.0,-40.0,0.768416475322
40.0,-35.0,0.753738929255
40.0,-30.0,0.733619120093
40.0,-25.0,0.725374547854
40.0,-20.0,0.745103797762
40.0,-15.0,0.725483978285
40.0,-10.0,0.688910652071
40.0,-5.0,0.704547257467
40.0,0.0,0.700573611745
40.0,5.0,0.698139551296
40.0,10.0,0.697568909007
40.0,15.0,0.706811237057
40.0,20.0,0.710450977181
40.0,25.0,0.711528629331
40.0,30.0,0.7167477214
40.0,35.0,0.741797552224
40.0,40.0,0.740977558862
40.0,45.0,0.75658972428
40.0,50.0,0.751748849267
40.0,55.0,0.743577534071
40.0,60.0,0.712830326182
40.0,65.0,0.737740591492
40.0,70.0,0.736413276073
40.0,75.0,0.716092588423
40.0,80.0,0.671844219835
40.0,85.0,0.639227709952
40.0,90.0,0.665228360398
40.0,95.0,0.675640139595
40.0,100.0,0.676453746301
45.0,-100.0,0.676068143618
45.0,-95.0,0.665193032678
45.0,-90.0,0.685685111209
45.0,-85.0,0.734527881058
45.0,-80.0,0.755176520866
45.0,-75.0,0.766122914505
45.0,-70.0,0.737884099296
45.0,-65.0,0.749087278684
45.0,-60.0,0.791374207909
45.0,-55.0,0.798985779609
45.0,-50.0,0.784677320199
45.0,-45.0,0.766721946752
45.0,-40.0,0.750139754038
45.0,-35.0,0.742479752179
45.0,-30.0,0.733740243775
45.0,-25.0,0.72536887411
45.0,-20.0,0.729200718328
45.0,-15.0,0.697423919952
45.0,-10.0,0.68567872421
45.0,-5.0,0.71924760325
45.0,0.0,0.727548628716
45.0,5.0,0.702990120596
45.0,10.0,0.70077823453
45.0,15.0,0.695391538536
45.0,20.0,0.684505290464
45.0,25.0,0.693783121745
45.0,30.0,0.722801377869
45.0,35.0,0.721487594884
45.0,40.0,0.726947090127
45.0,45.0,0.732376816705
45.0,50.0,0.754074604932
45.0,55.0,0.73137067004
45.0,60.0,0.714036834934
45.0,65.0,0.723945062434
45.0,70.0,0.750163463643
45.0,75.0,0.708601484736
45.0,80.0,0.654447304821
45.0,85.0,0.65182105979
45.0,90.0,0.68434674228
45.0,95.0,0.692784040625
45.0,100.0,0.676068143618
50.0,-100.0,0.669074978939
50.0,-95.0,0.655975479013
50.0,-90.0,0.678461356018
50.0,-85.0,0.704178395089
50.0,-80.0,0.742460767998
50.0,-75.0,0.768072778007
50.0,-70.0,0.756188659891
50.0,-65.0,0.758275350318
50.0,-60.0,0.785551289192
50.0,-55.0,0.780679541754
50.0,-50.0,0.762099341351
50.0,-45.0,0.747865402463
50.0,-40.0,0.720033159687
50.0,-35.0,0.700373196534
50.0,-30.0,0.71048612157
50.0,-25.0,0.727785803782
50.0,-20.0,0.75316240812
50.0,-15.0,0.740126681998
50.0,-10.0,0.719379349362
50.0,-5.0,0.723512148885
50.0,0.0,0.729824310955
50.0,5.0,0.728791259478
50.0,10.0,0.721265824546
50.0,15.0,0.702585418653
50.0,20.0,0.699462233417
50.0,25.0,0.726991374961
50.0,30.0,0.71124990701
50.0,35.0,0.720123163715
50.0,40.0,0.741278235873
50.0,45.0,0.748052868509
50.0,50.0,0.747306213078
50.0,55.0,0.740739397488
50.0,60.0,0.728112061491
50.0,65.0,0.732567501676
50.0,70.0,0.744187988539
50.0,75.0,0.694608234222
50.0,80.0,0.657827187926
50.0,85.0,0.678015665758
50.0,90.0,0.691515318862
50.0,95.0,0.69259432498
50.0,100.0,0.669074978939
55.0,-100.0,0.671574704412
55.0,-95.0,0.645467367794
55.0,-90.0,0.681278644234
55.0,-85.0,0.717625001768
55.0,-80.0,0.752539294274
55.0,-75.0,0.752441030075
55.0,-70.0,0.741321953369
55.0,-65.0,0.765951367455
55.0,-60.0,0.786671636291
55.0,-55.0,0.761364408235
55.0,-50.0,0.749334703299
55.0,-45.0,0.75078233773
55.0,-40.0,0.73140671369
55.0,-35.0,0.704649146248
55.0,-30.0,0.701269539764
55.0,-25.0,0.697793709872
55.0,-20.0,0.735655936983
55.0,-15.0,0.752658623173
55.0,-10.0,0.71667160182
55.0,-5.0,0.703890009711
55.0,0.0,0.695527694314
55.0,5.0,0.708981382028
55.0,10.0,0.702951785642
55.0,15.0,0.682736754724
55.0,20.0,0.698842255565
55.0,25.0,0.725242054392
55.0,30.0,0.694193686248
55.0,35.0,0.693089163709
55.0,40.0,0.751297020396
55.0,45.0,0.753111154339
55.0,50.0,0.751865093654
55.0,55.0,0.764273144526
55.0,60.0,0.760624385344
55.0,65.0,0.775952734201
55.0,70.0,0.757421625901
55.0,75.0,0.70085865381
55.0,80.0,0.674074185876
55.0,85.0,0.669353621388
55.0,90.0,0.681412310972
55.0,95.0,0.698281014199
55.0,100.0,0.671574704412
60.0,-100.0,0.675604310046
60.0,-95.0,0.658276089772
60.0,-90.0,0.685905465033
60.0,-85.0,0.71249370583
60.0,-80.0,0.72936907638
60.0,-75.0,0.740207592537
60.0,-70.0,0.745683105053
60.0,-65.0,0.776701204291
60.0,-60.0,0.783189440596
60.0,-55.0,0.752265494151
60.0,-50.0,0.73714573428
60.0,-45.0,0.757565819811
60.0,-40.0,0.747801329903
60.0,-35.0,0.742164631454
60.0,-30.0,0.726740125941
60.0,-25.0,0.705225655372
60.0,-20.0,0.716705147964
60.0,-15.0,0.727234387462
60.0,-10.0,0.727790819636
60.0,-5.0,0.71508222195
60.0,0.0,0.710305836553
60.0,5.0,0.699729142634
60.0,10.0,0.69398754393
60.0,15.0,0.68315720725
60.0,20.0,0.689276908129
60.0,25.0,0.711400349442
60.0,30.0,0.694855144367
60.0,35.0,0.705165147002
60.0,40.0,0.738871284976
60.0,45.0,0.743725568993
60.0,50.0,0.754892881329
60.0,55.0,0.747048838829
60.0,60.0,0.746004229999
60.0,65.0,0.767793822142
60.0,70.0,0.760246775823
60.0,75.0,0.723866844968
60.0,80.0,0.711251337409
60.0,85.0,0.691327011383
60.0,90.0,0.686098448485
60.0,95.0,0.69974957891
60.0,100.0,0.675604310046
65.0,-100.0,0.676896746016
65.0,-95.0,0.690596566004
65.0,-90.0,0.708202840365
65.0,-85.0,0.719171174197
65.0,-80.0,0.724914362712
65.0,-75.0,0.738202547745
65.0,-70.0,0.75475536845
65.0,-65.0,0.769517703548
65.0,-60.0,0.766167506677
65.0,-55.0,0.72750074885
65.0,-50.0,0.716799303751
65.0,-45.0,0.73339742329
65.0,-40.0,0.713342098273
65.0,-35.0,0.717919319023
65.0,-30.0,0.728843106235
65.0,-25.0,0.712898285543
65.0,-20.0,0.725471181597
65.0,-15.0,0.73998070944
65.0,-10.0,0.725768590217
65.0,-5.0,0.744813717434
65.0,0.0,0.734572303613
65.0,5.0,0.711518724514
65.0,10.0,0.704727039879
65.0,15.0,0.685932714085
65.0,20.0,0.700292611689
65.0,25.0,0.715024153049
65.0,30.0,0.715232755841
65.0,35.0,0.719156971906
65.0,40.0,0.739997894669
65.0,45.0,0.72921349133
65.0,50.0,0.754635974341
65.0,55.0,0.75986913033
65.0,60.0,0.741266230299
65.0,65.0,0.748723545668
65.0,70.0,0.749382629177
65.0,75.0,0.729952811005
65.0,80.0,0.734983349422
65.0,85.0,0.725044014684
65.0,90.0,0.696833193138
65.0,95.0,0.680821589313
65.0,100.0,0.676896746016
70.0,-100.0,0.692075921686
70.0,-95.0,0.707359299051
70.0,-90.0,0.74364934303
70.0,-85.0,0.757018701748
70.0,-80.0,0.758520552005
70.0,-75.0,0.743495555349
70.0,-70.0,0.773589741452
70.0,-65.0,0.778848580849
70.0,-60.0,0.764411113946
70.0,-55.0,0.722267944323
70.0,-50.0,0.71699946218
70.0,-45.0,0.729133021335
70.0,-40.0,0.728824202241
70.0,-35.0,0.726049352035
70.0,-30.0,0.710097895534
70.0,-25.0,0.718105810714
70.0,-20.0,0.736225728431
70.0,-15.0,0.725402742651
70.0,-10.0,0.729670780238
70.0,-5.0,0.743534453166
70.0,0.0,0.725395377374
70.0,5.0,0.706935641022
70.0,10.0,0.720327919826
70.0,15.0,0.685510251281
70.0,20.0,0.693789558207
70.0,25.0,0.730362437584
70.0,30.0,0.706964090142
70.0,35.0,0.716644350176
70.0,40.0,0.731559921897
70.0,45.0,0.72170299507
70.0,50.0,0.744839868696
70.0,55.0,0.778012060876
70.0,60.0,0.773134224913
70.0,65.0,0.76595400446
70.0,70.0,0.780971749908
70.0,75.0,0.753602813639
70.0,80.0,0.748820467825
70.0,85.0,0.736623259986
70.0,90.0,0.693552689299
70.0,95.0,0.678415128878
70.0,100.0,0.692075921686
75.0,-100.0,0.72382902354
75.0,-95.0,0.720535498918
75.0,-90.0,0.741405525172
75.0,-85.0,0.76085099716
75.0,-80.0,0.753967622254
75.0,-75.0,0.754623301662
75.0,-70.0,0.773053768981
75.0,-65.0,0.776655578858
75.0,-60.0,0.762072849351
75.0,-55.0,0.752731887545
75.0,-50.0,0.726349492101
75.0,-45.0,0.706515845132
75.0,-40.0,0.718476230042
75.0,-35.0,0.723611307913
75.0,-30.0,0.708777054998
75.0,-25.0,0.727041118365
75.0,-20.0,0.741428691137
75.0,-15.0,0.732682647486
75.0,-10.0,0.73918783612
75.0,-5.0,0.759252356478
75.0,0.0,0.715158357848
75.0,5.0,0.717878488114
75.0,10.0,0.737123410736
75.0,15.0,0.687674208664
75.0,20.0,0.697820329426
75.0,25.0,0.736420564853
75.0,30.0,0.703278590274
75.0,35.0,0.712356756286
75.0,40.0,0.737976596981
75.0,45.0,0.727106803619
75.0,50.0,0.730344722017
75.0,55.0,0.765297068113
75.0,60.0,0.782613990066
75.0,65.0,0.781999204859
75.0,70.0,0.775345938895
75.0,75.0,0.778538366931
75.0,80.0,0.759718429568
75.0,85.0,0.740934304986
75.0,90.0,0.727930428332
75.0,95.0,0.717205015272
75.0,100.0,0.72382902354
80.0,-100.0,0.726443975912
80.0,-95.0,0.72307888294
80.0,-90.0,0.725782328643
80.0,-85.0,0.730057622303
80.0,-80.0,0.732666346212
80.0,-75.0,0.750667377079
80.0,-70.0,0.762903209169
80.0,-65.0,0.756119569005
80.0,-60.0,0.737663380635
80.0,-55.0,0.761839503902
80.0,-50.0,0.738496903264
80.0,-45.0,0.687775165628
80.0,-40.0,0.698433378947
80.0,-35.0,0.691973381793
80.0,-30.0,0.681915172808
80.0,-25.0,0.709878836937
80.0,-20.0,0.735802051315
80.0,-15.0,0.725506877326
80.0,-10.0,0.733168570971
80.0,-5.0,0.756270787242
80.0,0.0,0.754707435681
80.0,5.0,0.745942076887
80.0,10.0,0.735381000925
80.0,15.0,0.69813129803
80.0,20.0,0.700019040947
80.0,25.0,0.706047740706
80.0,30.0,0.712513947774
80.0,35.0,0.72347591407
80.0,40.0,0.751173964832
80.0,45.0,0.735520766206
80.0,50.0,0.720869178665
80.0,55.0,0.736711861189
80.0,60.0,0.757305142922
80.0,65.0,0.750374410371
80.0,70.0,0.770956681199
80.0,75.0,0.775578986964
80.0,80.0,0.739903510426
80.0,85.0,0.739850528943
80.0,90.0,0.757471989004
80.0,95.0,0.746668610499
80.0,100.0,0.726443975912
85.0,-100.0,0.737652879652
85.0,-95.0,0.723297607492
85.0,-90.0,0.711627685251
85.0,-85.0,0.738167145566
85.0,-80.0,0.756966465171
85.0,-75.0,0.766605132765
85.0,-70.0,0.763891246258
85.0,-65.0,0.747716491382
85.0,-60.0,0.738997814506
85.0,-55.0,0.752997065262
85.0,-50.0,0.76598427684
85.0,-45.0,0.72834470163
85.0,-40.0,0.715065523716
85.0,-35.0,0.700896618325
85.0,-30.0,0.669950793007
85.0,-25.0,0.682601679486
85.0,-20.0,0.707555244921
85.0,-15.0,0.699612366614
85.0,-10.0,0.713315302883
85.0,-5.0,0.733825839575
85.0,0.0,0.743887226082
85.0,5.0,0.746431580702
85.0,10.0,0.711808889883
85.0,15.0,0.680192043289
85.0,20.0,0.648954432623
85.0,25.0,0.639775303369
85.0,30.0,0.652697206245
85.0,35.0,0.695458214498
85.0,40.0,0.697773046323
85.0,45.0,0.711527075317
85.0,50.0,0.708602515104
85.0,55.0,0.715068936223
85.0,60.0,0.737142220501
85.0,65.0,0.758484663581
85.0,70.0,0.769082454557
85.0,75.0,0.764731135121
85.0,80.0,0.72874756767
85.0,85.0,0.735693022187
85.0,90.0,0.758763960292
85.0,95.0,0.727905321525
85.0,100.0,0.737652879652
90.0,-100.0,0.740444969632
90.0,-95.0,0.737168149453
90.0,-90.0,0.705871770149
90.0,-85.0,0.728789604016
90.0,-80.0,0.755891927383
90.0,-75.0,0.73317593789
90.0,-70.0,0.748628554718
90.0,-65.0,0.761523766175
90.0,-60.0,0.770655220417
90.0,-55.0,0.770417925706
90.0,-50.0,0.75962237953
90.0,-45.0,0.736254460786
90.0,-40.0,0.738520367609
90.0,-35.0,0.711530203315
90.0,-30.0,0.679783777091
90.0,-25.0,0.699882321159
90.0,-20.0,0.707211600657
90.0,-15.0,0.718786575231
90.0,-10.0,0.726502509857
90.0,-5.0,0.727786956543
90.0,0.0,0.732929703527
90.0,5.0,0.721322566866
90.0,10.0,0.690407431116
90.0,15.0,0.660795116738
90.0,20.0,0.632408322643
90.0,25.0,0.603499638547
90.0,30.0,0.619971786456
90.0,35.0,0.630049373395
90.0,40.0,0.63167371493
90.0,45.0,0.68675877158
90.0,50.0,0.725873709344
90.0,55.0,0.71410882442
90.0,60.0,0.739802710606
90.0,65.0,0.741626882401
90.0,70.0,0.752403314984
90.0,75.0,0.764345243149
90.0,80.0,0.746069249237
90.0,85.0,0.751167865849
90.0,90.0,0.756172877013
90.0,95.0,0.73838212935
90.0,100.0,0.740444969632
95.0,-100.0,0.742015815961
95.0,-95.0,0.736714792966
95.0,-90.0,0.7091520405
95.0,-85.0,0.724223401721
95.0,-80.0,0.737663501942
95.0,-75.0,0.733663087384
95.0,-70.0,0.748217736224
95.0,-65.0,0.777979454114
95.0,-60.0,0.775592750981
95.0,-55.0,0.770319905637
95.0,-50.0,0.748060961562
95.0,-45.0,0.744937198825
95.0,-40.0,0.733093458587
95.0,-35.0,0.696494995554
95.0,-30.0,0.683742529819
95.0,-25.0,0.702921329798
95.0,-20.0,0.711033665897
95.0,-15.0,0.716976472754
95.0,-10.0,0.747729641917
95.0,-5.0,0.739817878231
95.0,0.0,0.75198480829
95.0,5.0,0.732161546475
95.0,10.0,0.701970178736
95.0,15.0,0.67964792795
95.0,20.0,0.649326789499
95.0,25.0,0.645719342839
95.0,30.0,0.638633027942
95.0,35.0,0.625387999741
95.0,40.0,0.632998919138
95.0,45.0,0.69267764097
95.0,50.0,0.729549306546
95.0,55.0,0.721468357281
95.0,60.0,0.72892270482
95.0,65.0,0.725906527249
95.0,70.0,0.732432009073
95.0,75.0,0.777177393207
95.0,80.0,0.776310220905
95.0,85.0,0.751771233345
95.0,90.0,0.746869017793
95.0,95.0,0.741779694998
95.0,100.0,0.742015815961
100.0,-100.0,0.724453432945
100.0,-95.0,0.724020735391
100.0,-90.0,0.738182070235
100.0,-85.0,0.746045372361
100.0,-80.0,0.747025459616
100.0,-75.0,0.756283849964
100.0,-70.0,0.769565583444
100.0,-65.0,0.751680697154
100.0,-60.0,0.757618220803
100.0,-55.0,0.771245377926
100.0,-50.0,0.767408808836
100.0,-45.0,0.765406191374
100.0,-40.0,0.749189025056
100.0,-35.0,0.712345329346
100.0,-30.0,0.698752472031
100.0,-25.0,0.712700156453
100.0,-20.0,0.690008601301
100.0,-15.0,0.70823947923
100.0,-10.0,0.730433946515
100.0,-5.0,0.74118995946
100.0,0.0,0.741341309801
100.0,5.0,0.714558235397
100.0,10.0,0.689931237911
100.0,15.0,0.658730943836
100.0,20.0,0.645555803959
100.0,25.0,0.648709581751
100.0,30.0,0.63748408467
100.0,35.0,0.615988184871
100.0,40.0,0.627441700529
100.0,45.0,0.662707100115
100.0,50.0,0.687771127825
100.0,55.0,0.723789804175
100.0,60.0,0.747096611379
100.0,65.0,0.734755757165
100.0,70.0,0.739735383934
100.0,75.0,0.781686836387
100.0,80.0,0.782064623137
100.0,85.0,0.754602513052
100.0,90.0,0.720466983575
100.0,95.0,0.727457759852
100.0,100.0,0.724453432945
