353.413405220895
326.200638624647
320.104860017798
304.815072367072
321.195754203471
352.615161701174
300.100362984998
348.199946357238
273.975113391214
319.057893704774
318.60248744976
333.007234494425
299.562508263849
289.40050766979
318.557932122822
305.893592690517
314.717466170179
312.164910012185
328.12132006979
313.450350832562
329.119586620501
325.793912141359
338.507155822579
322.182991997224
290.73979902657
304.263768531988
323.598308560125
303.525639855343
299.920990463625
331.166158322832
319.817080573412
295.732383781036
301.420736968336
311.436860528269
282.17136665549
331.141703079267
330.050748769702
285.941565796379
324.351404196878
346.904948069519
276.095326093504
302.837909986146
305.547644851204
351.277236758794
315.437508457489
322.212176405556
333.347767747561
294.187139433378
305.627634148876
341.530548038782
307.729223295892
280.61083421583
315.557722095856
325.372030128968
341.452951268966
293.058763439569
294.417834565891
316.633311996692
339.913455800975
336.109168031107
337.714491322732
312.482281070838
327.708772712221
275.439524615902
353.800109603582
345.139083180073
312.199130625025
318.071197983647
347.005794689367
310.874625262005
281.49976686702
311.272523043552
356.738085736143
286.19938385017
357.742024429744
333.161469688655
315.388693654745
331.846588051674
344.318334715859
284.330597117484
326.942720136597
311.299451447986
345.562021444342
326.960412534461
303.766836107182
335.26273511767
307.99604097632
291.194002224579
316.47902155132
356.655687579512
357.594011616367
300.03934708669
280.49899425653
334.530454430135
335.879757398016
282.973717602859
272.836980477235
302.194063830585
321.056945877986
285.711700918052
348.030459763153
321.467599758471
297.759696736513
310.079758860351
352.318469290074
317.61696113551
307.680877734163
348.659915233188
292.976328145498
354.601803394535
335.624801389281
290.34791842348
340.116179256221
353.106784130975
329.116891661341
334.964927683856
277.196856568434
308.464081362251
330.764993565958
290.477108457962
319.655524940498
342.947717729825
282.6524117369
343.252097307584
337.60862068808
352.652625540236
314.36242680603
319.040860666213
275.625157237352
336.333655499872
299.877721716841
315.067268031058
339.242098449713
356.834509657658
335.637932974916
321.692944966857
326.556713067795
295.917689644444
294.97367086195
313.662519644867
296.208842537412
298.712275141222
352.47393455974
278.136821121226
286.259845350638
317.12996985767
339.130019292344
317.502234767116
304.987928735679
281.485993933941
305.414401268521
287.179013883801
294.074201029636
288.396927032395
275.97052759198
343.300428514479
321.757090809714
307.479954971044
343.036858971944
350.552569062631
306.155709072696
300.094199762304
325.743273093567
312.817378339988
276.002728557899
294.434984456058
310.00783602499
318.348529796174
326.853697698003
330.669200932569
310.998164539125
318.5948727092
308.347486109243
296.196854381049
303.047176816368
290.467006813679
330.037413367765
353.457425807564
323.977861264724
288.045087693105
315.894532172422
314.799069689214
350.090481259993
339.145203445295
298.181162656062
304.791354540985
282.012986120555
285.442606422045
348.608532108167
348.162511239446
343.490403359087
303.554940306748
293.614264977096
288.425808231161
327.828308842189
310.945718638735
281.805708234838
346.2835783951
324.419388184436
288.162498490679
340.627984108566
332.341324675405
307.104635155742
278.219383504767
322.677708231159
322.392826280721
297.195801883999
329.519879664174
304.944657114703
317.312391861035
332.833393592834
273.938293876401
353.261587800224
341.890297522505
334.1574547923
320.168123445637
324.610717638796
347.908353926345
359.788276119532
0.458089071852429
1.802807811104
359.298001409792
4.62143623720971
1.06735062506992
277.847445490564
274.448484921722
271.623966474646
270.500219262591
271.2465924213
272.475163965243
291.154709598782
308.6678029667
284.281755434639
297.875374334973
274.768173465469
313.488942306493
0
314.999617610219
270
0
