280.060126594015
302.636944502565
353.62026029688
283.703737851216
314.293071999705
290.066489477223
353.279720671055
311.356722206681
325.679321182089
296.11769075217
351.262535166719
323.412756078803
285.725385610383
308.042893942671
333.911817489506
328.183290116444
330.03179740832
279.847049150098
337.995407803054
309.328133286677
288.050234472714
312.04736675299
301.680966017681
322.638460470671
309.184578106897
315.681500804285
343.770567870997
355.009589165187
293.572721534905
289.832308149286
345.059436832198
311.142731558385
316.309464146901
332.686537579641
276.364754199273
312.849543339814
272.318426621564
292.763644704697
325.522921665923
356.546976788697
356.380008515598
277.711531950551
294.074788238621
348.924439529696
338.262130066904
312.16019329804
302.685810085241
357.90435466168
291.062317127326
319.081497600498
351.000195822286
299.309257960105
289.380431767312
277.127868930583
289.249193990343
317.803808773044
320.67375184206
326.354605553144
285.39269181075
312.992037632341
299.576673799917
328.219643024578
272.214805072458
345.534469410989
346.59117900982
346.41690026521
328.984321085845
281.446789212009
315.501596132551
354.101144906234
293.81325581688
320.208799534257
347.353849072866
336.768042053617
307.956693945737
321.802458328137
306.433375268797
315.423370530085
331.293264425359
326.854253410346
339.344717306484
303.496393473601
309.724729550893
328.637457124619
281.236463934145
287.299736549723
272.368685119013
275.423317008954
293.295730668766
311.068764396481
298.822709661047
307.357435658745
290.329536506832
317.0431315283
318.642083146072
272.258235794065
315.115242167523
327.946934394275
319.128601293073
327.155718835743
334.60385720641
291.739254371049
317.197366606361
314.779985738899
286.220886623903
322.191209445036
322.642177472223
314.380359946508
350.071168329644
306.338040549612
300.771618826
287.703261745967
307.718015812844
352.272760653341
337.927298338873
313.823637396547
325.652359027765
301.249652331642
307.266698409223
297.118771830548
338.710622466121
333.741870171164
338.475707754173
311.732278167109
329.51572114016
305.017275211284
300.231828521405
284.921875881741
295.47034006079
332.571851339533
284.36155833147
276.787085515628
286.988117752424
338.721723651918
329.90782967501
345.719452394712
296.480047584963
356.529314388961
318.548934934456
316.812412355425
301.927387908035
290.457457934114
357.710667316322
279.009148279894
333.384890764723
275.394372073712
302.851757772317
321.457379718944
339.630132660801
314.412275063985
309.451125503118
301.178303775122
281.90025038956
276.541479486363
328.254835415477
350.543859968139
322.307819409448
342.249110791773
354.849558035235
313.803419354949
296.639728567989
333.838114109969
316.898583435431
274.418947322872
322.763761862512
305.340816931487
278.439587319688
337.686518832351
273.461213007261
304.429777451704
321.995408189541
342.083961220072
309.846763385242
319.405461402103
352.060934955083
349.352601876442
332.144405127008
348.100403193117
287.114668995059
305.126032270089
312.52090951116
312.171379361167
332.73007193772
308.330485087895
282.283849077786
331.817011711823
307.276449710241
286.841564687105
337.166975354764
312.793055278941
324.120536569275
332.725638274228
305.08982689117
343.639269617155
342.895045021327
319.546915057103
301.337319606664
310.312699458417
322.133252633655
346.839339283973
293.996866703521
280.503788743359
319.81789649432
335.926367455736
327.793367716373
315.732090634785
296.819975559809
304.854461434469
343.007502240192
299.760545956279
295.312464173561
341.093766675534
336.244881517093
330.193963026743
350.986386917996
318.377588757986
343.139987139023
322.750486860211
1.67493168374299
0.401472796559057
3.51027637419484
6.86566573769958
1.26122779152949
0.30850465324091
268.64555208207
269.566959860356
270.469570359772
269.795473550516
265.089390483388
269.523036121223
293.120962930832
312.193127208215
286.625613346031
274.241704708039
306.150253518591
298.056123625306
0
315.000144076033
270
0
