312.134050827407
291.93795475459
276.95658279473
296.990856826938
356.392135640948
272.990694439918
348.621874065581
291.981744368471
342.92468134532
332.366535395133
333.895003261159
280.661110563873
310.140361863217
345.683084153255
339.41498498938
311.507477718034
302.636170757474
323.791732182848
344.574124883511
340.931318265922
298.068536841631
279.394628575663
341.086388833859
286.824447212796
329.387729420493
346.442867828295
322.45440665988
283.073960499359
314.332812220215
354.527559703645
343.346551545299
349.744958480465
276.420527473773
331.740769503648
350.479494285815
352.415976873206
302.431670873678
319.361970165004
304.347284233354
274.344579351016
277.791450682912
329.249005260727
342.451785439436
318.740249764977
326.836492268479
305.790871856813
316.922213059361
313.51803137232
335.334041491892
339.456935858982
314.391049541417
352.355241096279
322.286729324868
339.003243857771
315.907312201414
301.947565748543
349.125532016031
281.589666422636
347.386671853111
296.313574244517
303.156688821035
309.024943079541
302.574901750919
307.411088859692
299.835280902128
318.295449530289
340.186176606389
289.323173380052
297.48159106812
286.312514234603
295.571484049645
309.082115212336
320.092239202636
306.930900992388
332.551059103087
325.236665451881
351.309558865055
325.885263168634
299.482429574548
319.113388863177
314.848118973425
354.130328961783
288.122953792776
355.707832810728
285.294506024767
303.212124848542
291.374312731836
324.927255228058
313.617807355679
309.578205030837
343.243027549795
345.70303657399
347.290307509294
332.736268640906
282.818342155396
273.472714654429
315.238269702553
317.495295568444
305.196976597408
310.20659612346
334.71484452623
326.240215646605
313.016406138322
311.035628820866
337.091099592236
358.5753883468
307.823432354295
327.602218774991
295.476026896155
328.75470096498
322.649007003197
313.546468700738
309.239036084029
313.492804033991
305.90759049997
354.013021357386
302.983490434466
299.709523616155
272.710689819481
312.077800469057
353.568407684634
349.338935241379
356.974260090332
336.039462976002
320.84379287587
282.596303387753
327.613790374417
322.450430096402
292.917474755983
326.492776923096
324.573712013721
291.443822024304
312.756693313029
291.951739891204
322.881815629562
308.324426582842
292.518654445875
315.68275534146
272.28081251387
316.428406839814
305.455170565138
342.175247210817
286.212019987555
329.906574163612
356.797948625368
297.087126665258
339.337237761519
323.536044239589
328.723200505282
279.560647889272
283.762596758532
278.561565800126
322.937262964675
340.2745811082
306.910284372081
303.561256050215
305.524862813726
323.085443858243
297.204583589455
335.664359224755
295.928607199431
333.255282942682
279.763208847564
285.789211552522
317.312732391303
287.72811555417
309.743918191259
301.19223552841
294.011508887557
331.34500834184
332.623082719956
285.921497853915
275.343626912783
347.326438117869
332.016344559358
318.316626115362
307.274319492994
322.712117559196
313.841174400462
320.017901950215
300.01791320289
332.213356771154
277.011189110584
320.314141022127
356.256179737712
305.086218371467
319.028769218708
292.326551158818
331.580176026657
277.162218970197
284.628701103074
339.54431245781
291.336400207177
294.678986666921
292.471860213555
314.696597879966
325.59143021941
319.14805434148
317.992852404141
339.280071705993
327.168248419814
273.304382167262
288.409701885899
310.165161727168
299.427849566047
336.158847754178
284.894358649843
350.190107205437
315.685450788189
276.722193340989
308.906330003389
342.119829628485
328.056129092425
322.165200587455
352.597657736256
335.992102797641
317.348865324773
343.026090014146
1.71736623826052
1.41807009926829
359.63027329264
5.69820728605227
0.416046670858316
0.721965089789193
269.86920733388
270.431392889831
267.273999949085
268.873580071005
269.42342610796
268.668995659889
286.628092405033
296.375979722475
306.755078603062
279.093744503619
312.479444271276
303.283366837032
0
315.000510568303
270
0
