301.570267331485
322.559888812851
327.344275154593
323.026388722965
272.980709043722
336.509298516807
292.848604937351
287.84327210718
307.082674016708
344.583142315584
300.133618130147
319.331357185635
312.139796633713
312.292275487581
341.520762082701
305.01923223837
344.751795744392
336.902671553928
355.983852137861
315.164439722279
310.54396786926
326.816830815249
288.165995973629
333.188836791712
284.05843061768
315.253872393415
311.307244492065
296.212051529344
319.239967098316
295.246731412172
301.12507311222
273.044095547028
292.073220376767
333.75638076975
296.566211097264
353.21548933388
290.737635567004
278.52468725209
310.732540722079
293.748587666847
323.421201329415
336.109185974433
336.660670158564
304.091927057595
331.240037370914
352.962135405172
330.242007732536
329.929972740265
296.459041849368
316.563018669349
341.019328178741
339.084584265757
332.478822752173
300.121710735105
278.622534874842
319.985605727644
323.553261132371
327.847668932446
307.728977731447
348.567303232125
331.579130804687
299.115502498183
349.579101852444
331.523151126099
346.730339597041
321.857515879354
319.448939949953
326.957651839746
294.069003418888
307.08330025246
276.827174265381
317.751181252184
301.548058382212
300.180865772838
314.743750579128
334.566367290055
306.713910615873
303.34512173997
289.395394538442
291.887263461455
302.769024517307
309.351327572922
341.177046077051
314.343863549769
300.370860824732
319.27038205324
290.349360277841
316.76498366028
304.032510682343
292.150971405581
310.139641037071
319.383491877602
313.635175652134
356.989384776016
333.176979435182
286.948838471234
274.426944537413
341.531961927112
349.60718281702
340.527809802257
307.256521857727
323.833529212079
292.009900713618
276.144099771091
349.584770433449
312.509551113767
297.569804267969
307.17374646083
284.104738991618
345.302696245025
319.506150963562
315.601796693539
285.230824468692
317.750335362361
310.096377622175
312.417028996586
348.44780919294
314.8714489956
332.442273969303
349.726592475441
278.915343356299
340.328214444512
288.532848976459
321.100640034014
281.02123206284
313.513645626375
352.027101627935
355.295455243313
313.703334184811
326.676100029776
304.368099420487
284.000057170322
316.01418474059
310.58749007956
287.810605238946
303.030687928457
279.190557000334
316.979212608552
273.574397880439
324.075082511362
356.850422527741
272.754987726356
305.19692924275
322.3141200028
296.219928647036
291.594630853025
288.480398172159
341.060562767044
276.792729632529
335.683117534857
328.569882166832
309.215473731084
280.125736901299
298.287149008038
279.630105554941
352.574357897827
283.729499894234
327.94791227615
315.682224845811
287.931058157631
312.418471584958
327.779159503098
351.088775097245
318.054737572277
318.452370756041
343.251842706018
304.68031096686
336.987134716744
321.861260026945
354.323648763041
309.62148419333
350.294376565575
300.044665292166
319.235110931385
273.685516419547
321.767578133045
312.628017105211
283.79254834169
306.786327806231
344.747054055167
309.724389102902
300.859384390806
315.271644635371
347.811004973585
291.958402803579
283.233391358351
329.190644014948
339.887337374312
353.850799874018
342.864546936314
333.053354158565
325.235885455014
344.294909645016
328.250844918449
337.517660869866
298.566503462647
273.843940376223
298.849366733052
347.800998659306
308.247262989858
273.672459614118
280.334958428422
279.662628588224
306.866879283114
283.78866631014
279.98212552092
338.048143318244
316.642700324156
294.396226166334
324.8879096368
323.396548334141
294.144210248587
322.409901672414
344.045133045524
350.951320808961
317.287461572598
335.30158076082
327.07691500929
358.595442056136
0.243076412733563
358.910833581501
358.832212714835
0.315086388737078
343.356550978513
269.648233189288
267.014323836816
267.490741135267
269.934169814785
269.947737151663
268.694117052029
295.130620300649
312.478533100141
306.753639688889
281.875010160461
288.068414678492
273.950363968357
0
315.00019864142
270
0
