330.765900229552
302.711216234359
304.322651804168
353.590970935168
319.012679387349
342.514153580709
323.916236435159
311.31543559253
339.657233721195
321.720261299329
304.46389716137
309.947118794387
309.471595675368
288.056093430196
356.995564231325
331.002045677079
299.219923102603
315.389110232394
286.491700172977
320.310749321884
314.730463097069
306.345968778519
346.523220171246
273.462715627729
305.007293160255
301.857964849579
304.924158301633
349.702965924437
325.529865884134
289.560710805508
276.684020809936
353.273960456791
324.485355833265
275.349225314196
304.480404238186
332.908039055739
316.084891735098
337.29586375119
319.006030201738
331.453452171855
351.453005988363
291.705741336251
290.973102521194
285.001100613755
332.938144946695
285.262777418034
312.972743146385
297.548097448277
331.171336374774
285.000760165071
291.823613466041
336.155894377478
288.871460800192
341.084535075186
345.89260619347
322.445787733397
298.756227086502
294.517330130007
310.951572459764
309.224769270009
293.385637781268
275.272119866102
356.773593840778
324.058089186162
354.058883269253
351.160564325504
316.472325928512
325.432574993785
332.786633332793
313.237622177122
326.268079274289
279.398469495384
278.096558501482
331.943852097542
285.022080836824
341.862937435022
356.83603322778
348.785090321601
305.241022144602
289.870311675546
299.453299241618
329.83296123524
345.465163236183
290.028307298426
349.046398810829
290.868200304247
341.59591120374
316.458299335178
335.930399066885
315.51052671371
337.499791185166
287.558262118925
302.099681950577
280.499311586391
324.460879627679
321.906701105001
315.003578890826
347.933907856405
289.169232694716
315.768405455735
311.256103306855
353.722228951903
318.222027066395
331.584432748746
282.929703001103
320.909290425437
308.282018330413
318.224092135938
320.286383625817
332.148267178458
320.258141451115
313.984760424291
342.24449737354
313.934029989991
299.35667860868
323.811579413382
301.831916457149
310.916348295688
356.29529998707
306.431977852596
299.548894461462
282.490523259711
316.641830903767
312.549182985588
316.956320931408
308.305513982895
299.038556363784
309.670455463273
291.613892772037
328.930188338983
305.784467259259
305.52524923269
337.811107299545
348.527679137099
321.226432206632
341.500132134709
278.28052821742
341.338395901679
292.681753224425
319.871578916874
335.805211063369
294.976118042984
280.432534233248
334.353732793783
328.000091438569
297.894041634129
313.577804264578
349.298844589523
356.668091189637
342.79681649864
319.333602772172
294.491935713893
313.510390893347
305.354230090387
285.625439086404
352.921626328379
346.392884956341
313.110834047537
272.946978546928
328.225685446689
348.469939615629
352.913966392332
335.33149131031
309.926869660292
277.507143742547
341.602491806801
297.088378983078
317.158975190953
312.373547894791
309.124510657122
353.040301949388
295.261890564056
317.196744815427
284.062295612174
274.969888400938
273.797287729551
343.127895914853
332.697077290523
313.352413388641
280.560711140599
298.542458021045
293.172793957919
307.560255696641
281.429241457014
281.95086437558
298.548053393309
317.495746125772
320.805060205979
334.476151005673
276.41841208424
286.76786084766
337.247417790328
301.442384306222
281.044727687683
345.131846469111
329.534688925386
326.740796851016
307.705008602392
324.262086645433
337.763921643182
327.937161394863
328.200797036834
309.86293184783
333.483363404698
319.908872305306
323.763750912376
342.486748506668
325.914563180225
301.549934173097
302.456894853924
277.2893607532
295.519138617005
333.596663755407
339.990403758329
318.521100780609
349.457188296059
322.414829157311
327.550472922839
3.8348830216513
359.885769162107
0.86143432047866
358.304168285815
2.17543988555493
0.367097157938581
270.637634010838
271.544201795215
270.177871814192
266.649894563785
270.5463182762
269.564139344276
282.76855828067
300.965691661544
307.664080536272
292.743471644218
274.311250534365
313.083271859896
0
315.000163270718
270
0
