296.038215480804
281.532668131442
277.366981749084
339.441296266084
290.887636725009
316.361829389253
337.218098722472
314.802735373118
315.311630713317
316.923424604684
310.203671729675
346.582822629429
275.245771631113
334.477344283606
304.834614603584
319.504640302835
308.38858350697
282.514851519294
334.211212118355
292.09549275832
323.240004288515
299.758397236448
322.377711576746
316.603549103141
299.051609528114
352.787567141645
289.90070985818
287.280103723398
321.244580222543
309.501209659591
347.299473896984
273.371929532822
323.626436042531
340.416881093046
337.87929436134
324.978492619434
280.878667047205
328.092819833945
341.101880552327
316.545426026826
330.969546767204
301.563149444017
327.528427594231
336.930755629374
318.141212414237
356.168573396428
324.69960654089
350.047878876606
288.736665317038
330.606834164499
310.951208112841
317.480662196961
297.632408742851
284.1117764112
332.393418136651
317.248488162297
303.815714073706
320.541712889201
327.071334026132
312.837543283464
285.537215829852
312.37773542651
273.493750355088
341.115668208535
350.986510676506
349.491479961693
306.450401183252
295.409167279491
319.41879550943
343.764812763693
305.036175705735
309.048264253433
304.092447420616
341.748743178071
319.148860317443
314.861758980821
294.440186308434
290.767550827842
330.102062946829
334.963999280396
342.966010812207
298.223398170055
274.662081413958
343.850336461254
344.754996770807
307.158240170626
325.9710661612
325.032517735258
299.899826003498
279.293131124497
296.072715122349
355.306808554387
334.657006156782
320.583351587356
286.294640998464
296.174901033644
305.33701999195
300.086168103782
329.226853765482
329.304081288185
278.590954590435
304.466599292137
304.579079995603
307.467204517797
341.211474909338
347.009160106655
339.381825347203
301.722612504951
327.957282391256
311.189555738716
306.936047220739
285.378111195445
280.647756481067
350.513399130399
291.974277790151
301.899729347887
339.557019855109
285.090633789494
280.446065548642
353.583309169995
336.518255927577
348.868501027926
288.336161311459
277.426523828048
304.577360719785
333.777127225889
339.42447989476
347.305540328733
295.192781859367
310.968133438826
313.445568916891
322.575574853545
348.319304881881
312.90352642019
310.83348233694
307.971560469631
277.530570500458
351.750514218472
283.147921611672
275.382216849302
352.539145764259
302.183955506282
345.916366123818
312.604862620643
271.847163243705
337.484408797304
314.211310823986
310.741144591118
286.584499191074
296.405175510753
327.853401290255
301.971621338118
301.646141944567
318.551256923539
330.442017219412
321.267517043376
332.07178485583
273.754410026093
293.463938810524
291.714661242611
329.849290246386
298.042524592845
319.619197621135
347.394477540704
335.924480250668
306.88773919476
324.241391981932
294.927392415379
321.553052564348
301.489279386589
309.856082819819
312.322367857401
324.573632222208
321.947526651858
293.054583689656
273.183127568286
300.612132375517
278.289530982419
285.522914803935
355.86958999325
289.482642506593
307.811342239794
331.323368960149
343.454037749799
317.640815084096
312.993778278679
298.954808762876
321.823945220073
320.933648807984
282.777201666269
278.978875015518
315.215173059156
294.081845790682
315.47813678867
335.870756702929
326.744639365505
307.684694965117
309.967034325277
319.136684904829
290.238034154264
286.7504854176
309.879267288346
286.264231756536
353.985250815084
282.05003137495
317.172986399961
352.874042214133
319.072991544551
274.714756266526
331.808906433109
326.698767397882
313.694813215279
336.268120450835
328.174601429262
347.185891224237
323.949004945225
356.085467833436
317.276014393705
356.782787920264
357.607169215888
358.062773682886
0.202039332088913
358.534262518823
358.674061936646
270.673545691555
269.117931065971
268.221038034
270.519311689393
261.217261645028
270.161344566344
278.966008822594
291.946290656995
297.533597191561
309.674734721655
302.410078428257
286.634858306955
0
315.000378947572
270
0
