307.556828700619
352.884058552248
295.38605267085
273.719884250707
299.102852662757
293.55968618481
294.718274882428
277.687783653602
302.523257403953
323.358838427176
294.140676310315
318.779243189627
311.526696409726
313.373266945675
283.427273272451
307.303524797197
328.264500955542
345.69644378794
344.319507879283
276.015579191616
313.025551110718
350.410359058688
326.966374295192
298.824057905254
309.143110248506
282.993614660402
308.396754442544
330.538164808264
310.841459298916
331.938187649696
348.915509942349
309.497980722073
283.05191014282
291.432286596434
299.912368290317
275.683891271228
305.941263249099
311.073412560943
346.838180138148
341.818508071012
336.589855332826
302.918660605544
315.496756596474
313.646987132142
314.990364143966
317.482661205435
318.703609034936
304.141508708525
319.372124597647
324.324673138745
337.322763405006
329.558510666214
327.614112468421
351.629043105289
321.082826374798
311.793035458947
292.925943093424
298.746104654777
333.131695789153
308.439458437589
279.919659065157
321.80953832034
318.770107605379
312.405399905974
316.407185051482
343.465875917053
341.930509631205
350.324212600793
324.139240898859
343.057364258477
304.752957674097
306.424114309257
349.211535745931
331.570661403702
325.683987547319
333.973923866631
334.190943989846
291.134302271591
292.513840321889
277.585408352424
289.907218057995
320.687876441127
313.074851583593
343.10378806947
325.885326288544
331.530595645092
282.129204020173
330.887362896553
339.266811544466
305.996989414159
350.418166827777
352.759849947516
357.289237506306
297.162001187372
313.82092129219
335.605272079831
290.682914948418
312.641647390306
285.463877189061
345.471385343287
315.32595042778
307.191227250286
315.536668580501
278.528636653007
336.40364665723
328.353540914131
329.448446760391
327.373646579765
299.671845039465
324.809919112392
315.235247124392
348.553820815703
322.9254183861
278.489727343274
333.749667379994
295.21843350324
281.19941323617
356.987911904821
287.15459113972
325.573450048269
285.343068566618
315.34877001083
347.381922991423
295.660909862164
339.511037363464
284.544355291988
356.47263395201
324.074936742929
344.108071484971
316.949441375801
321.035882574165
355.42731751046
332.748439584431
298.265911985285
305.199987371005
355.487782518214
301.189637827928
289.651212673594
356.47228465235
311.048960390378
304.661878265454
321.162794543752
338.051518683055
307.577889747973
302.521516325509
286.480966379956
326.740166992965
275.548586911776
304.326982017137
354.642387841461
319.032426921239
300.527316666005
334.491821652603
324.219205287237
356.594482263255
296.741789645684
283.118378311743
291.78976831834
333.668328036873
346.672444672803
275.459779317214
304.71671644847
316.130334798979
293.64921648699
300.312525467352
298.249170701213
339.400990436642
318.495176032527
345.283932282102
284.356003580768
307.793554606538
340.025423238449
277.640729704886
344.817357974366
304.88710671835
353.418996405952
302.933510889016
287.687684301821
321.44650510185
340.790026081296
352.366362856734
335.847582736769
318.99014912505
313.974051594116
284.098058044567
279.329375006893
334.290824426312
317.60140994005
309.516508382114
284.234508460585
346.617290267749
309.164817632909
289.558395583574
321.463700438325
322.048666266776
321.694272811935
328.878266328754
310.144609852939
312.269068995357
351.399186565804
325.997690049784
308.865337844033
355.280847412478
317.655545437811
333.027943993422
342.39237678703
329.283033266634
291.524686575848
318.954008423067
339.226755022932
291.546967372885
298.976706356789
325.014303747906
351.387551120936
335.424864921519
329.435378021296
343.351366919161
318.864861338471
359.878217419923
2.02976642819853
0.539680229640062
359.525876792878
1.04601072446698
0.91163129955323
272.71514556437
278.785483222553
271.151063323965
270.984510919654
272.951518256555
271.485932095348
295.321935278654
286.137645177932
313.304904110921
275.214843830058
303.157339906994
308.318409744145
0
315.000224133038
270
0
