281.010014389353
286.98530712391
310.482257363102
316.899854665502
304.732833581313
333.46102970515
346.087622554251
300.761223797755
323.994529922494
290.350845683347
329.896248478358
303.790086826048
273.198590737226
346.776045956112
315.827943567704
353.011320202565
350.166326268727
303.675559368648
337.276805473995
298.349130741632
347.158794095271
291.778716678365
308.192650207615
276.175911903048
290.030305307511
311.809095163058
279.820176248022
285.48559380316
344.441573905292
311.933798389674
346.942214837622
285.710649364467
333.380097768431
278.228977526732
351.137681087257
322.220216120355
325.115753586143
273.145196887999
279.793908308979
319.24632931656
329.974455091083
289.102514905009
333.050081397408
288.703114213981
323.9362927017
296.928348642852
311.534367389802
305.531202981687
301.13534079935
320.927459483701
338.965990160648
327.126562595348
279.970276426273
333.049819177397
277.896840329843
290.364558207778
342.436163255005
343.1748468745
282.269188818418
314.176202832698
340.58539237423
306.959766636753
315.327497565226
330.246613911648
294.386764680415
273.897083014709
297.472935196303
300.134461083828
355.325547681088
321.886624164174
306.136354461081
298.6203133565
321.790677454622
315.946891007459
304.397462617416
311.154742026322
302.037393959329
295.578145355172
329.194530513773
310.829903161408
341.491744020744
323.659425406564
300.107592191161
284.979321140886
326.500985790693
299.27727735843
336.476623821066
351.136345222322
287.006192926131
314.331563263447
309.898742466792
287.014011730005
320.296685857916
297.608788432575
347.790551362845
314.017343244193
324.718557279613
296.723019396826
344.130146539076
341.355130082965
284.04817025651
333.451581473284
339.5366911789
291.557412299835
336.410672198598
298.873245664735
350.220440820201
274.617221246931
284.116485376051
315.010652421641
290.769239028565
311.212292445943
301.340884243946
336.479306047949
325.931306686239
285.327686971708
333.492539501784
308.831706742534
284.015275267569
312.822252101251
329.077761052866
289.371264647518
307.043660067697
276.709481552114
340.311443467579
290.822129924869
324.46517098869
332.915844753059
309.711482604522
347.131369842632
318.491160222597
302.875942275466
355.299221745276
318.461958112809
325.849127490715
316.925845974255
307.542488266834
295.881112655872
335.591476886996
274.444878797294
315.96808512516
309.119744488179
356.971432451032
344.471267914692
306.993440383239
324.445830066247
287.965953735522
280.497254705652
304.149846301825
324.797415245996
272.396588008933
272.771260182313
300.209139930098
336.674175172557
351.823229323407
311.355542532757
351.99836432651
319.653911922155
329.885637286395
307.13545376887
346.973160429042
332.066074930755
315.481661378502
277.718660910685
303.844546263027
329.653746515406
336.96839285174
276.267754509114
294.032541536547
313.529362967804
336.914457149598
285.126167639981
316.354049120853
320.42071071695
295.337240103217
349.198302406718
308.751844723083
322.953442084079
311.19961630116
276.690110438157
317.239105181269
300.580848169774
293.047780416871
317.748322231691
325.237800236491
277.388242605731
282.94993053743
342.330931413977
319.367337682952
274.027148123523
356.027307185508
330.353573618561
311.697124286981
283.430590831907
292.487686755025
310.102811254222
341.67993437979
332.671933363813
294.028581303354
353.425182389292
315.009686175296
311.067984325299
321.816756946253
336.256213395176
304.768471185966
316.202321135311
317.515550109195
349.537692098565
296.782261747154
326.632626920658
296.760095127685
318.616714923558
353.23257417774
327.102861752868
321.81793597924
341.587839184413
333.597486882605
317.119064936
359.648123462385
357.35032126637
358.919958253422
358.518536400709
358.978374060876
355.062928266074
256.394282417792
269.374690013162
269.175020153268
266.739071018405
267.282848766948
269.182446699903
299.297538164741
285.444633977897
310.986536692356
304.490125736306
292.028285360795
279.108529098893
0
314.999514499335
270
0
