302.410355880283
296.356346372741
332.21547028901
296.692882442846
351.077877791142
322.444733865771
336.694750074708
335.256581636365
290.493106548307
342.766041940115
272.718283717296
271.140979777857
316.973446372585
356.882420719652
325.562208185114
293.619546184479
334.730377337325
282.221938198305
320.205589303582
278.902855376059
332.462759311783
312.02329047583
294.807380969424
358.648971559688
281.95391228595
352.489884040941
315.901809777269
326.815794814045
300.163479785461
322.475972318566
295.779924383303
310.602554290564
312.655432220845
277.651690026744
292.568875222968
339.529432581125
335.724390660886
318.872640487931
320.324809555221
316.335998309255
351.969475261997
316.42843516926
291.396161314631
310.204530818179
324.219340640528
321.402600468631
315.347620021376
275.733214822828
289.829090829715
308.518120066391
271.620280763952
306.568044540405
289.720716858664
339.725566435402
280.341790631707
322.618327432722
350.224265102885
297.616545631495
275.04267284639
316.675367984075
327.614068574845
305.786821671282
278.120016452159
282.668684244651
352.218399342131
297.222898815972
306.80730721884
319.605659808629
319.770393550814
340.529539209544
342.960158992278
315.051931385167
351.44523395934
310.413887094545
339.413513675019
318.648213475086
309.133887954814
298.910619475174
300.032223625303
340.331605684713
288.649913274953
287.707911296264
347.881826834309
301.754493205991
293.038803152571
358.483258502149
308.138605360602
313.706965292436
309.735155926197
287.197266523755
357.860179095668
274.986717915219
348.600314517077
336.064951157774
285.729989275657
326.623214038419
335.103494560261
331.206290552622
325.229425243552
315.313299375704
299.658653403373
345.483618535025
289.833905462197
344.496193151012
345.534444293754
284.873591547527
283.054017930255
348.984814147212
319.978952334843
301.069253342422
294.647903758941
303.684991588722
274.368632716421
295.843999929833
318.411130283531
332.387777382632
328.937305703447
329.484094728533
328.915760178145
344.07313663298
287.778112504284
273.029918468038
299.330206379363
314.838537334105
330.929500787886
278.49586392732
323.03803781153
307.637344430518
313.438785625826
272.719314516886
328.441315101786
326.853857922482
311.97011089323
358.431869166639
280.559869224931
309.572766814277
355.231460501054
336.304631792969
354.394078911098
273.220010290658
318.220769425414
346.913473731083
317.469275616127
353.845037847568
344.307613333503
279.156100827083
304.775472469571
277.498931837876
345.541527027392
312.62595145263
343.95713218258
310.248487081125
329.654443223811
300.370094948072
305.304051551105
335.139960491903
320.607721894016
292.21928553177
332.216733731142
348.110370961935
355.898307076126
319.652944319597
354.331852704273
343.775792598806
325.605778324585
306.945890850736
340.98773652136
304.036615845339
299.950869725662
325.473704391867
315.597007605498
284.277551532847
342.663145431663
350.96209630162
307.837329487033
355.604253548789
343.216579550744
303.272268207598
289.994065132007
325.41651453847
306.084068486176
334.777758437587
306.932418349458
300.123575283444
312.87357974584
297.062850895533
302.340937986496
282.190167571004
358.339179370756
309.221539565974
313.556016438571
330.373241411499
283.547009648002
337.123738175668
317.413700828247
271.227608496535
310.774731741039
349.765603755564
319.303449405542
322.037806569777
293.140767350604
284.009299521845
329.78067816406
305.477870785187
302.135642327942
338.626521469438
282.732971324941
303.247296802444
325.277382058462
314.313129501162
295.03495541794
333.522992896545
320.727144042724
353.675527998563
331.030324734241
338.321538917416
345.464747990574
324.746195338259
0.831258197108543
1.56558356987027
21.0583962809489
4.8433646002844
7.05549329371691
0.912612987606014
268.368070570108
265.095270559541
269.521619608943
268.993451955995
268.044189673658
267.812846877297
312.111406695742
302.891102067359
274.283871347109
286.789770735517
281.629075273815
293.923236891686
0
315.000360332515
270
0
