354.300811178827
356.443538950248
346.110070281177
336.248880964682
299.896428332392
325.077926140599
291.722467466215
300.661712224772
274.300281882472
337.61650979222
336.933134984666
282.346403933052
286.083314660718
315.679994521899
313.491514808563
307.253164672349
321.651775323829
277.042240376545
302.610120992596
294.046644918486
334.663896530425
305.852828513532
297.193753357037
286.916963466103
352.273794699265
305.165249311074
311.198451540908
315.54628409697
354.775726313649
342.593676648196
349.265941602192
352.725021653834
274.743763080644
301.467996891103
341.569554643915
276.739999505035
318.759085004736
301.348458020197
299.888055384621
316.771563627957
283.490448070865
347.49671470313
289.322401987354
321.124851465365
289.746233023805
358.409569072998
291.653154993046
311.14197174268
333.79378865965
293.920053377593
315.632685533611
330.251122959734
297.153983310535
309.894791390982
352.089195838471
304.097594590467
336.078535929168
300.638698047551
316.135398395761
356.622852437295
332.133740613719
313.772367395601
290.602781756569
342.058114613736
287.655155779922
283.678262789977
299.850484724302
277.077784619296
327.050414215646
298.356262866579
327.586048424629
328.303196397734
356.714032281415
320.058485253868
336.802897905944
307.346406990329
341.52589569466
304.371095134633
330.894443285081
297.860789438289
336.691218381023
274.714659124602
338.038341835957
303.922001165191
331.168130553525
352.068645323349
314.225989237504
322.845696217389
316.101111896234
312.372322852647
331.984935938616
311.762299857261
288.945742224031
312.450852008786
330.742294033979
287.939448729331
312.419661714603
333.434340487389
294.287848220067
314.74072929149
311.226760065346
323.443970760412
309.230136653181
334.122297701628
328.787083951082
285.442325142408
301.206784883135
320.393319649731
349.907507720991
280.987228428644
341.715511337445
327.4139375599
298.524267868542
283.974546727881
289.951098078409
297.040060517882
317.883263999361
318.442057552421
340.054747003177
323.198299804327
311.757859735288
293.009936421573
304.993680082373
317.044115170721
324.383861772748
315.293564993045
319.478052318006
324.217643630315
326.685006365246
358.257680432096
305.22117447774
343.962952548061
339.399777238888
285.606758143727
346.009748023749
274.820021378729
343.835108221982
346.97008198477
320.955130449503
341.781289259595
283.793003549124
350.637807952939
293.668591647909
327.428107972488
287.15499772627
330.303171806652
313.868155844114
336.655870201944
323.379168657073
351.32962320118
317.70367355404
308.63538695414
307.391114448618
310.542267875917
355.632931259259
279.959532837858
317.996110473458
320.600529762699
304.089275115537
308.105150659454
283.491255629559
307.958391434377
295.934935729371
357.605100991078
339.1356085293
324.24508892901
284.530799651965
346.053345183978
327.88077733221
304.146408302031
278.148403585579
318.72582250613
330.685798213759
312.216771569406
272.922561986266
354.853184209284
313.184680257991
330.875527253412
345.591677076073
307.137312025255
280.598099436111
278.93017151218
348.651812672875
315.467883177012
289.899105341969
328.243866917756
306.331644133562
302.780927267094
349.023343650859
339.614337666913
327.631341165868
344.828871466444
334.957259096504
314.498725781076
334.899721492875
293.733452718891
322.137326092863
323.277688159801
355.019116375138
293.500993091799
349.940866182429
312.466842201608
298.548646612309
280.822119017795
349.269371518127
297.374953756198
277.82844210748
282.009275151497
290.497328370281
321.710499312756
317.05135549449
325.084115967822
342.100025720066
323.76217331436
350.072088255456
330.210189483443
318.395172355724
335.636908773946
8.6798364348718
0.816685689612243
2.89999113945728
1.81349750936738
1.02372158720286
0.617094798074211
272.110824177385
270.483903121593
272.660814335987
270.90395606568
270.794525064072
271.538265432197
276.681663517776
311.139082534361
290.125262071575
304.82955357408
298.124748533353
282.552203121159
0
315.000311493139
270
0
