292.581256839278
298.226672585653
306.813456639995
303.620701925945
342.047441601016
308.032537999514
276.475415761602
295.825753539926
303.464604737104
325.343220469059
305.349795459407
278.858208154084
311.381051682493
325.064895250542
356.354269339965
323.285561746761
304.294766376884
353.349988643628
287.893093710073
320.181561898183
291.580552467531
311.140622477044
356.460454737463
300.714466707212
328.381539083398
279.292252323979
328.535676076655
273.74284410769
335.228485711401
327.722882089379
323.718640264132
285.761523591065
316.325142667353
308.952409879734
293.295786284543
287.101147741192
305.520840274035
330.6657953908
347.225235336995
294.92222680838
301.507745371112
328.983623643308
304.090931587948
344.568317531838
314.588773262519
336.6401638992
316.486663701886
334.039880711208
315.324812077639
345.160436367827
323.161534118934
339.818392827837
322.325748219163
317.228910346824
305.811287505515
284.411917164748
289.421775379057
345.291387732202
337.116413856338
322.983814348174
314.423096599876
295.820436778306
342.249317505081
318.326334446494
281.935288492825
351.122779224103
319.256071457813
289.492479755534
351.435410878456
278.183744609924
331.351056492879
311.700732258254
302.240590805018
278.967147841469
335.003741384506
350.495225593282
337.657046838774
282.604937095145
308.045404750109
274.983123132129
304.367160798711
328.090996620163
334.135612501702
304.526593510248
344.850954939136
342.400525817027
273.38003801484
318.648855445075
304.005963426573
340.552441601631
308.251813408085
283.484981147838
328.349923342321
281.545621213955
319.350848717153
327.724573740683
312.066793492422
293.215435484743
279.414391225563
293.054504913407
353.835184593887
273.194191935031
317.269122832208
285.274433481852
311.911821805618
314.967044160627
320.21055252196
289.688654770683
292.031076008116
351.766690980471
353.995711047152
332.886563042228
331.117102495501
313.865506016658
276.428578465162
275.252506451635
300.793588727335
314.964687160931
350.008072205672
321.900597414466
311.579162693693
325.54970986048
283.50510413058
353.689609113868
335.126296400203
315.181120308765
288.796139551267
354.392878481012
322.516058676025
332.853392872221
330.866267259465
331.64819676331
319.813388835051
308.711174837714
311.474375014663
312.967564127831
295.097737921424
289.011370652032
342.934289979616
309.983564696622
272.409204100085
349.734243246915
318.553453878727
338.792526350185
295.975189552973
347.458751910939
335.918293497594
284.515802458294
327.118437458578
297.673628035602
300.553203910374
321.101188816607
294.056230785364
280.372839073663
297.295567327299
292.015503319119
308.176772937414
354.823982663048
331.629144377585
348.690624410076
306.760493466908
285.810925807435
310.080694399687
332.085312036474
318.03648730764
291.094923974414
312.810558414069
340.999261277824
324.958733315739
339.161490505322
321.896076413353
321.605043715578
315.954831513301
325.740481055956
318.482155153715
300.399451518534
348.970179190875
314.267791351956
287.039624873234
336.887839192924
279.455556096313
336.724133233391
317.668184728327
328.278264241576
323.953584484795
296.032591954932
312.118036628503
300.280853997595
323.852020735181
335.675377032122
311.331409062365
307.929045477421
304.238671713713
287.830948493277
297.87547435273
350.088190079401
329.301177717826
338.384546120653
311.813573215069
301.534391700075
286.682708011492
309.300884320019
343.582439687121
278.929462673082
311.691776376912
315.923641677788
296.642156431372
299.600040633088
341.605319631476
347.51372256195
321.766154530898
338.593910369576
319.078120919222
332.275545931678
356.934316003337
326.701411687039
350.90919731622
359.091029956683
358.420434401615
359.261116455369
355.614425130375
355.228194601438
359.73745494417
357.212683367344
359.333584062361
273.419372780028
270.032512772296
268.963674899584
269.731495984795
270.643426757584
275.625318667571
269.954001899151
271.092414157968
301.722110107245
294.388913374087
308.181331952533
286.822265157108
277.701116334431
312.603349240674
281.781009892388
297.854802572592
0
315.00021128531
270
0
