346.281701950303
303.995837592166
334.243512442046
284.944332972055
327.930321473796
332.520690988127
318.083791265853
296.712645581866
275.885281757836
291.521345092773
310.046243832631
349.782220645877
283.30096533949
308.416346983374
302.132816066272
330.985392744059
284.980781370606
322.719600961518
316.161453533346
317.683751857262
342.058952372572
314.369631043366
323.230279116707
320.778169348198
347.927800903327
273.067555979494
291.98786310593
296.138294223357
344.711544913311
337.420690986544
315.498301087861
344.591899868065
283.346824269056
340.463510809657
321.904894496837
293.574672620423
355.455478613423
304.394150575077
352.658845063244
298.58790011756
313.158935395612
292.746324061532
331.075886955599
317.165281508026
325.932483984787
300.380772728446
280.845471524079
324.889660325641
326.539411627892
302.126030187237
309.764142944107
349.760455859678
332.554147744695
301.148594215398
329.133485296808
330.413232966541
289.715746778651
353.760218912686
325.660670572322
279.092684564727
328.908110323921
320.431451136153
312.177308833584
343.475377494673
281.665417632324
297.919648811831
322.68970708417
338.06656095367
356.176339285034
305.40381213671
352.211373535971
331.388132291587
316.888352448966
349.234305649231
349.848834941001
318.73513949426
317.100625655709
315.271349535531
334.678002353507
325.052751633474
318.470417571629
329.260782623655
301.463049906082
298.321761754963
305.509745353568
298.685255369759
318.958671064762
321.004977978917
279.234047526067
310.167254124979
288.675710850661
290.856895891338
276.928323850766
314.06413640809
327.320916685494
321.921254957015
291.089425321646
344.129762840766
346.449862675067
287.044805952146
293.040591968304
307.926554817563
303.875408111027
290.226701603249
288.363944567736
278.128698633998
328.64908698392
310.383155731886
340.072703544234
335.243498723916
304.238617157371
297.170833223443
286.689709933396
321.553567171053
292.640982135137
281.957381207821
307.67135040769
309.291094867172
334.88316893103
277.150254724961
319.35792008186
335.370999251272
285.552719387481
316.135561888963
309.782813670418
311.21660562665
283.974742678139
337.478998356173
280.51307180112
355.946331077425
275.236792172002
304.883696471464
300.15473261503
339.684855842205
328.844040037712
317.142837437079
329.925578441447
312.317208631427
286.971344279899
354.090124775313
299.996025540216
291.728506831209
295.9551636461
319.413662535875
289.72549645759
342.457391027434
305.68207800631
311.949184564563
276.987350994329
280.61107803166
322.50123268175
313.313079982154
296.266648248446
347.147333783578
307.645587232392
274.399656570353
340.222188574953
336.695176146924
312.470128332027
355.088959538001
337.501085389569
271.367637113637
325.720785667216
307.901199121369
279.762600003518
274.859945189462
312.80731434297
334.804436973968
339.050605584163
316.654727378815
330.159960764167
298.491586654926
309.526559328597
331.529246290451
276.026232693798
297.583973515812
303.060630914852
300.103045340582
353.518463454849
315.75955983753
301.977067189462
323.916842528544
296.502710704002
354.229194603619
343.847861407394
274.121589561784
317.69859944847
343.625464229417
313.870779844902
291.079439943716
341.688366384378
349.191447263479
332.053993745209
302.034849210109
317.538555274902
325.443170629593
322.067592157808
288.116268286003
298.707204369444
281.947327353718
342.321693449641
310.959634632392
349.450064537061
311.012746300464
324.956094414127
321.875643537954
338.690333405591
348.131427815338
310.991905356537
321.044314531227
343.520854666274
325.980316550777
337.063500556415
355.696766911022
349.179592772737
332.213416121245
318.828682017829
359.110847038081
359.195607066411
359.901877238814
359.989585276431
2.24545303254901
359.747039410963
3.01143001890816
359.53994370172
269.613831077881
268.77359980933
269.795040809747
268.365462560059
268.244816887296
269.774348653362
269.138045409006
270.671328652506
312.414370342914
292.658131481313
308.580844291683
302.36881099913
279.617709167043
296.966112486963
284.454189193986
306.440030174988
0
315.000280187384
270
0
