352.138184561146
340.360221463525
281.047284078075
313.873384852716
352.648858377907
316.806909045436
343.729088507302
357.641144434638
286.461460506001
345.513118056181
321.965851237237
329.152936752119
299.393174339507
301.314329599202
351.70265234118
314.723224634336
276.34473110942
323.775598197498
336.132705760675
343.219359175392
312.702781487252
328.027318064756
313.120195424235
292.386966163195
308.954525986039
314.356414789055
282.871624091022
294.401989284666
285.132046819367
345.488403271391
338.918502773011
317.69106237223
290.150441465222
329.94465518029
336.145255868722
295.959240115936
319.054918401905
311.163701686567
303.451063086041
357.224603809171
326.308638586652
350.928980609169
340.43840884097
345.867247702015
288.517648248186
308.856181101877
337.318062877129
306.436056029966
315.836839071527
332.55246718945
353.124112046743
285.738352282919
311.116041297803
309.006693574132
306.670130824909
315.433865141097
331.34371071804
304.370398221768
306.825763426607
327.402069147796
314.321538286781
319.762036287939
310.089440228963
278.958248943017
288.153284009917
309.534927094412
347.421304915384
322.910187016438
332.764687758722
293.247366779475
307.413288835753
304.506514993199
287.719530725622
302.95130265134
302.52040444588
320.381120213116
338.953290834131
353.611308711122
308.659453904554
305.851036284061
310.489210294278
278.124874342155
308.224330346462
287.976712986091
349.342050111556
346.002027578059
280.702506939858
315.98633890827
324.530389058215
321.593464539297
309.38812589367
312.012307714361
354.473565069299
296.409548365776
275.656890858323
290.16046811961
287.104425099264
287.058542210586
336.247780931902
355.786347847291
355.736430798034
305.830517379004
274.641433740486
312.824815563721
281.297819541789
311.907026718228
296.959640407661
319.44644843376
291.595535959731
284.236847950775
322.905989855405
276.071056916507
357.875470605242
276.820476500056
298.341592750458
275.714051571838
310.734419250312
300.916667628016
333.127237153523
341.850728386183
304.97731748911
326.308649694402
300.475021640725
346.122996259724
284.628280207527
349.847699468286
292.954845762908
284.520484670893
320.730448139416
318.31615082732
315.87631536556
342.288520133594
276.781815106412
298.938960970172
342.109000528533
325.267359345446
300.042770134074
310.464635579758
323.852229747895
339.900068633241
327.121045924203
331.558209379767
313.866799057644
314.163300210034
326.326871673318
282.654485082986
337.876143001887
299.809807112789
346.141586611821
351.204743222654
317.494368844069
281.207966964684
326.210371722619
313.981988779126
306.157875630356
324.396509231939
312.759962075215
333.695886270778
289.884366660489
316.527508250964
292.582024977057
321.986333083474
343.51067317135
327.050530013864
277.183838911417
302.583101415473
323.484397614352
285.206875822569
333.703357046484
334.705774433822
319.009879103509
357.247813219422
337.377733956657
333.397011652234
306.56333690505
332.629105666325
350.404188822259
293.541618480977
301.27330642492
349.073786531078
301.061669886075
325.470841965293
286.138701464319
344.2114309069
317.122427719709
295.449871598551
318.285414694385
353.525294000705
293.51152946022
297.646982486208
357.273701340432
328.413897820248
293.670253852904
318.823887088174
275.660393150687
321.232283747242
273.712737395867
336.610590012242
336.834707764087
318.513135042118
337.842211730328
293.562236673973
321.263269837889
292.808250507794
280.612760535202
347.78773296152
330.215308244379
300.345702386918
342.628716286277
337.978789826127
347.270369971909
320.916839302749
326.761792756602
332.774250690797
355.158837840164
318.445426911263
359.802452318644
1.16431337415848
358.445272774959
1.05824641734788
0.63170455927355
2.91361184527325
1.72989925968931
0.882144933174874
2.93088202860884
270.605224045042
270.18020274876
270.594034546802
271.141395231117
269.610239748552
271.106426434854
271.707227558098
271.09517357201
306.743334702165
311.732753749035
278.796556953665
297.143491047874
301.019984892772
286.862232944255
293.111277712862
313.498331113007
282.264435207954
0
314.999490911006
270
0
