286.750989693064
293.399534552211
336.784651456312
304.195089225141
330.391877284711
336.875951568676
341.845721846431
333.326625570656
304.673138360887
337.793202506929
299.421993906561
306.103107827514
310.636297851015
306.359297744378
323.363572263382
310.991323287937
299.785797225996
344.561371099332
318.929041717505
347.307139472081
276.762320464124
282.551833679619
315.310004772438
309.264192057019
320.933406334842
284.305221013537
321.08526081736
309.483911892602
297.361914675448
324.233706464513
288.545663588756
297.818021775176
340.223101648285
298.234843346857
321.493968769734
311.300519587573
272.45367612439
281.435637081464
326.853672090182
353.734163284913
285.433021186899
340.058993350321
341.693758429364
305.600411752816
340.117020030099
342.830547171693
297.24775403181
321.291800191183
309.832061198004
339.17821592632
292.807178907613
324.441879252797
322.1561493665
336.879989582674
330.28248887479
297.605462995605
315.65280718174
315.85641659318
331.758398129873
355.212418233785
291.475611606923
295.340530901769
338.845313875523
308.012758356295
293.392964489103
302.814091260673
314.912657242332
344.338816399404
319.726033163613
308.100516654266
331.503465000946
293.493784839416
356.470464048461
293.448946229023
320.451392913411
283.511340567897
316.58532812794
354.328828459142
317.455369549268
317.245355496743
334.21777469679
276.485540571281
275.498974302338
305.541361100272
323.407736224651
316.835052223423
282.249072277136
286.334221677018
302.385420310743
279.09228643684
327.584853415121
321.09708394158
349.41224781385
343.376086114648
327.505951005522
347.841327952559
280.662342804437
351.360010816724
294.354690314405
291.827899899952
311.1791496489
303.809607901784
280.559376947428
288.529612199482
297.706124258301
340.431449078553
337.033121369126
313.094129388086
302.235611433752
293.900760491934
290.800218659545
355.350749513382
295.108096496415
334.483202564929
335.035372221796
324.538889401613
321.178620282549
311.732329619348
308.111582445436
320.580896446375
348.071837926668
277.753444024643
350.28628275013
331.705620058705
316.074428784458
310.314004591015
353.995120202081
348.370082029327
316.028018618963
324.976786169272
281.305138653606
300.055870285321
299.302146430342
344.576969659351
309.266549683068
288.078607273186
295.027156363242
317.668608501586
308.076747667692
323.945775947682
322.195186376148
272.154497545429
333.169423140809
338.668175160258
351.835598942454
297.952477083956
276.67542337132
329.554274829452
283.114889859558
328.215066155054
334.4864907275
285.62691328908
301.718275012861
289.84092663945
304.456283031619
343.594653860088
352.768525883294
335.754555387533
275.299801549657
281.417278763414
315.583826563687
306.513078576325
290.320603980821
330.960124938598
318.254482237622
278.171477836819
311.326359773216
324.586615089773
347.608374799411
324.343568282228
275.200273606794
274.063798418931
301.024067952744
289.179116071675
349.143519050786
288.374772327591
311.16261971371
331.206757290587
326.453400955529
277.910800461661
300.110735330546
309.644757199006
330.967569275752
319.629364144318
313.16279470469
326.923365687877
300.910314879275
307.992723490023
285.926080856438
355.849115098314
272.889146037789
306.815780742674
289.699625572815
341.213650964636
313.189149056864
301.34434577955
313.664969816017
349.873320682912
301.977095399938
344.437718487838
346.501765469399
327.471167113402
299.024410950781
279.605220312002
318.733976082463
307.733952224274
274.708642241213
315.399455167662
285.034382453391
323.603479794499
350.808463225126
316.557381650775
354.116112752968
347.277449167614
340.596005583719
334.811511796653
322.204357184095
317.286811992631
327.937276523701
359.045356832224
341.438546789468
359.113052303444
0.192631075218416
356.377874988481
356.44505450655
263.567891154105
266.728478042964
269.213294042887
268.16159161052
269.811947894881
268.753780103521
270.207719052715
306.284015246644
275.439540429504
312.676912267397
303.29500328388
285.164451790164
290.199921582607
0
315.000399654958
270
0
