349.523161936777
311.827012780477
293.593624930898
325.144880839959
321.738135135103
316.418678237683
304.157114546336
293.251584470714
335.984580515911
321.314647693041
276.83791257449
319.73494398447
325.730333243898
330.128094465362
305.658574212207
307.583491410048
306.694478688162
312.912651119081
283.39625709834
336.547578813913
298.340228371636
345.824381777734
281.028443440587
298.406267430597
350.582821216101
293.197611385187
309.74575640416
275.159553654214
278.233921196019
283.86823089728
292.619489272608
337.757134620636
327.133546932798
352.970748534435
308.658634600455
304.212301187547
319.440523102269
348.81589803732
296.181289968187
344.14812999516
312.692947304982
291.213095776606
318.054173793129
321.751611910671
317.363551738073
315.270920558218
288.291065018048
286.979356894892
275.882955686195
327.758310639775
314.431083518245
317.791726431985
290.295095185398
297.538876719177
282.984489254847
326.594687178929
323.220530318218
308.42559170505
329.357618350382
279.738893256813
356.109121533492
291.284604079883
304.945269133269
307.016171884677
299.11022581201
309.840180152805
351.158797813842
314.282615433096
353.31790846107
348.967072398157
316.824308407107
356.560565545875
275.25858956296
356.536855890109
315.952394261666
313.046707168278
343.491141291247
286.512340290707
328.829417954874
289.048473052229
304.038283511786
285.969675685687
341.953937740454
299.604006070912
349.62358182536
310.204251213643
314.70423561344
352.148287462553
339.004557684911
351.878211877326
323.22089588681
332.983912712298
310.082598621722
302.083389444713
306.598541318754
327.078106840709
326.744474716161
352.380347773367
286.029221276041
286.686295664202
341.743011744076
344.134537096017
320.460083736947
320.18422397468
291.33798451268
331.269452242207
294.292248014215
337.280393926457
322.451076893498
312.982804762898
318.974901861825
350.888120894829
323.575678714052
325.306230421807
316.973497828812
323.198150595242
314.944079487227
318.77644029453
338.317373297163
286.185891773305
340.044316490733
300.857818268176
341.237998582423
309.334929167818
324.324676697694
321.034121901344
281.790926053524
338.160846276193
306.287073874026
327.049207611098
305.557788378666
330.630760874246
299.690961747456
280.893157670865
291.880756485986
279.055264819508
327.12647523784
343.604852389689
299.4961878283
335.618826598327
313.840967065719
276.159629164105
311.885049172022
341.219218722126
295.34670336261
302.601066683292
312.764952086252
308.18720234141
322.052457029562
332.155126829648
329.279837973934
280.919478963058
335.152856076902
301.370745839557
339.892988337522
281.43504145619
318.705745554481
304.848418879422
318.829247267229
319.680437957128
288.111490742594
302.962648793847
329.798354140942
332.704456529537
332.619353198092
341.322320001635
296.752277972678
310.221845582162
310.115315524798
343.26168668898
309.587727910371
293.894937859812
275.048759243898
339.115248982013
311.357233881792
344.09271514655
335.041211534624
301.544454782189
346.072181704729
332.626412027772
347.171687197969
285.392225895613
333.703705656235
316.282748216567
334.883164389088
327.844138958192
296.167530937925
329.779888280428
298.734711359789
307.738638192834
293.365725410933
315.842056415238
337.101668074475
291.377077828578
303.739871820228
314.244877510618
345.994767704511
277.304731572961
352.739682946599
294.342412154952
299.494678497118
282.384754867824
312.590407130538
354.200560093395
346.497249954183
321.950862837438
349.092331938284
332.627962726067
346.175416654309
323.583022617674
320.401172994093
327.594698848749
355.879228263389
338.608810863298
317.61270450155
0.173751738463084
359.955735323914
359.842523710182
358.287727061752
359.478872100794
358.679516082001
356.992620161549
358.792786569776
359.120687129315
357.735328035478
274.249622092911
271.455711832882
275.013126842948
271.804301637958
271.711987016969
272.190193608002
274.216255963891
271.807977992629
271.207388749956
303.158600125601
310.529852888564
306.196411957079
297.24066547804
294.214001844577
284.741629739066
281.34635685284
275.820333651951
313.146879566475
288.648254349324
0
315.000307973538
270.000002864886
0
