345.522798900422
299.533128501661
353.177400727665
346.423796439137
333.524850947741
340.975761765402
295.530993426398
289.632604831078
307.551289306592
351.862610221051
341.472664554087
344.153223062836
351.899792187448
311.87248885973
349.117935197034
314.272211948553
322.335481207899
325.008956901065
322.920256371365
290.590114144518
298.535179739348
332.463482367545
326.918890952111
291.075260971789
304.441924610472
293.539433908374
296.425996657197
305.183764104054
319.01422746786
337.147926443171
323.587534541437
356.874043786534
302.338125748303
273.589009103177
307.388073139271
318.049260959084
284.024333736478
310.166654305646
319.85705797923
301.365734709975
335.093548797956
339.752214745887
300.893582918092
315.120750404111
289.512717306661
327.520992216783
341.506563873256
330.682441572122
292.802719580164
320.543342718639
279.760361226826
346.337512009166
335.216501680927
285.853623515407
313.356253939655
347.250115683727
290.296440380674
292.516481118093
322.371634600034
341.653952963024
280.350911743685
306.824493970468
332.587269823523
292.94794093707
340.562129136916
314.392455214965
283.864266088963
296.577281903589
342.197839381699
325.662225756506
322.813992997436
344.185995412515
308.890934489781
287.116940271284
277.951311143212
293.84368235573
354.83664903804
353.556180298092
322.180797836526
348.178959574853
296.175538672787
356.244183353884
331.917205552958
297.046108976778
305.192281536759
327.901265029912
330.324986201348
339.53315800693
277.552439446629
313.234205993793
325.009311991873
316.576626851181
315.796212820112
300.047120543553
334.541470019344
317.28499501808
295.116407159595
328.520416179502
287.433560223747
312.816768288439
310.730131260108
352.740427151053
337.432052608843
279.059282064527
315.208273369827
283.87789836912
288.079710942164
311.239469428322
314.595350148618
309.314010384212
283.323047306163
308.680800261882
303.344280293101
347.943136100875
308.076666212414
343.307364718288
283.651239249389
352.529258951041
320.163948785555
353.328404931378
306.606316472866
305.152588919958
323.055793804857
319.636553353336
312.911520101724
327.720652556362
354.594545444721
344.429995559122
282.671224263007
305.668338901846
327.519297218033
276.472846019697
283.034166229454
323.100457151867
343.00975603274
273.698558445151
337.604654102521
350.808456928756
338.457503093272
313.010084079088
283.700344400884
316.342545587107
299.797861739105
319.652079068977
298.088082766176
308.931464862823
302.6350635537
319.080310040701
274.21649240658
286.825735782099
298.285947396825
274.082641753264
304.096382068484
331.257414246536
345.952461313925
332.145552294239
322.677879070528
321.995546363457
311.979776184181
316.231734128789
335.011239628733
309.355855712884
297.908176891251
328.948125623191
334.738836589458
325.800867382961
315.247406649484
319.193513106516
305.293265069972
317.466524142752
275.129931503403
307.209789846143
328.840211833378
279.394077570293
343.431252321357
329.431844989852
279.471041137722
312.0806456516
274.590723826829
331.415000190895
337.341557481662
293.278434155229
327.711026889981
311.170979630456
293.862603454242
281.977280997115
298.93654026642
299.784183199744
356.367388125125
310.82143099765
351.329168685498
349.990792563862
344.886930962641
316.208347508381
321.135380670258
299.305393591175
322.35209245082
315.484908683541
293.282472183112
311.457099813876
303.27776762422
357.304519474828
348.193973160726
313.431313306469
306.44533520331
305.580764533551
334.22394381109
328.765037342984
276.439247176232
324.497812434491
330.869747432473
339.788734326206
353.027590091475
318.051794291676
345.016469811439
319.804301289113
335.764543735449
358.796664836952
0.420219611605612
1.97634901632758
1.23233600498207
4.10674221491371
1.82821723751176
0.791333992398931
0.382221284502525
271.974601589223
269.549602834472
269.462251808388
277.320071336764
270.142785939282
269.264234795513
270.239463525337
268.43857852801
303.083134325447
310.350984993925
287.90954598684
296.484792925725
281.981583075622
275.311116934813
307.14975220032
312.662968062647
0
314.99930183217
270
0
