307.133114689873
312.545787164694
339.142065196703
321.330690845015
334.478337906007
316.993626199063
308.487552802455
314.88092521666
335.496546317903
328.881828079704
305.465732382326
316.993661690681
295.088358429012
281.951065831812
354.326684925364
308.495546657506
298.568195358987
315.292363868817
286.991876583497
320.742019202034
302.285412363163
300.87743238439
355.58102928032
296.092288643951
308.565135042084
305.791669389992
302.986991555072
296.858712211271
354.351097458372
324.89196354149
310.436740913772
300.998905378564
277.517786689043
340.30081471889
317.262138058287
314.946768074774
280.812749222536
304.26689552568
333.010191067781
324.889129332935
324.346950095836
321.524465866961
309.258182366068
329.11891672569
344.642487225045
294.243621244515
286.998267576646
286.605082061384
348.619100602355
273.616071156082
312.669300280224
310.782894859339
304.942847912463
273.40171479052
301.871310742082
311.899810239401
337.562599507777
290.405638137009
348.409466908241
345.527098293527
305.106450868395
333.070134338396
285.00155253221
281.364639198937
291.640184322178
322.356322537924
286.333003692239
314.202651962817
307.939317417139
301.112847288796
314.917108726656
322.2133184514
297.218278369766
284.7703701431
351.710678877314
294.979099374351
327.564678660055
352.820487131741
340.713585866198
319.268978545813
328.924979016529
311.001585783186
318.318843462451
337.130396528571
340.105359861071
281.463338730272
276.70019543331
287.193686086974
330.393801612507
354.61440962218
326.994735475442
276.180025481962
278.054205877389
319.821749867196
337.126529771129
331.489752159757
345.586075355316
292.463156775698
307.685887854566
356.332840495564
301.035284986847
352.440699684715
348.805149026364
282.637993963314
351.847071389775
340.874803256561
293.789456844605
322.971607076977
331.284655723341
337.113958882738
324.964521233225
325.306914840956
283.61376418199
298.61764892168
337.010596628874
299.579854692015
319.6522392686
341.565954231184
346.231322773122
277.069842152134
313.560448007129
289.859321325584
291.861438191653
349.865022523114
350.499518060236
345.844986805457
331.562322862373
304.536166955799
337.24486022208
313.92790266851
314.182510099627
299.576654177253
337.751896294034
325.027204431377
326.908360054485
315.939443454948
311.263131735815
302.053418095242
335.850802179286
304.46406124909
283.290500299872
319.012305221778
326.678933907528
291.161259988519
342.38180859805
355.829460456792
351.143087168877
326.463034874413
290.679306744789
289.984854013321
288.48932278601
341.696909564741
310.722203344448
305.988549256761
310.924635177361
331.138911114322
316.541613180092
349.78107239406
318.476848694762
316.77607267825
299.443868958458
318.457577198667
275.434789025492
334.013765895909
281.897747725779
326.59666566438
283.468885798428
290.772109240654
306.267141311346
303.168193733162
308.12419035466
319.150524277554
316.376138922965
316.383849019808
278.313317359991
275.952129202262
313.181175029109
333.098126025578
331.019190468397
309.928815788698
295.611105107988
347.912267941123
342.166238790996
312.458540915716
297.817041642321
292.242119308639
326.78680011153
321.490877768045
326.479543188139
288.492379851589
344.470916132812
325.668287517906
319.717717457187
333.134247340783
338.856918238902
344.424550225846
306.397320798753
338.259889803478
295.419753375313
344.880658684016
303.113234999902
350.130037586324
317.761136938934
324.346590694649
293.716143010493
357.944189448409
276.126088567187
320.155934927994
313.417294535063
322.526104395009
337.303742633955
353.718023385805
329.60431614716
318.984207042914
347.901489987171
325.225704304731
341.360108171778
359.106737700707
1.48502630523253
358.913917718403
0.599057378633657
0.654410574803829
359.876106167225
359.761554770521
354.495408333777
270.872163031347
271.330169046427
275.608710818623
269.812246757038
271.324375445354
271.71800842072
270.60357931278
271.25593737967
292.763995682874
280.037083774074
299.142355455894
288.0426346102
312.711257831924
309.253446684985
306.249489248729
275.378116871975
0
314.999008731716
270
0
