348.480660475679
347.202841889465
322.739670333696
320.964547651358
330.611698744513
319.696055870978
289.356992454943
316.039567514156
292.072818978073
318.40757793331
306.880691283548
324.043402586008
304.164965955464
308.655889042662
340.819673678597
285.862206125791
300.610045633923
354.885460694306
310.350989820419
355.271529339516
323.1689383106
274.772449796808
335.008857142462
280.502156301212
318.081603955589
296.746818706149
304.513712068598
297.454291570495
306.502913674135
294.787055590431
302.37998645359
275.199023170255
340.602558779017
346.18641816967
279.752642845594
275.71489767576
344.504434121057
275.389626979834
317.577441724959
309.910966308882
324.63446501115
281.642305923413
337.618053389254
306.059207185267
320.640201176331
292.492492153794
290.895899394444
324.081339826856
333.854223935891
286.080687812075
335.042815487553
326.848430523201
329.545672893896
327.414419418206
320.512893704052
306.95052996388
280.453576994064
288.221894411587
308.639829742675
316.324353628653
311.716075279617
335.989172244922
296.387459140639
345.068592966336
283.411304778259
289.494913669908
312.941759284775
283.325341589028
279.569594523367
307.473738462343
306.203930881999
300.673804575458
312.729482186938
309.852428570966
309.048044691193
303.427599966126
287.450797911728
329.273734610404
316.130339193126
317.618866887191
347.435257829771
349.601572984686
353.950650444019
329.637862859778
273.815345773093
313.844238382913
352.17541832836
344.807026511198
345.819772495609
333.765095690867
357.049300579933
313.427882563608
316.286143106602
318.8371934784
322.817411429427
300.598168996429
339.225440407261
324.324141440683
341.177573857719
335.482812797648
308.568682418333
296.471078548182
352.071125076882
353.860371842478
284.19504948996
277.636971625906
349.660794042939
282.143602610718
294.077197945913
272.983452725453
274.229509994267
279.937948529344
287.673642491647
302.087653167151
317.784813932556
318.160782958145
280.216190488843
332.656496316775
300.492952387373
315.540420354643
314.712779554661
293.731742452594
335.57176704741
328.549032160464
318.28841954336
333.900795240487
312.635431227684
347.899452046826
275.469668835588
327.724734979173
310.941294864129
284.040369575325
303.553597275257
346.206619464984
330.494486767965
294.188230686775
296.463555367719
328.31560603565
347.60462469409
342.078943550525
323.626630061969
294.193912931796
314.168806670831
331.306804701569
311.523040620619
320.718036829742
312.714476491814
301.707001176384
293.651878832371
349.951084091862
318.448736402682
328.688593136789
314.593905165592
328.290066772874
328.81631538984
328.385855539122
288.062746707046
357.579285687877
296.075888890442
341.878932858194
306.493764631728
303.690821574683
354.272073484895
309.56310836735
355.098036624996
303.78378212062
291.204219497234
335.661930566646
332.035462884836
299.480491029425
291.834776492764
279.335149866239
339.72016164005
288.537739399084
296.324553676783
312.876216835556
349.179414452678
290.015175154197
287.591814255967
301.995053347276
319.697939582995
340.241009734147
274.195624520515
307.199954439447
333.628206315346
278.357305608083
339.241268598105
271.738849141224
315.494493847838
343.561805152464
309.898219918254
311.193631703636
311.195833907142
303.080858555471
321.844231225347
316.814087699323
338.460192324725
317.523555657786
337.838966861753
322.899817456128
298.554917345215
325.555525413058
299.535395903664
301.477261765605
313.230614649999
323.974818068222
283.964909116656
286.323633571981
305.375373463335
351.062692944671
283.144370523493
340.783717808721
322.356191382547
318.288764834668
332.000638432219
355.676016159517
326.872706715413
345.670731227565
335.656508331774
357.599523193112
358.092766827845
359.155657812738
0.00364806129912924
359.847030862155
359.476871043737
268.547827357805
269.446940875585
269.444039630878
269.829492547455
261.350193717649
269.755216104968
264.603450986232
267.831086024327
282.194234478852
274.608087599541
294.011467583535
310.524957817427
303.462849172419
300.47165373929
0
314.999283066422
270
0
