321.450047974195
338.647810622861
284.477452015483
304.021865228746
300.939174820167
342.882171811269
355.300631594026
279.580742246674
276.425626143548
330.471305400102
284.864906954548
295.311661820869
303.916269124182
290.621767006898
308.327225251104
355.272511532854
313.890890592244
321.168397696411
309.980886136556
334.22129995838
340.63809531475
332.873473937541
345.633009672394
291.016593921013
355.056616707893
334.198495671724
326.257676826717
332.129988279603
326.894403716944
336.64206444524
305.72767194421
337.597384866812
288.903750426811
288.870703251404
357.426797020196
303.675121819761
357.937444839993
348.427130336633
357.991667143559
309.763106410193
343.876433734857
349.846973430355
301.121474790809
298.462985310906
277.494400834151
301.619473110308
343.50307272491
330.468108776551
330.614776624844
319.635149225717
327.237795627358
305.021459709267
354.317025444102
311.351237955027
295.125023824113
305.249305674497
292.760510683894
298.741273447148
290.684111215811
291.727227185046
290.943583492971
338.211723310182
323.825477619137
336.513960020912
316.825146206758
283.26657251759
330.742298828822
346.252332716361
305.991952271657
338.362599189978
286.354949732788
310.808485617285
332.667069777093
294.244243617796
314.630174728729
292.514062629152
279.8169721651
322.683669352858
293.47746963441
313.050736592691
326.604651149183
316.123529977727
309.460664696649
327.990397389737
319.120278627648
305.185558628616
309.089525740641
286.094684459865
344.327605256571
351.368756397205
316.64338494529
326.231547349685
348.963728257964
296.771730240594
351.99993762607
285.695979361708
321.129202412366
332.322072007975
304.907964194991
324.915058104719
314.594310350739
348.22963931293
321.261171066409
358.298706001415
341.168615695003
332.576569618987
348.665474995538
320.704657180549
288.859872258057
302.385234237317
336.083609143359
314.650625504832
295.877905091484
306.385047060321
329.387447832536
274.268607152413
331.953511091945
344.365851604451
280.017718391799
354.707195421506
285.428422860223
316.801833025407
298.564387410215
283.601012364819
277.827645188427
353.30901578459
314.333957855515
316.842424646957
309.579908614582
314.79100896964
339.162593896817
284.899086077493
280.619828208479
281.12326290774
336.472561749658
278.922210106389
310.950298376699
333.400443996357
301.555827930823
297.007086756397
324.659655594399
317.58449126608
323.412282489479
344.506992468952
348.859539430453
350.331365041553
335.144133951971
347.846351087225
321.209555119805
340.282294138506
292.237687084394
357.576858288523
326.598601798122
314.057458866134
298.718688048362
306.515487385605
310.631842197587
340.074769526807
320.789378057657
331.593404159905
300.289386585463
324.097920645266
303.122217392607
349.84777224482
354.207858860349
322.635318492598
309.301941763798
313.729423997035
274.643913327781
309.688743960819
309.037438400823
274.721349181062
328.872009492188
277.232773279033
316.48927324301
312.743269138483
301.310457444722
319.646733351721
310.267968832547
317.7249454714
327.490146732933
311.542466712422
299.410416365192
274.584161161573
315.502739329222
322.73057291299
343.9903584358
284.115017795563
288.043430457478
298.514309573332
313.767122220708
302.713927141993
273.882478682758
358.329260991261
340.300973081941
277.511324536937
326.665276533437
320.422166932249
318.35327284738
355.859214112719
283.504803497465
322.970155509492
319.458693545011
309.471365588976
315.23857168937
294.346742567267
311.459447025116
327.89600147057
304.273495447163
319.545794656611
343.638140817881
344.421008755136
337.359956119384
352.831907668306
319.138745612455
330.07238297665
345.494090051511
325.510847990133
1.77086448481546
5.82234330471624
1.50392633623209
1.23889302217641
1.28405094282478
2.5620458844157
18.9721430091444
267.954939018045
270.737269135358
269.942866112638
269.628622316943
271.202905084205
270.152414682497
306.028955575536
288.748702943807
302.783028504526
311.588378420829
282.151905611437
297.102254213482
275.280987120434
0
314.999537902738
270
0
