352.937114940681
279.625256394465
292.295692127079
281.72522928466
341.499505549711
329.047824507584
346.829542364949
326.978234201725
296.092495599813
277.337544976128
316.474739543883
320.360073001667
281.029517559447
313.395724674431
319.65554381942
346.126557315351
276.240577638086
322.941957721828
340.047753370081
304.961329024221
307.532698649383
341.024212448287
302.491843036372
306.62231198798
292.739216223559
312.760825885794
313.391279262493
354.717846191274
287.768670548761
304.042933412939
336.242487102238
331.949008246401
286.502060000989
309.226615944918
313.526135241759
312.50355903532
344.565210694212
344.182522398694
327.148511419189
349.622469130106
331.19683953091
340.825951448752
350.917565160658
298.110537811273
328.673590366168
303.909448955406
311.333060766773
273.515374175163
277.621310568908
284.543819745881
334.439040387683
337.234979412415
276.264160052097
317.055693909762
325.388169846273
296.294806523611
302.232045994373
288.656220917046
309.683475123472
297.569021501798
313.521209229744
297.197480953524
331.20520341606
332.859370557834
289.216370775192
315.363585432815
285.912900952941
290.928414276663
342.301656645833
307.731557674521
296.691793506755
303.679979234957
311.869629973992
322.838877197063
346.925025027161
321.150249399333
341.86771640298
323.477190267101
275.994929446469
351.648211873576
314.911671408305
279.888390143336
352.486755193758
354.640818498216
350.146336410943
351.334271516176
286.22655119601
336.679451912954
274.738808995325
344.532419135406
312.58531518516
331.077403977395
322.364682682077
325.748047054795
288.716231117765
318.109816683931
312.904451818386
279.948635998812
280.072855894938
296.949947668943
310.269823766047
294.939927323818
339.3268682273
322.05831295706
291.376876245455
314.954427406863
286.83642711353
309.707917489214
300.348020537498
312.195230556286
311.656201790107
339.413027259218
342.630910831944
327.056377418593
335.11266967974
295.081013716525
288.046495442298
336.877598809507
345.662342152333
319.870628542961
317.629267102377
299.615249814785
344.602254428976
329.60043072421
342.457069466023
300.512634519504
355.438469386973
286.515489009358
322.088560436217
355.280591508785
327.88761437693
290.399626573935
317.846152720068
316.365171169647
338.03311538999
299.680203638634
302.146161247385
334.797503872445
349.308485035308
281.585883528221
322.258837600775
298.192356539067
317.809856225253
302.738471819709
303.292583538305
283.875439925626
349.329760614715
300.687367961005
353.739197295896
312.812658446912
306.341481716972
281.391937563934
314.480839468661
345.222045424287
309.456025612352
319.221637234417
307.98824365551
325.098138084399
348.646044389795
308.638464681024
317.92965578273
304.03002033615
333.745518998155
307.569065134109
281.795182249143
319.734640399439
281.545079743796
316.715220957638
292.434885759845
281.024028264166
323.583183806252
356.97878629407
282.426524573998
306.133269994635
346.360606875446
314.662068690125
329.096359986236
291.051300404576
331.893864252613
308.278704272334
334.115637335081
306.533251199889
294.888122399592
307.558453025216
324.103593622817
323.567074946127
329.898758691486
320.496210927544
299.958312130234
336.441949066491
310.801357341735
323.138526220838
324.787926202362
283.359572722658
295.948345498761
326.97738046289
356.552988725044
299.009804433763
355.748862068808
290.652918883909
321.979695999235
303.375755645906
327.13875849613
331.193535705146
276.117150640402
272.750514178733
274.465057145332
276.895569262034
308.438717927562
341.460476899119
351.414298029887
327.046046934847
321.419704795992
336.748245065679
330.974721711292
356.08586650067
317.72983815036
359.216163824455
358.251745305161
0.735734965397977
353.527934774906
340.365094237329
359.838573211538
358.953311884465
359.039468849125
268.961019575171
273.167833387508
269.424619791182
270.496894091593
269.842690368651
270.203970131779
263.825977168663
271.028829867908
308.460541790345
285.120775770922
302.904200823631
279.504897517027
274.260062999255
312.211940669551
296.647919728417
292.544776491698
0
315.000731244671
270
0
