-100.0,-100.0,0.512628356508
-100.0,-95.0,0.536895107102
-100.0,-90.0,0.537017589938
-100.0,-85.0,0.561527310888
-100.0,-80.0,0.612489314068
-100.0,-75.0,0.606578494695
-100.0,-70.0,0.632159163949
-100.0,-65.0,0.616119200197
-100.0,-60.0,0.641727926335
-100.0,-55.0,0.641062389993
-100.0,-50.0,0.63659263032
-100.0,-45.0,0.602902993764
-100.0,-40.0,0.589561047498
-100.0,-35.0,0.636359390687
-100.0,-30.0,0.657289322781
-100.0,-25.0,0.64874875598
-100.0,-20.0,0.627450766106
-100.0,-15.0,0.603384129163
-100.0,-10.0,0.621226627141
-100.0,-5.0,0.584445591668
-100.0,0.0,0.569848294934
-100.0,5.0,0.546207176759
-100.0,10.0,0.531907652791
-100.0,15.0,0.584250727426
-100.0,20.0,0.568568723655
-100.0,25.0,0.558162638352
-100.0,30.0,0.596029349397
-100.0,35.0,0.606503275832
-100.0,40.0,0.613760558202
-100.0,45.0,0.609097931045
-100.0,50.0,0.634995342501
-100.0,55.0,0.617283236102
-100.0,60.0,0.594201532793
-100.0,65.0,0.577954569698
-100.0,70.0,0.585287156481
-100.0,75.0,0.584633905017
-100.0,80.0,0.542912093936
-100.0,85.0,0.515552195547
-100.0,90.0,0.490992412074
-100.0,95.0,0.493873697668
-100.0,100.0,0.512628356508
-95.0,-100.0,0.520370648398
-95.0,-95.0,0.559003418231
-95.0,-90.0,0.547905900421
-95.0,-85.0,0.575376751158
-95.0,-80.0,0.617214150688
-95.0,-75.0,0.620645098092
-95.0,-70.0,0.622575942736
-95.0,-65.0,0.623365109966
-95.0,-60.0,0.603103514401
-95.0,-55.0,0.622018154578
-95.0,-50.0,0.610868880215
-95.0,-45.0,0.601642222628
-95.0,-40.0,0.591240844853
-95.0,-35.0,0.629845436594
-95.0,-30.0,0.649516970949
-95.0,-25.0,0.642956188889
-95.0,-20.0,0.62606129374
-95.0,-15.0,0.596972851735
-95.0,-10.0,0.61656525437
-95.0,-5.0,0.578088386747
-95.0,0.0,0.578280672587
-95.0,5.0,0.546543993251
-95.0,10.0,0.525722836522
-95.0,15.0,0.563862369374
-95.0,20.0,0.591170258212
-95.0,25.0,0.596059666795
-95.0,30.0,0.595452539831
-95.0,35.0,0.620128956678
-95.0,40.0,0.617589321975
-95.0,45.0,0.626220660084
-95.0,50.0,0.625389657731
-95.0,55.0,0.618159557534
-95.0,60.0,0.592378679851
-95.0,65.0,0.576362330547
-95.0,70.0,0.584891717485
-95.0,75.0,0.5757996758
-95.0,80.0,0.563789379042
-95.0,85.0,0.551150302474
-95.0,90.0,0.511876306338
-95.0,95.0,0.495691686983
-95.0,100.0,0.520370648398
-90.0,-100.0,0.542924987213
-90.0,-95.0,0.540599384569
-90.0,-90.0,0.536848659572
-90.0,-85.0,0.556660458462
-90.0,-80.0,0.609229713631
-90.0,-75.0,0.611651276744
-90.0,-70.0,0.638241561509
-90.0,-65.0,0.625010369477
-90.0,-60.0,0.600881444775
-90.0,-55.0,0.632292423305
-90.0,-50.0,0.61993888512
-90.0,-45.0,0.631760876712
-90.0,-40.0,0.611571410853
-90.0,-35.0,0.643290099707
-90.0,-30.0,0.641478564589
-90.0,-25.0,0.65363666504
-90.0,-20.0,0.606838400438
-90.0,-15.0,0.57955566445
-90.0,-10.0,0.623361582526
-90.0,-5.0,0.600541474606
-90.0,0.0,0.574344982269
-90.0,5.0,0.560658817791
-90.0,10.0,0.571002160585
-90.0,15.0,0.580053143254
-90.0,20.0,0.613929825453
-90.0,25.0,0.634977192849
-90.0,30.0,0.633551244628
-90.0,35.0,0.653843258025
-90.0,40.0,0.64576748561
-90.0,45.0,0.634003040944
-90.0,50.0,0.638915129613
-90.0,55.0,0.629110027743
-90.0,60.0,0.613297889259
-90.0,65.0,0.590881495926
-90.0,70.0,0.569088783396
-90.0,75.0,0.592681014365
-90.0,80.0,0.558913450996
-90.0,85.0,0.539373291625
-90.0,90.0,0.496053038513
-90.0,95.0,0.504547842113
-90.0,100.0,0.542924987213
-85.0,-100.0,0.561756940428
-85.0,-95.0,0.547167287267
-85.0,-90.0,0.543789518002
-85.0,-85.0,0.547321701961
-85.0,-80.0,0.621141419456
-85.0,-75.0,0.613090955098
-85.0,-70.0,0.629239542299
-85.0,-65.0,0.626004265362
-85.0,-60.0,0.602516548172
-85.0,-55.0,0.609411050829
-85.0,-50.0,0.631097642629
-85.0,-45.0,0.654532161024
-85.0,-40.0,0.641226526775
-85.0,-35.0,0.647318088357
-85.0,-30.0,0.645987932627
-85.0,-25.0,0.648553625382
-85.0,-20.0,0.634366181301
-85.0,-15.0,0.604045765421
-85.0,-10.0,0.612933657899
-85.0,-5.0,0.631842141132
-85.0,0.0,0.625798915753
-85.0,5.0,0.606729135366
-85.0,10.0,0.614727241209
-85.0,15.0,0.636207383964
-85.0,20.0,0.62494085732
-85.0,25.0,0.644274275039
-85.0,30.0,0.636531005798
-85.0,35.0,0.646107774281
-85.0,40.0,0.628012915815
-85.0,45.0,0.63326827551
-85.0,50.0,0.62307941569
-85.0,55.0,0.628414655521
-85.0,60.0,0.631681786753
-85.0,65.0,0.580045757389
-85.0,70.0,0.552821628446
-85.0,75.0,0.594853950412
-85.0,80.0,0.567441554799
-85.0,85.0,0.527617284788
-85.0,90.0,0.523003088286
-85.0,95.0,0.534347940423
-85.0,100.0,0.561756940428
-80.0,-100.0,0.622348385375
-80.0,-95.0,0.615864168813
-80.0,-90.0,0.614397900682
-80.0,-85.0,0.617578190653
-80.0,-80.0,0.640256795117
-80.0,-75.0,0.666734202338
-80.0,-70.0,0.675379066976
-80.0,-65.0,0.659730360264
-80.0,-60.0,0.62249745582
-80.0,-55.0,0.637894707751
-80.0,-50.0,0.648591076312
-80.0,-45.0,0.675832798147
-80.0,-40.0,0.701378455119
-80.0,-35.0,0.677561147614
-80.0,-30.0,0.660062915166
-80.0,-25.0,0.675544077174
-80.0,-20.0,0.681581984189
-80.0,-15.0,0.661479743266
-80.0,-10.0,0.656464882845
-80.0,-5.0,0.641542698311
-80.0,0.0,0.648008342792
-80.0,5.0,0.660778794654
-80.0,10.0,0.660145923752
-80.0,15.0,0.676109242883
-80.0,20.0,0.658874358352
-80.0,25.0,0.694964735276
-80.0,30.0,0.676554646041
-80.0,35.0,0.68018988424
-80.0,40.0,0.646727535612
-80.0,45.0,0.640335427411
-80.0,50.0,0.654698487036
-80.0,55.0,0.638909865571
-80.0,60.0,0.620461236239
-80.0,65.0,0.602068615139
-80.0,70.0,0.598481004051
-80.0,75.0,0.62303595178
-80.0,80.0,0.602206474511
-80.0,85.0,0.56316321177
-80.0,90.0,0.575644232496
-80.0,95.0,0.587021661926
-80.0,100.0,0.622348385375
-75.0,-100.0,0.641260880147
-75.0,-95.0,0.626189704647
-75.0,-90.0,0.649101047508
-75.0,-85.0,0.65392715351
-75.0,-80.0,0.654407816991
-75.0,-75.0,0.683204210153
-75.0,-70.0,0.644732147016
-75.0,-65.0,0.651519921044
-75.0,-60.0,0.634826629288
-75.0,-55.0,0.674245754979
-75.0,-50.0,0.67596642689
-75.0,-45.0,0.682688176606
-75.0,-40.0,0.697148700822
-75.0,-35.0,0.699314924121
-75.0,-30.0,0.704351094915
-75.0,-25.0,0.69615005154
-75.0,-20.0,0.709115966607
-75.0,-15.0,0.691903097003
-75.0,-10.0,0.699781785937
-75.0,-5.0,0.663742648992
-75.0,0.0,0.66711456424
-75.0,5.0,0.678762874154
-75.0,10.0,0.672555062513
-75.0,15.0,0.681562888557
-75.0,20.0,0.693768899133
-75.0,25.0,0.690474880382
-75.0,30.0,0.661201678941
-75.0,35.0,0.678479671068
-75.0,40.0,0.668042965763
-75.0,45.0,0.636333804673
-75.0,50.0,0.636117157889
-75.0,55.0,0.645504273895
-75.0,60.0,0.626875377879
-75.0,65.0,0.621587294649
-75.0,70.0,0.613502982037
-75.0,75.0,0.641633220094
-75.0,80.0,0.63760764307
-75.0,85.0,0.617989498983
-75.0,90.0,0.6008420696
-75.0,95.0,0.613480336008
-75.0,100.0,0.641260880147
-70.0,-100.0,0.620929402691
-70.0,-95.0,0.612445305638
-70.0,-90.0,0.639721316467
-70.0,-85.0,0.655963151403
-70.0,-80.0,0.676187555625
-70.0,-75.0,0.696680273038
-70.0,-70.0,0.677565643383
-70.0,-65.0,0.666570286207
-70.0,-60.0,0.671327044603
-70.0,-55.0,0.66063908037
-70.0,-50.0,0.671067103873
-70.0,-45.0,0.702361225776
-70.0,-40.0,0.683305822017
-70.0,-35.0,0.680292198529
-70.0,-30.0,0.694736810831
-70.0,-25.0,0.689910258594
-70.0,-20.0,0.694306811236
-70.0,-15.0,0.690890148325
-70.0,-10.0,0.678784739891
-70.0,-5.0,0.665445081981
-70.0,0.0,0.666985336644
-70.0,5.0,0.679634987275
-70.0,10.0,0.689567627849
-70.0,15.0,0.694545381318
-70.0,20.0,0.678814747173
-70.0,25.0,0.686805832123
-70.0,30.0,0.67920689109
-70.0,35.0,0.682862375023
-70.0,40.0,0.631916841467
-70.0,45.0,0.632233948611
-70.0,50.0,0.631515467586
-70.0,55.0,0.627872087265
-70.0,60.0,0.601030598005
-70.0,65.0,0.631032331144
-70.0,70.0,0.629121676608
-70.0,75.0,0.644811244853
-70.0,80.0,0.642582864952
-70.0,85.0,0.608482575045
-70.0,90.0,0.617335243077
-70.0,95.0,0.604951081819
-70.0,100.0,0.620929402691
-65.0,-100.0,0.608412174199
-65.0,-95.0,0.617454717858
-65.0,-90.0,0.6315719337
-65.0,-85.0,0.665076204895
-65.0,-80.0,0.698759960626
-65.0,-75.0,0.672840688372
-65.0,-70.0,0.673006727188
-65.0,-65.0,0.688298097342
-65.0,-60.0,0.688053999484
-65.0,-55.0,0.66928757407
-65.0,-50.0,0.683695722454
-65.0,-45.0,0.696322272297
-65.0,-40.0,0.688764939333
-65.0,-35.0,0.702243279238
-65.0,-30.0,0.721636095879
-65.0,-25.0,0.72008450778
-65.0,-20.0,0.675573473684
-65.0,-15.0,0.684449354326
-65.0,-10.0,0.666946010595
-65.0,-5.0,0.661757845643
-65.0,0.0,0.677817831641
-65.0,5.0,0.689173983493
-65.0,10.0,0.702065155612
-65.0,15.0,0.707861080673
-65.0,20.0,0.703413509031
-65.0,25.0,0.716027506733
-65.0,30.0,0.689720316385
-65.0,35.0,0.694725700736
-65.0,40.0,0.645425991354
-65.0,45.0,0.621815535243
-65.0,50.0,0.621126321252
-65.0,55.0,0.636485608366
-65.0,60.0,0.625532090425
-65.0,65.0,0.647456933919
-65.0,70.0,0.649508101656
-65.0,75.0,0.648009022428
-65.0,80.0,0.647190930583
-65.0,85.0,0.599547855796
-65.0,90.0,0.604025241988
-65.0,95.0,0.597561873891
-65.0,100.0,0.608412174199
-60.0,-100.0,0.618647067109
-60.0,-95.0,0.615186106349
-60.0,-90.0,0.608270902874
-60.0,-85.0,0.658407017223
-60.0,-80.0,0.699769178152
-60.0,-75.0,0.687065672087
-60.0,-70.0,0.68280763478
-60.0,-65.0,0.675339240073
-60.0,-60.0,0.695129405357
-60.0,-55.0,0.696115127765
-60.0,-50.0,0.6949466381
-60.0,-45.0,0.712613210043
-60.0,-40.0,0.726103724932
-60.0,-35.0,0.690833459098
-60.0,-30.0,0.71513678517
-60.0,-25.0,0.709708526042
-60.0,-20.0,0.67389555085
-60.0,-15.0,0.675886207663
-60.0,-10.0,0.655859428831
-60.0,-5.0,0.675609237728
-60.0,0.0,0.678802958745
-60.0,5.0,0.692783948142
-60.0,10.0,0.720159442533
-60.0,15.0,0.712518832304
-60.0,20.0,0.724043679846
-60.0,25.0,0.718295115295
-60.0,30.0,0.679140905693
-60.0,35.0,0.674804033687
-60.0,40.0,0.662664433751
-60.0,45.0,0.635337950472
-60.0,50.0,0.645003352947
-60.0,55.0,0.635761249003
-60.0,60.0,0.610585086893
-60.0,65.0,0.626117504916
-60.0,70.0,0.65483861688
-60.0,75.0,0.655462304551
-60.0,80.0,0.654362085131
-60.0,85.0,0.6192440071
-60.0,90.0,0.596480485004
-60.0,95.0,0.600934935482
-60.0,100.0,0.618647067109
-55.0,-100.0,0.617268043417
-55.0,-95.0,0.639268797192
-55.0,-90.0,0.630445531802
-55.0,-85.0,0.669016350861
-55.0,-80.0,0.689185240239
-55.0,-75.0,0.694924624605
-55.0,-70.0,0.677374599277
-55.0,-65.0,0.671386002841
-55.0,-60.0,0.684508698517
-55.0,-55.0,0.694370509379
-55.0,-50.0,0.703218154508
-55.0,-45.0,0.691492249956
-55.0,-40.0,0.694798012326
-55.0,-35.0,0.70829726102
-55.0,-30.0,0.703597636724
-55.0,-25.0,0.683735131309
-55.0,-20.0,0.685380186032
-55.0,-15.0,0.68523916841
-55.0,-10.0,0.677251956547
-55.0,-5.0,0.685635397961
-55.0,0.0,0.672312785942
-55.0,5.0,0.664144494878
-55.0,10.0,0.705357725304
-55.0,15.0,0.71202836093
-55.0,20.0,0.71660992042
-55.0,25.0,0.708816067
-55.0,30.0,0.70516581586
-55.0,35.0,0.675593729276
-55.0,40.0,0.665524679353
-55.0,45.0,0.642463234162
-55.0,50.0,0.636515134278
-55.0,55.0,0.634390044851
-55.0,60.0,0.643280216121
-55.0,65.0,0.650150972532
-55.0,70.0,0.661907956095
-55.0,75.0,0.67013764762
-55.0,80.0,0.625507211109
-55.0,85.0,0.625537530923
-55.0,90.0,0.628324549344
-55.0,95.0,0.627330532382
-55.0,100.0,0.617268043417
-50.0,-100.0,0.632467341508
-50.0,-95.0,0.642354334067
-50.0,-90.0,0.640966268698
-50.0,-85.0,0.65945480539
-50.0,-80.0,0.694711828672
-50.0,-75.0,0.698946853051
-50.0,-70.0,0.69203054547
-50.0,-65.0,0.690964679855
-50.0,-60.0,0.679605083846
-50.0,-55.0,0.690649288887
-50.0,-50.0,0.689859161245
-50.0,-45.0,0.691260839461
-50.0,-40.0,0.684766843474
-50.0,-35.0,0.701224802953
-50.0,-30.0,0.694602101191
-50.0,-25.0,0.676476538777
-50.0,-20.0,0.667812682992
-50.0,-15.0,0.654341479677
-50.0,-10.0,0.651789040548
-50.0,-5.0,0.674464078782
-50.0,0.0,0.686393960991
-50.0,5.0,0.694734098497
-50.0,10.0,0.703806210675
-50.0,15.0,0.710759219317
-50.0,20.0,0.707652555885
-50.0,25.0,0.708331693146
-50.0,30.0,0.680996605535
-50.0,35.0,0.678715891
-50.0,40.0,0.680415852419
-50.0,45.0,0.659101890116
-50.0,50.0,0.646781862453
-50.0,55.0,0.651367481987
-50.0,60.0,0.657779448103
-50.0,65.0,0.656055990558
-50.0,70.0,0.673897926658
-50.0,75.0,0.682403898342
-50.0,80.0,0.655189183362
-50.0,85.0,0.647582723232
-50.0,90.0,0.638049812059
-50.0,95.0,0.63224689813
-50.0,100.0,0.632467341508
-45.0,-100.0,0.612137415847
-45.0,-95.0,0.622390907122
-45.0,-90.0,0.629202735621
-45.0,-85.0,0.655960853481
-45.0,-80.0,0.716303725238
-45.0,-75.0,0.699171884095
-45.0,-70.0,0.721030530987
-45.0,-65.0,0.69479363328
-45.0,-60.0,0.669183893736
-45.0,-55.0,0.657076983187
-45.0,-50.0,0.697340585209
-45.0,-45.0,0.695398538031
-45.0,-40.0,0.683584401261
-45.0,-35.0,0.67590425712
-45.0,-30.0,0.667536354792
-45.0,-25.0,0.672009776866
-45.0,-20.0,0.680607870038
-45.0,-15.0,0.659774360277
-45.0,-10.0,0.659898701501
-45.0,-5.0,0.673293686742
-45.0,0.0,0.681252535387
-45.0,5.0,0.676345893363
-45.0,10.0,0.686751301018
-45.0,15.0,0.686180330479
-45.0,20.0,0.683940135383
-45.0,25.0,0.704683054737
-45.0,30.0,0.688862387027
-45.0,35.0,0.673644521611
-45.0,40.0,0.685365885802
-45.0,45.0,0.675032453954
-45.0,50.0,0.677945730944
-45.0,55.0,0.648173343321
-45.0,60.0,0.639023468278
-45.0,65.0,0.674840030507
-45.0,70.0,0.686756543255
-45.0,75.0,0.714448461996
-45.0,80.0,0.668024655113
-45.0,85.0,0.615419554178
-45.0,90.0,0.624200619818
-45.0,95.0,0.610403092436
-45.0,100.0,0.612137415847
-40.0,-100.0,0.596169520215
-40.0,-95.0,0.599616425795
-40.0,-90.0,0.619037917054
-40.0,-85.0,0.652861052068
-40.0,-80.0,0.694499794718
-40.0,-75.0,0.694578716069
-40.0,-70.0,0.685761604939
-40.0,-65.0,0.672646505793
-40.0,-60.0,0.682604664044
-40.0,-55.0,0.685529026574
-40.0,-50.0,0.702922547798
-40.0,-45.0,0.699515405325
-40.0,-40.0,0.68709923312
-40.0,-35.0,0.68677933111
-40.0,-30.0,0.678862010246
-40.0,-25.0,0.668426547048
-40.0,-20.0,0.670269140845
-40.0,-15.0,0.659150730795
-40.0,-10.0,0.658800426487
-40.0,-5.0,0.663716974658
-40.0,0.0,0.682008281685
-40.0,5.0,0.669937061556
-40.0,10.0,0.6758350248
-40.0,15.0,0.685734524444
-40.0,20.0,0.694615559092
-40.0,25.0,0.702813854457
-40.0,30.0,0.677497715848
-40.0,35.0,0.682002865433
-40.0,40.0,0.665121640574
-40.0,45.0,0.659197836265
-40.0,50.0,0.676181814631
-40.0,55.0,0.676736478909
-40.0,60.0,0.686448016761
-40.0,65.0,0.707690693973
-40.0,70.0,0.702812203934
-40.0,75.0,0.714568444652
-40.0,80.0,0.684926778303
-40.0,85.0,0.631867258793
-40.0,90.0,0.606972291206
-40.0,95.0,0.584568418009
-40.0,100.0,0.596169520215
-35.0,-100.0,0.593994704618
-35.0,-95.0,0.609659187597
-35.0,-90.0,0.609559287764
-35.0,-85.0,0.638867768095
-35.0,-80.0,0.684220177819
-35.0,-75.0,0.681337373943
-35.0,-70.0,0.672538913212
-35.0,-65.0,0.676504557643
-35.0,-60.0,0.665451381487
-35.0,-55.0,0.672808017773
-35.0,-50.0,0.686534307698
-35.0,-45.0,0.688413581095
-35.0,-40.0,0.662764725922
-35.0,-35.0,0.679656169565
-35.0,-30.0,0.66875880133
-35.0,-25.0,0.664819565444
-35.0,-20.0,0.675057434725
-35.0,-15.0,0.661239432027
-35.0,-10.0,0.658817905002
-35.0,-5.0,0.669035853369
-35.0,0.0,0.677924099009
-35.0,5.0,0.693859675696
-35.0,10.0,0.674351951023
-35.0,15.0,0.671456614704
-35.0,20.0,0.667863407615
-35.0,25.0,0.69924825966
-35.0,30.0,0.68176586452
-35.0,35.0,0.68911509097
-35.0,40.0,0.658972782081
-35.0,45.0,0.6534449254
-35.0,50.0,0.662092973308
-35.0,55.0,0.657512307449
-35.0,60.0,0.702741797938
-35.0,65.0,0.729368146161
-35.0,70.0,0.701486576329
-35.0,75.0,0.719865242299
-35.0,80.0,0.674959481334
-35.0,85.0,0.625521060877
-35.0,90.0,0.614391630903
-35.0,95.0,0.605771296525
-35.0,100.0,0.593994704618
-30.0,-100.0,0.584815830991
-30.0,-95.0,0.603534662626
-30.0,-90.0,0.600556891314
-30.0,-85.0,0.624103057342
-30.0,-80.0,0.671805967407
-30.0,-75.0,0.692789551491
-30.0,-70.0,0.667628373428
-30.0,-65.0,0.673117683025
-30.0,-60.0,0.676852198824
-30.0,-55.0,0.679362635502
-30.0,-50.0,0.684844846016
-30.0,-45.0,0.674627784461
-30.0,-40.0,0.669367531449
-30.0,-35.0,0.679759703353
-30.0,-30.0,0.663419786348
-30.0,-25.0,0.687620239297
-30.0,-20.0,0.697135720552
-30.0,-15.0,0.684123568095
-30.0,-10.0,0.675689308942
-30.0,-5.0,0.681080979154
-30.0,0.0,0.6758842671
-30.0,5.0,0.688750135427
-30.0,10.0,0.687858256639
-30.0,15.0,0.678545367556
-30.0,20.0,0.681230455967
-30.0,25.0,0.678378221984
-30.0,30.0,0.683350897062
-30.0,35.0,0.683707123742
-30.0,40.0,0.656655819694
-30.0,45.0,0.656878595502
-30.0,50.0,0.66837508417
-30.0,55.0,0.673582762249
-30.0,60.0,0.67406844878
-30.0,65.0,0.693314712348
-30.0,70.0,0.697972095805
-30.0,75.0,0.689013440451
-30.0,80.0,0.663338865115
-30.0,85.0,0.625869362033
-30.0,90.0,0.602902590022
-30.0,95.0,0.576128706447
-30.0,100.0,0.584815830991
-25.0,-100.0,0.588258967592
-25.0,-95.0,0.58438456013
-25.0,-90.0,0.589578162366
-25.0,-85.0,0.61289832783
-25.0,-80.0,0.654787502408
-25.0,-75.0,0.689856987472
-25.0,-70.0,0.66536770082
-25.0,-65.0,0.677903601391
-25.0,-60.0,0.655708080478
-25.0,-55.0,0.666903351549
-25.0,-50.0,0.675445839437
-25.0,-45.0,0.670927521385
-25.0,-40.0,0.670287641395
-25.0,-35.0,0.658526795931
-25.0,-30.0,0.671768974523
-25.0,-25.0,0.676771131602
-25.0,-20.0,0.678885115463
-25.0,-15.0,0.679524531669
-25.0,-10.0,0.684674300324
-25.0,-5.0,0.687031939663
-25.0,0.0,0.690295050766
-25.0,5.0,0.672352396184
-25.0,10.0,0.68016425089
-25.0,15.0,0.667781951042
-25.0,20.0,0.678262315936
-25.0,25.0,0.674397550472
-25.0,30.0,0.65088067065
-25.0,35.0,0.64330206014
-25.0,40.0,0.644318720097
-25.0,45.0,0.662495539129
-25.0,50.0,0.665117472441
-25.0,55.0,0.65978672264
-25.0,60.0,0.661415212978
-25.0,65.0,0.672455805824
-25.0,70.0,0.694347067617
-25.0,75.0,0.665627094315
-25.0,80.0,0.640821135428
-25.0,85.0,0.576728087985
-25.0,90.0,0.590468934294
-25.0,95.0,0.574000326707
-25.0,100.0,0.588258967592
-20.0,-100.0,0.573756082465
-20.0,-95.0,0.549395393476
-20.0,-90.0,0.574523426667
-20.0,-85.0,0.61506281673
-20.0,-80.0,0.668080685917
-20.0,-75.0,0.67337049288
-20.0,-70.0,0.664411757826
-20.0,-65.0,0.691339471198
-20.0,-60.0,0.685168742339
-20.0,-55.0,0.676269525906
-20.0,-50.0,0.66548906032
-20.0,-45.0,0.672837336026
-20.0,-40.0,0.67299298073
-20.0,-35.0,0.677408027619
-20.0,-30.0,0.664503906384
-20.0,-25.0,0.66257867286
-20.0,-20.0,0.659016647682
-20.0,-15.0,0.687591626854
-20.0,-10.0,0.703413666596
-20.0,-5.0,0.692399877777
-20.0,0.0,0.676058163104
-20.0,5.0,0.68925968409
-20.0,10.0,0.679223332739
-20.0,15.0,0.665606492281
-20.0,20.0,0.670957038224
-20.0,25.0,0.66219991065
-20.0,30.0,0.628449804756
-20.0,35.0,0.643506247872
-20.0,40.0,0.654474947049
-20.0,45.0,0.65870332243
-20.0,50.0,0.645639264826
-20.0,55.0,0.630131848679
-20.0,60.0,0.636420104273
-20.0,65.0,0.648909483527
-20.0,70.0,0.668756042583
-20.0,75.0,0.678557202681
-20.0,80.0,0.645918299534
-20.0,85.0,0.576428155884
-20.0,90.0,0.561071405856
-20.0,95.0,0.548591180925
-20.0,100.0,0.573756082465
-15.0,-100.0,0.589824777246
-15.0,-95.0,0.581249256473
-15.0,-90.0,0.605200983379
-15.0,-85.0,0.614932632494
-15.0,-80.0,0.654958502175
-15.0,-75.0,0.683782614107
-15.0,-70.0,0.680415872039
-15.0,-65.0,0.674389317552
-15.0,-60.0,0.663198642149
-15.0,-55.0,0.688203116795
-15.0,-50.0,0.677135847569
-15.0,-45.0,0.667597879464
-15.0,-40.0,0.688594000656
-15.0,-35.0,0.715254387812
-15.0,-30.0,0.680563899363
-15.0,-25.0,0.669926615939
-15.0,-20.0,0.684291914603
-15.0,-15.0,0.687216024623
-15.0,-10.0,0.695634238583
-15.0,-5.0,0.683320511739
-15.0,0.0,0.692007407649
-15.0,5.0,0.666841418731
-15.0,10.0,0.686471841314
-15.0,15.0,0.668345082124
-15.0,20.0,0.6520498016
-15.0,25.0,0.652797039973
-15.0,30.0,0.644237576717
-15.0,35.0,0.656061853719
-15.0,40.0,0.640165070702
-15.0,45.0,0.642877050171
-15.0,50.0,0.636741414352
-15.0,55.0,0.655877024003
-15.0,60.0,0.635968380549
-15.0,65.0,0.645546718112
-15.0,70.0,0.653854400018
-15.0,75.0,0.670479878845
-15.0,80.0,0.650210179126
-15.0,85.0,0.581498261526
-15.0,90.0,0.583315335735
-15.0,95.0,0.556932976564
-15.0,100.0,0.589824777246
-10.0,-100.0,0.594927132873
-10.0,-95.0,0.596825044806
-10.0,-90.0,0.617511506956
-10.0,-85.0,0.643453328994
-10.0,-80.0,0.666784661199
-10.0,-75.0,0.685124326563
-10.0,-70.0,0.662487193093
-10.0,-65.0,0.668574254369
-10.0,-60.0,0.683562534332
-10.0,-55.0,0.683090226348
-10.0,-50.0,0.687317519753
-10.0,-45.0,0.689869145653
-10.0,-40.0,0.676157991468
-10.0,-35.0,0.689601006647
-10.0,-30.0,0.674138735244
-10.0,-25.0,0.684415331199
-10.0,-20.0,0.678029404814
-10.0,-15.0,0.689881992334
-10.0,-10.0,0.685316854125
-10.0,-5.0,0.69036214869
-10.0,0.0,0.691936033208
-10.0,5.0,0.673398861
-10.0,10.0,0.670229907043
-10.0,15.0,0.652803377658
-10.0,20.0,0.681346828581
-10.0,25.0,0.662862406005
-10.0,30.0,0.647550905552
-10.0,35.0,0.641900021148
-10.0,40.0,0.639435221658
-10.0,45.0,0.626148422652
-10.0,50.0,0.630887600836
-10.0,55.0,0.640032737692
-10.0,60.0,0.635466946846
-10.0,65.0,0.647577348116
-10.0,70.0,0.673757955838
-10.0,75.0,0.671297895118
-10.0,80.0,0.662690867495
-10.0,85.0,0.611232613566
-10.0,90.0,0.58599206163
-10.0,95.0,0.576751488531
-10.0,100.0,0.594927132873
-5.0,-100.0,0.586281344291
-5.0,-95.0,0.589881388392
-5.0,-90.0,0.618737978837
-5.0,-85.0,0.64600766394
-5.0,-80.0,0.673451719307
-5.0,-75.0,0.688001918094
-5.0,-70.0,0.668563701541
-5.0,-65.0,0.666913412146
-5.0,-60.0,0.69117751124
-5.0,-55.0,0.684400797147
-5.0,-50.0,0.694366803173
-5.0,-45.0,0.665590720332
-5.0,-40.0,0.676090433002
-5.0,-35.0,0.680325598939
-5.0,-30.0,0.669753917836
-5.0,-25.0,0.681069263328
-5.0,-20.0,0.683725454752
-5.0,-15.0,0.676126998958
-5.0,-10.0,0.663782591691
-5.0,-5.0,0.697881801758
-5.0,0.0,0.675607421186
-5.0,5.0,0.65353777107
-5.0,10.0,0.674049908881
-5.0,15.0,0.674265455786
-5.0,20.0,0.68065881208
-5.0,25.0,0.674466180238
-5.0,30.0,0.676431920497
-5.0,35.0,0.643208335694
-5.0,40.0,0.625658524499
-5.0,45.0,0.626317212178
-5.0,50.0,0.631168914092
-5.0,55.0,0.625608562701
-5.0,60.0,0.621837329494
-5.0,65.0,0.626344844002
-5.0,70.0,0.635080073284
-5.0,75.0,0.663578539805
-5.0,80.0,0.681053393273
-5.0,85.0,0.616906261934
-5.0,90.0,0.585447209206
-5.0,95.0,0.586172683295
-5.0,100.0,0.586281344291
0.0,-100.0,0.612140765542
0.0,-95.0,0.630698494513
0.0,-90.0,0.629000489378
0.0,-85.0,0.640875413993
0.0,-80.0,0.698231956359
0.0,-75.0,0.69522415938
0.0,-70.0,0.677387443888
0.0,-65.0,0.675720263049
0.0,-60.0,0.677304162108
0.0,-55.0,0.648539042023
0.0,-50.0,0.665124672484
0.0,-45.0,0.665640775916
0.0,-40.0,0.652123340312
0.0,-35.0,0.674322384896
0.0,-30.0,0.671609008424
0.0,-25.0,0.653245057916
0.0,-20.0,0.681668202366
0.0,-15.0,0.670530246054
0.0,-10.0,0.66663066457
0.0,-5.0,0.667700847534
0.0,0.0,0.671511920334
0.0,5.0,0.663776928812
0.0,10.0,0.659798669302
0.0,15.0,0.649389385192
0.0,20.0,0.692070443175
0.0,25.0,0.679632698414
0.0,30.0,0.70102132067
0.0,35.0,0.673383273715
0.0,40.0,0.646801088764
0.0,45.0,0.642181549315
0.0,50.0,0.618176550162
0.0,55.0,0.612124736455
0.0,60.0,0.620920381372
0.0,65.0,0.640438276326
0.0,70.0,0.651922798555
0.0,75.0,0.651584746558
0.0,80.0,0.64275368882
0.0,85.0,0.616945628643
0.0,90.0,0.61021522614
0.0,95.0,0.601285810881
0.0,100.0,0.612140765542
5.0,-100.0,0.631542770942
5.0,-95.0,0.632620643278
5.0,-90.0,0.643723486196
5.0,-85.0,0.65220801326
5.0,-80.0,0.70033859631
5.0,-75.0,0.680751613549
5.0,-70.0,0.682361435823
5.0,-65.0,0.66705016034
5.0,-60.0,0.653105123003
5.0,-55.0,0.637857594268
5.0,-50.0,0.632169381519
5.0,-45.0,0.666674417217
5.0,-40.0,0.656872631809
5.0,-35.0,0.661592381411
5.0,-30.0,0.672905881405
5.0,-25.0,0.656689826576
5.0,-20.0,0.656201135397
5.0,-15.0,0.66418466553
5.0,-10.0,0.65070328365
5.0,-5.0,0.648783959366
5.0,0.0,0.66338614124
5.0,5.0,0.672903571309
5.0,10.0,0.667638081307
5.0,15.0,0.672879747395
5.0,20.0,0.676203043846
5.0,25.0,0.699110017131
5.0,30.0,0.709752361454
5.0,35.0,0.668694460052
5.0,40.0,0.665196945415
5.0,45.0,0.621342524447
5.0,50.0,0.622499021332
5.0,55.0,0.636592579886
5.0,60.0,0.640701610732
5.0,65.0,0.622423784053
5.0,70.0,0.631766246383
5.0,75.0,0.672992098403
5.0,80.0,0.664020670092
5.0,85.0,0.647658580387
5.0,90.0,0.63231245799
5.0,95.0,0.63045444574
5.0,100.0,0.631542770942
10.0,-100.0,0.632945052238
10.0,-95.0,0.652262936892
10.0,-90.0,0.659996157625
10.0,-85.0,0.66720395204
10.0,-80.0,0.674689888061
10.0,-75.0,0.676642911863
10.0,-70.0,0.656695940804
10.0,-65.0,0.648937177378
10.0,-60.0,0.642782639788
10.0,-55.0,0.632935535912
10.0,-50.0,0.656924754684
10.0,-45.0,0.664286049212
10.0,-40.0,0.649486120664
10.0,-35.0,0.653949248732
10.0,-30.0,0.666503561294
10.0,-25.0,0.666732777531
10.0,-20.0,0.650730866056
10.0,-15.0,0.654434388755
10.0,-10.0,0.640169194187
10.0,-5.0,0.664554649809
10.0,0.0,0.65446959392
10.0,5.0,0.658530337175
10.0,10.0,0.656615051732
10.0,15.0,0.670279138364
10.0,20.0,0.68202867132
10.0,25.0,0.680441712128
10.0,30.0,0.693508338866
10.0,35.0,0.694518235423
10.0,40.0,0.689692307669
10.0,45.0,0.652466303663
10.0,50.0,0.630579980347
10.0,55.0,0.641450400633
10.0,60.0,0.637058989409
10.0,65.0,0.656604696782
10.0,70.0,0.652526136278
10.0,75.0,0.669781278879
10.0,80.0,0.645169247436
10.0,85.0,0.633938715482
10.0,90.0,0.646331091351
10.0,95.0,0.626746181506
10.0,100.0,0.632945052238
15.0,-100.0,0.627930957886
15.0,-95.0,0.636267203195
15.0,-90.0,0.646772823197
15.0,-85.0,0.65827968254
15.0,-80.0,0.682472431862
15.0,-75.0,0.661633047214
15.0,-70.0,0.636680869403
15.0,-65.0,0.634953319499
15.0,-60.0,0.663483282169
15.0,-55.0,0.63076978966
15.0,-50.0,0.651952081438
15.0,-45.0,0.650405852445
15.0,-40.0,0.66632314639
15.0,-35.0,0.659419013603
15.0,-30.0,0.649032536138
15.0,-25.0,0.662056310073
15.0,-20.0,0.662752742439
15.0,-15.0,0.668877766392
15.0,-10.0,0.671256936286
15.0,-5.0,0.674045950418
15.0,0.0,0.675282610798
15.0,5.0,0.671437617342
15.0,10.0,0.659063958066
15.0,15.0,0.672710615043
15.0,20.0,0.685239517681
15.0,25.0,0.672424967902
15.0,30.0,0.687448293889
15.0,35.0,0.692463662393
15.0,40.0,0.689727465163
15.0,45.0,0.674607804853
15.0,50.0,0.649007678342
15.0,55.0,0.618328065322
15.0,60.0,0.63367281537
15.0,65.0,0.657782638169
15.0,70.0,0.652635588319
15.0,75.0,0.653814579479
15.0,80.0,0.641151916086
15.0,85.0,0.632668032112
15.0,90.0,0.647825030297
15.0,95.0,0.595154100044
15.0,100.0,0.627930957886
20.0,-100.0,0.6098263613
20.0,-95.0,0.617535894014
20.0,-90.0,0.643803322988
20.0,-85.0,0.635841744161
20.0,-80.0,0.660022885918
20.0,-75.0,0.633710394497
20.0,-70.0,0.652238365993
20.0,-65.0,0.649626151924
20.0,-60.0,0.633583903366
20.0,-55.0,0.641900973468
20.0,-50.0,0.632064234883
20.0,-45.0,0.638030005407
20.0,-40.0,0.65574833886
20.0,-35.0,0.655539098862
20.0,-30.0,0.658763930225
20.0,-25.0,0.682389933414
20.0,-20.0,0.665310433647
20.0,-15.0,0.683537762389
20.0,-10.0,0.670554357689
20.0,-5.0,0.649196765717
20.0,0.0,0.657258634424
20.0,5.0,0.665643940925
20.0,10.0,0.647743805735
20.0,15.0,0.664954380416
20.0,20.0,0.695085185278
20.0,25.0,0.67707122434
20.0,30.0,0.700672648807
20.0,35.0,0.690212843558
20.0,40.0,0.698555017421
20.0,45.0,0.688686419121
20.0,50.0,0.652983342024
20.0,55.0,0.656556261788
20.0,60.0,0.665019940144
20.0,65.0,0.67382189349
20.0,70.0,0.647054290573
20.0,75.0,0.650253261904
20.0,80.0,0.650245281872
20.0,85.0,0.617378256037
20.0,90.0,0.613944199324
20.0,95.0,0.606383118089
20.0,100.0,0.6098263613
25.0,-100.0,0.577772533955
25.0,-95.0,0.592700741132
25.0,-90.0,0.630690441034
25.0,-85.0,0.641474971218
25.0,-80.0,0.664721269458
25.0,-75.0,0.641089674451
25.0,-70.0,0.651611083679
25.0,-65.0,0.658106625736
25.0,-60.0,0.633610444662
25.0,-55.0,0.660852403889
25.0,-50.0,0.629864098427
25.0,-45.0,0.639197600813
25.0,-40.0,0.655489531756
25.0,-35.0,0.669837402723
25.0,-30.0,0.664953070267
25.0,-25.0,0.683472401788
25.0,-20.0,0.68310504134
25.0,-15.0,0.671350616782
25.0,-10.0,0.689319564814
25.0,-5.0,0.655213999321
25.0,0.0,0.657329531829
25.0,5.0,0.645353610599
25.0,10.0,0.667091403821
25.0,15.0,0.672806258439
25.0,20.0,0.666368348335
25.0,25.0,0.689306032923
25.0,30.0,0.704041398691
25.0,35.0,0.710007060148
25.0,40.0,0.70667777735
25.0,45.0,0.69653078689
25.0,50.0,0.680899393917
25.0,55.0,0.655227603601
25.0,60.0,0.651846865178
25.0,65.0,0.64883654373
25.0,70.0,0.632879047158
25.0,75.0,0.627698362109
25.0,80.0,0.639769375857
25.0,85.0,0.628900429062
25.0,90.0,0.604870029676
25.0,95.0,0.574108754251
25.0,100.0,0.577772533955
30.0,-100.0,0.572553826883
30.0,-95.0,0.590933626003
30.0,-90.0,0.62454922327
30.0,-85.0,0.639057024253
30.0,-80.0,0.667973570769
30.0,-75.0,0.65254234807
30.0,-70.0,0.655289587795
30.0,-65.0,0.648673698184
30.0,-60.0,0.631175827566
30.0,-55.0,0.639966441532
30.0,-50.0,0.655663553503
30.0,-45.0,0.65962546383
30.0,-40.0,0.657005288819
30.0,-35.0,0.664246071329
30.0,-30.0,0.703427322646
30.0,-25.0,0.696626115904
30.0,-20.0,0.698113279961
30.0,-15.0,0.682855771328
30.0,-10.0,0.676859452239
30.0,-5.0,0.67202926957
30.0,0.0,0.674993464981
30.0,5.0,0.655075513544
30.0,10.0,0.650169719399
30.0,15.0,0.659547372294
30.0,20.0,0.679765471458
30.0,25.0,0.678159297904
30.0,30.0,0.683664036917
30.0,35.0,0.695553690308
30.0,40.0,0.717223383536
30.0,45.0,0.703145478953
30.0,50.0,0.696092001887
30.0,55.0,0.680221912199
30.0,60.0,0.675257171283
30.0,65.0,0.65110402378
30.0,70.0,0.63623189377
30.0,75.0,0.640072266504
30.0,80.0,0.638730936808
30.0,85.0,0.613185693598
30.0,90.0,0.618495688134
30.0,95.0,0.60152598117
30.0,100.0,0.572553826883
35.0,-100.0,0.615529770657
35.0,-95.0,0.628879646617
35.0,-90.0,0.615502581595
35.0,-85.0,0.636172034923
35.0,-80.0,0.667066763829
35.0,-75.0,0.65540879577
35.0,-70.0,0.676270612147
35.0,-65.0,0.639322833455
35.0,-60.0,0.657706199474
35.0,-55.0,0.661152173823
35.0,-50.0,0.676095284773
35.0,-45.0,0.658467170467
35.0,-40.0,0.687795318364
35.0,-35.0,0.702504496602
35.0,-30.0,0.694190561489
35.0,-25.0,0.698624274037
35.0,-20.0,0.687264596558
35.0,-15.0,0.670424554799
35.0,-10.0,0.706348861388
35.0,-5.0,0.712717756152
35.0,0.0,0.692349027471
35.0,5.0,0.660177133067
35.0,10.0,0.645754532452
35.0,15.0,0.647351880477
35.0,20.0,0.654915216254
35.0,25.0,0.666628782973
35.0,30.0,0.698824592279
35.0,35.0,0.697769628775
35.0,40.0,0.703172195083
35.0,45.0,0.708552143255
35.0,50.0,0.682823608227
35.0,55.0,0.675300474612
35.0,60.0,0.670203199152
35.0,65.0,0.668705814644
35.0,70.0,0.659370838137
35.0,75.0,0.636979414927
35.0,80.0,0.62699806737
35.0,85.0,0.60482442157
35.0,90.0,0.618440475904
35.0,95.0,0.620569477185
35.0,100.0,0.615529770657
40.0,-100.0,0.612341531552
40.0,-95.0,0.628557087328
40.0,-90.0,0.62336963423
40.0,-85.0,0.642525922605
40.0,-80.0,0.670672031206
40.0,-75.0,0.667356239775
40.0,-70.0,0.680660200287
40.0,-65.0,0.656729644362
40.0,-60.0,0.660349656461
40.0,-55.0,0.683294144533
40.0,-50.0,0.699025868587
40.0,-45.0,0.706589353092
40.0,-40.0,0.71129497878
40.0,-35.0,0.700600920976
40.0,-30.0,0.702317761617
40.0,-25.0,0.684128279989
40.0,-20.0,0.673959047463
40.0,-15.0,0.689635083877
40.0,-10.0,0.676173574259
40.0,-5.0,0.69202535388
40.0,0.0,0.695575536491
40.0,5.0,0.667055854311
40.0,10.0,0.653694665591
40.0,15.0,0.646494006487
40.0,20.0,0.661721897784
40.0,25.0,0.684191370219
40.0,30.0,0.683627983994
40.0,35.0,0.674619871168
40.0,40.0,0.677142490312
40.0,45.0,0.684714330717
40.0,50.0,0.698694168092
40.0,55.0,0.697429562077
40.0,60.0,0.679471050573
40.0,65.0,0.683622729122
40.0,70.0,0.669106722348
40.0,75.0,0.637800149679
40.0,80.0,0.629947337218
40.0,85.0,0.612065257753
40.0,90.0,0.604003124234
40.0,95.0,0.603123441774
40.0,100.0,0.612341531552
45.0,-100.0,0.615435387231
45.0,-95.0,0.612931706077
45.0,-90.0,0.63331874333
45.0,-85.0,0.639224299953
45.0,-80.0,0.658395071051
45.0,-75.0,0.670696237684
45.0,-70.0,0.685467948867
45.0,-65.0,0.668795445467
45.0,-60.0,0.677872840086
45.0,-55.0,0.686856148827
45.0,-50.0,0.712545040751
45.0,-45.0,0.709377557666
45.0,-40.0,0.701492247366
45.0,-35.0,0.696164469365
45.0,-30.0,0.685888746876
45.0,-25.0,0.693704263129
45.0,-20.0,0.703504935815
45.0,-15.0,0.70654635154
45.0,-10.0,0.690177584887
45.0,-5.0,0.685681038555
45.0,0.0,0.707306501445
45.0,5.0,0.687291380577
45.0,10.0,0.662421541008
45.0,15.0,0.655000881721
45.0,20.0,0.676082222722
45.0,25.0,0.666876386563
45.0,30.0,0.681242900323
45.0,35.0,0.700219247757
45.0,40.0,0.708243026162
45.0,45.0,0.701908513551
45.0,50.0,0.689333296759
45.0,55.0,0.680606555381
45.0,60.0,0.6746751764
45.0,65.0,0.664657653599
45.0,70.0,0.663263352635
45.0,75.0,0.643025705511
45.0,80.0,0.621937101878
45.0,85.0,0.604490014845
45.0,90.0,0.571228692112
45.0,95.0,0.597303575646
45.0,100.0,0.615435387231
50.0,-100.0,0.617957121423
50.0,-95.0,0.597454013524
50.0,-90.0,0.631635092226
50.0,-85.0,0.63923898872
50.0,-80.0,0.671311813994
50.0,-75.0,0.681526024615
50.0,-70.0,0.712775069407
50.0,-65.0,0.690529996158
50.0,-60.0,0.694400970151
50.0,-55.0,0.709307391944
50.0,-50.0,0.7096999982
50.0,-45.0,0.736526859014
50.0,-40.0,0.7077078422
50.0,-35.0,0.684634106893
50.0,-30.0,0.697209200555
50.0,-25.0,0.700335680679
50.0,-20.0,0.70500399974
50.0,-15.0,0.678180799194
50.0,-10.0,0.707987099
50.0,-5.0,0.678325988911
50.0,0.0,0.674435946451
50.0,5.0,0.66255395177
50.0,10.0,0.665459219146
50.0,15.0,0.674796741488
50.0,20.0,0.654979034468
50.0,25.0,0.686681318527
50.0,30.0,0.69038198988
50.0,35.0,0.688930760298
50.0,40.0,0.692364175918
50.0,45.0,0.691892063741
50.0,50.0,0.711572748383
50.0,55.0,0.684209820488
50.0,60.0,0.666438663226
50.0,65.0,0.646662467418
50.0,70.0,0.639821366355
50.0,75.0,0.653098617142
50.0,80.0,0.632329927702
50.0,85.0,0.61212782275
50.0,90.0,0.594318928418
50.0,95.0,0.608950401263
50.0,100.0,0.617957121423
55.0,-100.0,0.616380534385
55.0,-95.0,0.631154775632
55.0,-90.0,0.632327055424
55.0,-85.0,0.620165117539
55.0,-80.0,0.668043051086
55.0,-75.0,0.680812060289
55.0,-70.0,0.711829383364
55.0,-65.0,0.698311178846
55.0,-60.0,0.701521767499
55.0,-55.0,0.70988768791
55.0,-50.0,0.697200151207
55.0,-45.0,0.713544150296
55.0,-40.0,0.706257339343
55.0,-35.0,0.692444072118
55.0,-30.0,0.697852850037
55.0,-25.0,0.692301706373
55.0,-20.0,0.693113332068
55.0,-15.0,0.680638196201
55.0,-10.0,0.675436554097
55.0,-5.0,0.668997714154
55.0,0.0,0.667190029913
55.0,5.0,0.684404603259
55.0,10.0,0.646852099182
55.0,15.0,0.658291282713
55.0,20.0,0.656731445997
55.0,25.0,0.663421575733
55.0,30.0,0.66710296468
55.0,35.0,0.677819894433
55.0,40.0,0.70013326569
55.0,45.0,0.693823527074
55.0,50.0,0.678140652784
55.0,55.0,0.678084842067
55.0,60.0,0.656652114159
55.0,65.0,0.639871443394
55.0,70.0,0.64531076365
55.0,75.0,0.639990733169
55.0,80.0,0.622924824451
55.0,85.0,0.601532535206
55.0,90.0,0.617949561318
55.0,95.0,0.600631299005
55.0,100.0,0.616380534385
60.0,-100.0,0.626634392935
60.0,-95.0,0.635921702588
60.0,-90.0,0.659499924246
60.0,-85.0,0.649238202575
60.0,-80.0,0.673342488419
60.0,-75.0,0.68903861104
60.0,-70.0,0.696655693249
60.0,-65.0,0.712700081288
60.0,-60.0,0.715871205358
60.0,-55.0,0.717747356074
60.0,-50.0,0.70791190365
60.0,-45.0,0.729902212731
60.0,-40.0,0.69447348727
60.0,-35.0,0.692478954255
60.0,-30.0,0.68659585025
60.0,-25.0,0.688759302219
60.0,-20.0,0.69705817716
60.0,-15.0,0.689194959583
60.0,-10.0,0.694161376437
60.0,-5.0,0.680985214089
60.0,0.0,0.659002229628
60.0,5.0,0.684880739655
60.0,10.0,0.66986669874
60.0,15.0,0.674901017134
60.0,20.0,0.630671857031
60.0,25.0,0.65507175391
60.0,30.0,0.661715507116
60.0,35.0,0.673053951185
60.0,40.0,0.678750905334
60.0,45.0,0.689459733154
60.0,50.0,0.686193338547
60.0,55.0,0.66283173324
60.0,60.0,0.651564766795
60.0,65.0,0.63826855032
60.0,70.0,0.614993916689
60.0,75.0,0.643101034585
60.0,80.0,0.617108652914
60.0,85.0,0.599156278975
60.0,90.0,0.642418100406
60.0,95.0,0.622466073013
60.0,100.0,0.626634392935
65.0,-100.0,0.624445506199
65.0,-95.0,0.614974742114
65.0,-90.0,0.650046374333
65.0,-85.0,0.647766481632
65.0,-80.0,0.679290243886
65.0,-75.0,0.694841165347
65.0,-70.0,0.687094629528
65.0,-65.0,0.720648855244
65.0,-60.0,0.720036430781
65.0,-55.0,0.712849056025
65.0,-50.0,0.722110443151
65.0,-45.0,0.702224081259
65.0,-40.0,0.703563059187
65.0,-35.0,0.681913122252
65.0,-30.0,0.669090488017
65.0,-25.0,0.684690163113
65.0,-20.0,0.679629947007
65.0,-15.0,0.670134837522
65.0,-10.0,0.67504192659
65.0,-5.0,0.665950007396
65.0,0.0,0.672535415074
65.0,5.0,0.676228689165
65.0,10.0,0.662918501691
65.0,15.0,0.682259116079
65.0,20.0,0.64848409179
65.0,25.0,0.653326390697
65.0,30.0,0.659244740827
65.0,35.0,0.675310220639
65.0,40.0,0.682163519706
65.0,45.0,0.695527189192
65.0,50.0,0.660622115537
65.0,55.0,0.655210697472
65.0,60.0,0.661301697015
65.0,65.0,0.645339697489
65.0,70.0,0.647947332339
65.0,75.0,0.644419919586
65.0,80.0,0.638571940222
65.0,85.0,0.623760058516
65.0,90.0,0.635936595357
65.0,95.0,0.585418018329
65.0,100.0,0.624445506199
70.0,-100.0,0.599541217826
70.0,-95.0,0.598188397511
70.0,-90.0,0.623926883822
70.0,-85.0,0.66441481513
70.0,-80.0,0.704928639073
70.0,-75.0,0.703145003628
70.0,-70.0,0.704395432108
70.0,-65.0,0.721291641033
70.0,-60.0,0.722883480943
70.0,-55.0,0.716832229438
70.0,-50.0,0.718037830916
70.0,-45.0,0.705727923349
70.0,-40.0,0.702969372594
70.0,-35.0,0.699886154442
70.0,-30.0,0.68361603942
70.0,-25.0,0.67884417641
