-100.0,-100.0,0.633381518061
-100.0,-95.0,0.625243331283
-100.0,-90.0,0.619118728298
-100.0,-85.0,0.619484566379
-100.0,-80.0,0.617830288179
-100.0,-75.0,0.621850493964
-100.0,-70.0,0.624427895138
-100.0,-65.0,0.6229504917
-100.0,-60.0,0.623111553613
-100.0,-55.0,0.625630006356
-100.0,-50.0,0.632220997059
-100.0,-45.0,0.635240572006
-100.0,-40.0,0.634624989269
-100.0,-35.0,0.636882948353
-100.0,-30.0,0.643809604232
-100.0,-25.0,0.65247254214
-100.0,-20.0,0.657712539239
-100.0,-15.0,0.660437656653
-100.0,-10.0,0.663682583262
-100.0,-5.0,0.663555138449
-100.0,0.0,0.657801182745
-100.0,5.0,0.656636527126
-100.0,10.0,0.657882611482
-100.0,15.0,0.656800553033
-100.0,20.0,0.652650454381
-100.0,25.0,0.648395553512
-100.0,30.0,0.64122210237
-100.0,35.0,0.637219540446
-100.0,40.0,0.638720707455
-100.0,45.0,0.642988010932
-100.0,50.0,0.639664864689
-100.0,55.0,0.630722350407
-100.0,60.0,0.624911557731
-100.0,65.0,0.62527496421
-100.0,70.0,0.623995585451
-100.0,75.0,0.626696002651
-100.0,80.0,0.626975208643
-100.0,85.0,0.62812944901
-100.0,90.0,0.627358119107
-100.0,95.0,0.629147873435
-100.0,100.0,0.633381518061
-95.0,-100.0,0.632333748125
-95.0,-95.0,0.628869332206
-95.0,-90.0,0.623728224448
-95.0,-85.0,0.623210356921
-95.0,-80.0,0.618309816663
-95.0,-75.0,0.623982625848
-95.0,-70.0,0.62743886643
-95.0,-65.0,0.623026985954
-95.0,-60.0,0.621005877646
-95.0,-55.0,0.625550062817
-95.0,-50.0,0.636383133974
-95.0,-45.0,0.636235772687
-95.0,-40.0,0.63690743596
-95.0,-35.0,0.640975081634
-95.0,-30.0,0.643469899078
-95.0,-25.0,0.651816960618
-95.0,-20.0,0.656753385259
-95.0,-15.0,0.660577003988
-95.0,-10.0,0.663678679967
-95.0,-5.0,0.662078478595
-95.0,0.0,0.655577784982
-95.0,5.0,0.654560250823
-95.0,10.0,0.656824774919
-95.0,15.0,0.653911447258
-95.0,20.0,0.650400022652
-95.0,25.0,0.64762821595
-95.0,30.0,0.641150492611
-95.0,35.0,0.63651847557
-95.0,40.0,0.639518189312
-95.0,45.0,0.643653200219
-95.0,50.0,0.642481942736
-95.0,55.0,0.638032639309
-95.0,60.0,0.632844583614
-95.0,65.0,0.631120948053
-95.0,70.0,0.627944322261
-95.0,75.0,0.628530186759
-95.0,80.0,0.629049344786
-95.0,85.0,0.630491295783
-95.0,90.0,0.631241057408
-95.0,95.0,0.629773919776
-95.0,100.0,0.632333748126
-90.0,-100.0,0.630880012379
-90.0,-95.0,0.630357444923
-90.0,-90.0,0.628154198329
-90.0,-85.0,0.62776304258
-90.0,-80.0,0.625524244949
-90.0,-75.0,0.629181256763
-90.0,-70.0,0.631468857693
-90.0,-65.0,0.626806352648
-90.0,-60.0,0.624763839414
-90.0,-55.0,0.627857631092
-90.0,-50.0,0.633727641233
-90.0,-45.0,0.635131601938
-90.0,-40.0,0.637482958863
-90.0,-35.0,0.643697887678
-90.0,-30.0,0.644052731934
-90.0,-25.0,0.6512251129
-90.0,-20.0,0.658323988176
-90.0,-15.0,0.660185750687
-90.0,-10.0,0.659455815251
-90.0,-5.0,0.657120816532
-90.0,0.0,0.65443839589
-90.0,5.0,0.652795866836
-90.0,10.0,0.654664854667
-90.0,15.0,0.655377896804
-90.0,20.0,0.653775057844
-90.0,25.0,0.64812985227
-90.0,30.0,0.64235949625
-90.0,35.0,0.638950652962
-90.0,40.0,0.642029397706
-90.0,45.0,0.642916080337
-90.0,50.0,0.641925288892
-90.0,55.0,0.638252185512
-90.0,60.0,0.635259954143
-90.0,65.0,0.634353601833
-90.0,70.0,0.632454753528
-90.0,75.0,0.631841273314
-90.0,80.0,0.629812976643
-90.0,85.0,0.630330534166
-90.0,90.0,0.632555306501
-90.0,95.0,0.631075226674
-90.0,100.0,0.630880012379
-85.0,-100.0,0.633309590958
-85.0,-95.0,0.631745564078
-85.0,-90.0,0.628892167252
-85.0,-85.0,0.629324538796
-85.0,-80.0,0.630735910285
-85.0,-75.0,0.628594950436
-85.0,-70.0,0.631711743983
-85.0,-65.0,0.630818646965
-85.0,-60.0,0.629283064852
-85.0,-55.0,0.629419760863
-85.0,-50.0,0.634581080936
-85.0,-45.0,0.635756911195
-85.0,-40.0,0.639410857116
-85.0,-35.0,0.646312617925
-85.0,-30.0,0.647357910258
-85.0,-25.0,0.651080633452
-85.0,-20.0,0.657394062996
-85.0,-15.0,0.659571822389
-85.0,-10.0,0.657132409156
-85.0,-5.0,0.655688553048
-85.0,0.0,0.656903372546
-85.0,5.0,0.655844595109
-85.0,10.0,0.657359335757
-85.0,15.0,0.658794037555
-85.0,20.0,0.654099038893
-85.0,25.0,0.648443935142
-85.0,30.0,0.643754050704
-85.0,35.0,0.64138796526
-85.0,40.0,0.641867585899
-85.0,45.0,0.639531664227
-85.0,50.0,0.638333393328
-85.0,55.0,0.63843483071
-85.0,60.0,0.638859766563
-85.0,65.0,0.63916810131
-85.0,70.0,0.635617075056
-85.0,75.0,0.634048935052
-85.0,80.0,0.635281281126
-85.0,85.0,0.634085754325
-85.0,90.0,0.632067156624
-85.0,95.0,0.63124168786
-85.0,100.0,0.633309590958
-80.0,-100.0,0.635086218866
-80.0,-95.0,0.632867441012
-80.0,-90.0,0.628086168161
-80.0,-85.0,0.629780383331
-80.0,-80.0,0.630885966897
-80.0,-75.0,0.631905564825
-80.0,-70.0,0.630035112474
-80.0,-65.0,0.6284837234
-80.0,-60.0,0.629750789722
-80.0,-55.0,0.632659508671
-80.0,-50.0,0.637759104517
-80.0,-45.0,0.638823549526
-80.0,-40.0,0.640700353479
-80.0,-35.0,0.644572995519
-80.0,-30.0,0.644180984417
-80.0,-25.0,0.64910563742
-80.0,-20.0,0.65345381944
-80.0,-15.0,0.655409412664
-80.0,-10.0,0.657829674108
-80.0,-5.0,0.655322153638
-80.0,0.0,0.655311696659
-80.0,5.0,0.658392041134
-80.0,10.0,0.658540618006
-80.0,15.0,0.660705776823
-80.0,20.0,0.656825674524
-80.0,25.0,0.65073498331
-80.0,30.0,0.646500789204
-80.0,35.0,0.642869651553
-80.0,40.0,0.637463228543
-80.0,45.0,0.637276618223
-80.0,50.0,0.637588500498
-80.0,55.0,0.638896757402
-80.0,60.0,0.64160282506
-80.0,65.0,0.638466757197
-80.0,70.0,0.635744173542
-80.0,75.0,0.634481782242
-80.0,80.0,0.63333617555
-80.0,85.0,0.635698043804
-80.0,90.0,0.634262561272
-80.0,95.0,0.633714032444
-80.0,100.0,0.635086218866
-75.0,-100.0,0.633187611926
-75.0,-95.0,0.63067695921
-75.0,-90.0,0.632601299165
-75.0,-85.0,0.634938870899
-75.0,-80.0,0.634984103258
-75.0,-75.0,0.635564965509
-75.0,-70.0,0.63099409955
-75.0,-65.0,0.626136620822
-75.0,-60.0,0.630042131915
-75.0,-55.0,0.633694379807
-75.0,-50.0,0.637263020249
-75.0,-45.0,0.641235165033
-75.0,-40.0,0.64676655697
-75.0,-35.0,0.648306876893
-75.0,-30.0,0.644435467069
-75.0,-25.0,0.651398676925
-75.0,-20.0,0.657344224185
-75.0,-15.0,0.659053935311
-75.0,-10.0,0.663171795888
-75.0,-5.0,0.659127479824
-75.0,0.0,0.657352077264
-75.0,5.0,0.66003450818
-75.0,10.0,0.662025170483
-75.0,15.0,0.662937587766
-75.0,20.0,0.658467078377
-75.0,25.0,0.650379398032
-75.0,30.0,0.647244871276
-75.0,35.0,0.64257510133
-75.0,40.0,0.639034796624
-75.0,45.0,0.642229100638
-75.0,50.0,0.640891127622
-75.0,55.0,0.638662491265
-75.0,60.0,0.638902557577
-75.0,65.0,0.635887099158
-75.0,70.0,0.638194561264
-75.0,75.0,0.637781324269
-75.0,80.0,0.633209792042
-75.0,85.0,0.636442565615
-75.0,90.0,0.636205633146
-75.0,95.0,0.633749559528
-75.0,100.0,0.633187611926
-70.0,-100.0,0.634344393328
-70.0,-95.0,0.635918740965
-70.0,-90.0,0.640601551059
-70.0,-85.0,0.643403712319
-70.0,-80.0,0.643757810874
-70.0,-75.0,0.641556463736
-70.0,-70.0,0.636870529002
-70.0,-65.0,0.633512440351
-70.0,-60.0,0.637573823266
-70.0,-55.0,0.636844520713
-70.0,-50.0,0.640629212571
-70.0,-45.0,0.647840357019
-70.0,-40.0,0.649520985549
-70.0,-35.0,0.647986138769
-70.0,-30.0,0.642902646213
-70.0,-25.0,0.650407259475
-70.0,-20.0,0.658229988307
-70.0,-15.0,0.660328784603
-70.0,-10.0,0.662391452433
-70.0,-5.0,0.660259966343
-70.0,0.0,0.659643659996
-70.0,5.0,0.659934006627
-70.0,10.0,0.664278826945
-70.0,15.0,0.666010874275
-70.0,20.0,0.660341061414
-70.0,25.0,0.654662611793
-70.0,30.0,0.649049602211
-70.0,35.0,0.647138200245
-70.0,40.0,0.644315019572
-70.0,45.0,0.647639988919
-70.0,50.0,0.646555551814
-70.0,55.0,0.640288449646
-70.0,60.0,0.638064831458
-70.0,65.0,0.635325595311
-70.0,70.0,0.639036257862
-70.0,75.0,0.6390146185
-70.0,80.0,0.636998087237
-70.0,85.0,0.638514805446
-70.0,90.0,0.638162974704
-70.0,95.0,0.636187600648
-70.0,100.0,0.634344393328
-65.0,-100.0,0.640587201226
-65.0,-95.0,0.643147518929
-65.0,-90.0,0.644847789154
-65.0,-85.0,0.646095919021
-65.0,-80.0,0.646303744107
-65.0,-75.0,0.643561341309
-65.0,-70.0,0.639091617765
-65.0,-65.0,0.641205794895
-65.0,-60.0,0.643544047443
-65.0,-55.0,0.640659905704
-65.0,-50.0,0.647170218086
-65.0,-45.0,0.649246397233
-65.0,-40.0,0.647182151117
-65.0,-35.0,0.649113396308
-65.0,-30.0,0.648554239118
-65.0,-25.0,0.652928269671
-65.0,-20.0,0.660216636922
-65.0,-15.0,0.660440285994
-65.0,-10.0,0.656287463915
-65.0,-5.0,0.656970098603
-65.0,0.0,0.661769814059
-65.0,5.0,0.660249028725
-65.0,10.0,0.663330488939
-65.0,15.0,0.66406255862
-65.0,20.0,0.658702623925
-65.0,25.0,0.655812063294
-65.0,30.0,0.649505590521
-65.0,35.0,0.650431168258
-65.0,40.0,0.650618465406
-65.0,45.0,0.648971326251
-65.0,50.0,0.647295678441
-65.0,55.0,0.641205501212
-65.0,60.0,0.636502406802
-65.0,65.0,0.634480152487
-65.0,70.0,0.635716265282
-65.0,75.0,0.638412636093
-65.0,80.0,0.64296111068
-65.0,85.0,0.640022862429
-65.0,90.0,0.641536117068
-65.0,95.0,0.64419710185
-65.0,100.0,0.640587201226
-60.0,-100.0,0.640545866518
-60.0,-95.0,0.644765764944
-60.0,-90.0,0.64862282591
-60.0,-85.0,0.645293788373
-60.0,-80.0,0.646063533068
-60.0,-75.0,0.643742518747
-60.0,-70.0,0.641503917185
-60.0,-65.0,0.642991103754
-60.0,-60.0,0.643732243876
-60.0,-55.0,0.639998110757
-60.0,-50.0,0.644446554395
-60.0,-45.0,0.648497910321
-60.0,-40.0,0.648164039706
-60.0,-35.0,0.656935415715
-60.0,-30.0,0.655438844917
-60.0,-25.0,0.65451872549
-60.0,-20.0,0.661939553395
-60.0,-15.0,0.663814953443
-60.0,-10.0,0.660185970336
-60.0,-5.0,0.658360581084
-60.0,0.0,0.664024895262
-60.0,5.0,0.662929627886
-60.0,10.0,0.664561860949
-60.0,15.0,0.663313609645
-60.0,20.0,0.657370830335
-60.0,25.0,0.655275375688
-60.0,30.0,0.650423120029
-60.0,35.0,0.654245784828
-60.0,40.0,0.654865450176
-60.0,45.0,0.648810218119
-60.0,50.0,0.646043401711
-60.0,55.0,0.641188212813
-60.0,60.0,0.639240152101
-60.0,65.0,0.637854441318
-60.0,70.0,0.636747976928
-60.0,75.0,0.639898156626
-60.0,80.0,0.644701914754
-60.0,85.0,0.645322247591
-60.0,90.0,0.647930856387
-60.0,95.0,0.648632137158
-60.0,100.0,0.640545866518
-55.0,-100.0,0.645006427326
-55.0,-95.0,0.649148033444
-55.0,-90.0,0.650499423347
-55.0,-85.0,0.647937380183
-55.0,-80.0,0.646680205262
-55.0,-75.0,0.645919590114
-55.0,-70.0,0.646175233718
-55.0,-65.0,0.645834646697
-55.0,-60.0,0.646205052021
-55.0,-55.0,0.642774940248
-55.0,-50.0,0.643327702358
-55.0,-45.0,0.645859249046
-55.0,-40.0,0.646457210031
-55.0,-35.0,0.652704459201
-55.0,-30.0,0.651913760985
-55.0,-25.0,0.653246420223
-55.0,-20.0,0.659613616205
-55.0,-15.0,0.663075950483
-55.0,-10.0,0.66035925268
-55.0,-5.0,0.658908458835
-55.0,0.0,0.665960934411
-55.0,5.0,0.66652393634
-55.0,10.0,0.663678021802
-55.0,15.0,0.664047726091
-55.0,20.0,0.660896850185
-55.0,25.0,0.658199877808
-55.0,30.0,0.654399240053
-55.0,35.0,0.656025537043
-55.0,40.0,0.651125025382
-55.0,45.0,0.646448354796
-55.0,50.0,0.644814479604
-55.0,55.0,0.645644623862
-55.0,60.0,0.648319332315
-55.0,65.0,0.644237883119
-55.0,70.0,0.641840186124
-55.0,75.0,0.640725324228
-55.0,80.0,0.641919071909
-55.0,85.0,0.64744360484
-55.0,90.0,0.653637506164
-55.0,95.0,0.650326461957
-55.0,100.0,0.645006427326
-50.0,-100.0,0.651834918307
-50.0,-95.0,0.650621344153
-50.0,-90.0,0.647816620713
-50.0,-85.0,0.64740314265
-50.0,-80.0,0.646191299533
-50.0,-75.0,0.648923518807
-50.0,-70.0,0.649562604225
-50.0,-65.0,0.644632255441
-50.0,-60.0,0.647351770054
-50.0,-55.0,0.647940602136
-50.0,-50.0,0.646988543027
-50.0,-45.0,0.645759577888
-50.0,-40.0,0.643117458074
-50.0,-35.0,0.649286718144
-50.0,-30.0,0.65603744027
-50.0,-25.0,0.658043967472
-50.0,-20.0,0.663907819688
-50.0,-15.0,0.664358550143
-50.0,-10.0,0.661525862525
-50.0,-5.0,0.661730214484
-50.0,0.0,0.671105596522
-50.0,5.0,0.66786997604
-50.0,10.0,0.661798051831
-50.0,15.0,0.665521794726
-50.0,20.0,0.667001352647
-50.0,25.0,0.658886206529
-50.0,30.0,0.653615065914
-50.0,35.0,0.652312157837
-50.0,40.0,0.647314524467
-50.0,45.0,0.643247473355
-50.0,50.0,0.643039736289
-50.0,55.0,0.644917447824
-50.0,60.0,0.648832413366
-50.0,65.0,0.647297731302
-50.0,70.0,0.646994451664
-50.0,75.0,0.645530366049
-50.0,80.0,0.643149158193
-50.0,85.0,0.648436445214
-50.0,90.0,0.651407288381
-50.0,95.0,0.652800968753
-50.0,100.0,0.651834918307
-45.0,-100.0,0.653351938134
-45.0,-95.0,0.646129652622
-45.0,-90.0,0.641629012781
-45.0,-85.0,0.643657062894
-45.0,-80.0,0.648655897872
-45.0,-75.0,0.650736217824
-45.0,-70.0,0.649918218317
-45.0,-65.0,0.64179394152
-45.0,-60.0,0.642365406385
-45.0,-55.0,0.648505934631
-45.0,-50.0,0.649306166595
-45.0,-45.0,0.648778399466
-45.0,-40.0,0.646770940527
-45.0,-35.0,0.651681666013
-45.0,-30.0,0.656920564128
-45.0,-25.0,0.659881657764
-45.0,-20.0,0.66678323537
-45.0,-15.0,0.670810240279
-45.0,-10.0,0.669242133378
-45.0,-5.0,0.669415344879
-45.0,0.0,0.672299926149
-45.0,5.0,0.666324875915
-45.0,10.0,0.662170506015
-45.0,15.0,0.665595375586
-45.0,20.0,0.666958844163
-45.0,25.0,0.662733850095
-45.0,30.0,0.652201246242
-45.0,35.0,0.649643629505
-45.0,40.0,0.647688875999
-45.0,45.0,0.646973760332
-45.0,50.0,0.647818471787
-45.0,55.0,0.647399213551
-45.0,60.0,0.647946193003
-45.0,65.0,0.645538694604
-45.0,70.0,0.646790014972
-45.0,75.0,0.644985980575
-45.0,80.0,0.642524241883
-45.0,85.0,0.647336660322
-45.0,90.0,0.652631608825
-45.0,95.0,0.654923732567
-45.0,100.0,0.653351938134
-40.0,-100.0,0.651763150754
-40.0,-95.0,0.647815916451
-40.0,-90.0,0.643585541192
-40.0,-85.0,0.644907269399
-40.0,-80.0,0.648670409821
-40.0,-75.0,0.64771526945
-40.0,-70.0,0.645811006238
-40.0,-65.0,0.640836026251
-40.0,-60.0,0.643416358208
-40.0,-55.0,0.649314848317
-40.0,-50.0,0.653276326919
-40.0,-45.0,0.65412270034
-40.0,-40.0,0.651014002496
-40.0,-35.0,0.65454074079
-40.0,-30.0,0.659565177444
-40.0,-25.0,0.665292045326
-40.0,-20.0,0.671690415619
-40.0,-15.0,0.677318707404
-40.0,-10.0,0.677445960582
-40.0,-5.0,0.674769787512
-40.0,0.0,0.673532524896
-40.0,5.0,0.671277597972
-40.0,10.0,0.671164762549
-40.0,15.0,0.669207225393
-40.0,20.0,0.66625418154
-40.0,25.0,0.662543065012
-40.0,30.0,0.65601183828
-40.0,35.0,0.649792508133
-40.0,40.0,0.646777588125
-40.0,45.0,0.647457894234
-40.0,50.0,0.649856524551
-40.0,55.0,0.650348456792
-40.0,60.0,0.648446786848
-40.0,65.0,0.647748691661
-40.0,70.0,0.649227300252
-40.0,75.0,0.643491898352
-40.0,80.0,0.640637691074
-40.0,85.0,0.649086652174
-40.0,90.0,0.652483111594
-40.0,95.0,0.654582949085
-40.0,100.0,0.651763150754
-35.0,-100.0,0.650631781101
-35.0,-95.0,0.650018633159
-35.0,-90.0,0.647640930165
-35.0,-85.0,0.64746669494
-35.0,-80.0,0.648304563656
-35.0,-75.0,0.643427012574
-35.0,-70.0,0.643107308379
-35.0,-65.0,0.645479103227
-35.0,-60.0,0.646062074531
-35.0,-55.0,0.652588235924
-35.0,-50.0,0.659675585422
-35.0,-45.0,0.660251791604
-35.0,-40.0,0.657622934751
-35.0,-35.0,0.660712744975
-35.0,-30.0,0.662887547277
-35.0,-25.0,0.668547863391
-35.0,-20.0,0.673076452545
-35.0,-15.0,0.677850333007
-35.0,-10.0,0.679005440251
-35.0,-5.0,0.673622678858
-35.0,0.0,0.673612514073
-35.0,5.0,0.674003873643
-35.0,10.0,0.673654447687
-35.0,15.0,0.67659041542
-35.0,20.0,0.669711218364
-35.0,25.0,0.661537541536
-35.0,30.0,0.657963086853
-35.0,35.0,0.656825110337
-35.0,40.0,0.651397837859
-35.0,45.0,0.648863555286
-35.0,50.0,0.64926950895
-35.0,55.0,0.648704962363
-35.0,60.0,0.648356441579
-35.0,65.0,0.652184691932
-35.0,70.0,0.656854166101
-35.0,75.0,0.651815865623
-35.0,80.0,0.647280483286
-35.0,85.0,0.652856889109
-35.0,90.0,0.653221641612
-35.0,95.0,0.650696192178
-35.0,100.0,0.650631781101
-30.0,-100.0,0.652951078611
-30.0,-95.0,0.650677451006
-30.0,-90.0,0.648973511283
-30.0,-85.0,0.649836859729
-30.0,-80.0,0.648089438905
-30.0,-75.0,0.641507964243
-30.0,-70.0,0.642469869711
-30.0,-65.0,0.643957520215
-30.0,-60.0,0.643642500905
-30.0,-55.0,0.650533707094
-30.0,-50.0,0.655593951886
-30.0,-45.0,0.6598874306
-30.0,-40.0,0.663832111084
-30.0,-35.0,0.668789955608
-30.0,-30.0,0.667005341615
-30.0,-25.0,0.66678848101
-30.0,-20.0,0.673300598188
-30.0,-15.0,0.677303497956
-30.0,-10.0,0.678813388584
-30.0,-5.0,0.674084978224
-30.0,0.0,0.67726267555
-30.0,5.0,0.676661150597
-30.0,10.0,0.673036377156
-30.0,15.0,0.67821776477
-30.0,20.0,0.67570733765
-30.0,25.0,0.66681685083
-30.0,30.0,0.662275782023
-30.0,35.0,0.662415467206
-30.0,40.0,0.660057223728
-30.0,45.0,0.655304293451
-30.0,50.0,0.6573465528
-30.0,55.0,0.655485659584
-30.0,60.0,0.653647337048
-30.0,65.0,0.653918255118
-30.0,70.0,0.657092808117
-30.0,75.0,0.653853075517
-30.0,80.0,0.650712378086
-30.0,85.0,0.655577643166
-30.0,90.0,0.654307267156
-30.0,95.0,0.653600688602
-30.0,100.0,0.652951078611
-25.0,-100.0,0.650769437263
-25.0,-95.0,0.651276659975
-25.0,-90.0,0.649798433708
-25.0,-85.0,0.647158825418
-25.0,-80.0,0.648308078007
-25.0,-75.0,0.646350358401
-25.0,-70.0,0.644701688147
-25.0,-65.0,0.641590296833
-25.0,-60.0,0.643023500517
-25.0,-55.0,0.651024278301
-25.0,-50.0,0.652734242745
-25.0,-45.0,0.657754375442
-25.0,-40.0,0.665708724045
-25.0,-35.0,0.673013931625
-25.0,-30.0,0.677503867668
-25.0,-25.0,0.678124825357
-25.0,-20.0,0.681849348303
-25.0,-15.0,0.685589595606
-25.0,-10.0,0.685330578552
-25.0,-5.0,0.680597732817
-25.0,0.0,0.685334652754
-25.0,5.0,0.689766557802
-25.0,10.0,0.684920139462
-25.0,15.0,0.685809850458
-25.0,20.0,0.683196182667
-25.0,25.0,0.675868435743
-25.0,30.0,0.671268224096
-25.0,35.0,0.667152994666
-25.0,40.0,0.664755070558
-25.0,45.0,0.65979213493
-25.0,50.0,0.660382872384
-25.0,55.0,0.662385835081
-25.0,60.0,0.658666661679
-25.0,65.0,0.656444073226
-25.0,70.0,0.65446052447
-25.0,75.0,0.653947377823
-25.0,80.0,0.653655618486
-25.0,85.0,0.650034746278
-25.0,90.0,0.650356350278
-25.0,95.0,0.653093611717
-25.0,100.0,0.650769437263
-20.0,-100.0,0.6503138103
-20.0,-95.0,0.652004827148
-20.0,-90.0,0.651310963409
-20.0,-85.0,0.649522578807
-20.0,-80.0,0.653199341079
-20.0,-75.0,0.649664929309
-20.0,-70.0,0.647632888974
-20.0,-65.0,0.646212553028
-20.0,-60.0,0.649822772941
-20.0,-55.0,0.654848679758
-20.0,-50.0,0.655415543281
-20.0,-45.0,0.65983929967
-20.0,-40.0,0.663442097527
-20.0,-35.0,0.671091544198
-20.0,-30.0,0.680578736117
-20.0,-25.0,0.682980286949
-20.0,-20.0,0.684592494787
-20.0,-15.0,0.689153541005
-20.0,-10.0,0.690331896276
-20.0,-5.0,0.688716672339
-20.0,0.0,0.691884447684
-20.0,5.0,0.696065576328
-20.0,10.0,0.693813921009
-20.0,15.0,0.692087824923
-20.0,20.0,0.688949090311
-20.0,25.0,0.682389282421
-20.0,30.0,0.67726642529
-20.0,35.0,0.674374313391
-20.0,40.0,0.673347809615
-20.0,45.0,0.663670780964
-20.0,50.0,0.661440334467
-20.0,55.0,0.667638385268
-20.0,60.0,0.665792912665
-20.0,65.0,0.663074241938
-20.0,70.0,0.657064540612
-20.0,75.0,0.655631652123
-20.0,80.0,0.657217387312
-20.0,85.0,0.65291567217
-20.0,90.0,0.650960337204
-20.0,95.0,0.652041344037
-20.0,100.0,0.6503138103
-15.0,-100.0,0.658154249644
-15.0,-95.0,0.65942393386
-15.0,-90.0,0.654814326662
-15.0,-85.0,0.655668407607
-15.0,-80.0,0.65833792592
-15.0,-75.0,0.655363426083
-15.0,-70.0,0.654235470155
-15.0,-65.0,0.656302707078
-15.0,-60.0,0.656353843427
-15.0,-55.0,0.65897988679
-15.0,-50.0,0.660951250473
-15.0,-45.0,0.660924387872
-15.0,-40.0,0.66023435708
-15.0,-35.0,0.666302654116
-15.0,-30.0,0.675208404099
-15.0,-25.0,0.677835403234
-15.0,-20.0,0.6845695155
-15.0,-15.0,0.691775283195
-15.0,-10.0,0.691998340127
-15.0,-5.0,0.692674572097
-15.0,0.0,0.693072262286
-15.0,5.0,0.693319575641
-15.0,10.0,0.690930976637
-15.0,15.0,0.69655886152
-15.0,20.0,0.693435070826
-15.0,25.0,0.684989505116
-15.0,30.0,0.678591208247
-15.0,35.0,0.676490596064
-15.0,40.0,0.675201896559
-15.0,45.0,0.667581811719
-15.0,50.0,0.669517385746
-15.0,55.0,0.673051401463
-15.0,60.0,0.665963686545
-15.0,65.0,0.665981829563
-15.0,70.0,0.662139712243
-15.0,75.0,0.657958554799
-15.0,80.0,0.658775801107
-15.0,85.0,0.655600860031
-15.0,90.0,0.655055374518
-15.0,95.0,0.656949995533
-15.0,100.0,0.658154249644
-10.0,-100.0,0.656075210366
-10.0,-95.0,0.656395611774
-10.0,-90.0,0.655785607713
-10.0,-85.0,0.657091475801
-10.0,-80.0,0.657105959097
-10.0,-75.0,0.657021976371
-10.0,-70.0,0.661002303342
-10.0,-65.0,0.663076230466
-10.0,-60.0,0.660211493098
-10.0,-55.0,0.658273653491
-10.0,-50.0,0.659284137723
-10.0,-45.0,0.656439989236
-10.0,-40.0,0.657270736618
-10.0,-35.0,0.66544752535
-10.0,-30.0,0.669470047899
-10.0,-25.0,0.675381480775
-10.0,-20.0,0.687913966998
-10.0,-15.0,0.693219621746
-10.0,-10.0,0.693676604413
-10.0,-5.0,0.692649637424
-10.0,0.0,0.690585692231
-10.0,5.0,0.6904682823
-10.0,10.0,0.693317728802
-10.0,15.0,0.69704211105
-10.0,20.0,0.695971906831
-10.0,25.0,0.686406610682
-10.0,30.0,0.679006897857
-10.0,35.0,0.674286265079
-10.0,40.0,0.670473867997
-10.0,45.0,0.668042990405
-10.0,50.0,0.671411227528
-10.0,55.0,0.669585902292
-10.0,60.0,0.663727965201
-10.0,65.0,0.663313216278
-10.0,70.0,0.662406407304
-10.0,75.0,0.657603353788
-10.0,80.0,0.656269736588
-10.0,85.0,0.65651820357
-10.0,90.0,0.657439046404
-10.0,95.0,0.65787945927
-10.0,100.0,0.656075210366
-5.0,-100.0,0.656550392525
-5.0,-95.0,0.654922498976
-5.0,-90.0,0.655521571939
-5.0,-85.0,0.655402066586
-5.0,-80.0,0.656261223424
-5.0,-75.0,0.660101483894
-5.0,-70.0,0.660391660206
-5.0,-65.0,0.660628749185
-5.0,-60.0,0.660622601204
-5.0,-55.0,0.655337637331
-5.0,-50.0,0.656152936368
-5.0,-45.0,0.658703501733
-5.0,-40.0,0.660021284728
-5.0,-35.0,0.664189118886
-5.0,-30.0,0.668863732604
-5.0,-25.0,0.676139817633
-5.0,-20.0,0.687727872743
-5.0,-15.0,0.693316912369
-5.0,-10.0,0.694413909071
-5.0,-5.0,0.694681257648
-5.0,0.0,0.694382780829
-5.0,5.0,0.694710767988
-5.0,10.0,0.696975980181
-5.0,15.0,0.698070979044
-5.0,20.0,0.692320619146
-5.0,25.0,0.686471991031
-5.0,30.0,0.679337575164
-5.0,35.0,0.675392375096
-5.0,40.0,0.671397002357
-5.0,45.0,0.667446806166
-5.0,50.0,0.663778065414
-5.0,55.0,0.661963687789
-5.0,60.0,0.661020304071
-5.0,65.0,0.662324586
-5.0,70.0,0.663332269429
-5.0,75.0,0.659942484024
-5.0,80.0,0.66011176874
-5.0,85.0,0.662576644626
-5.0,90.0,0.664802859217
-5.0,95.0,0.661505146375
-5.0,100.0,0.656550392525
0.0,-100.0,0.66086013589
0.0,-95.0,0.658361620222
0.0,-90.0,0.655986948019
0.0,-85.0,0.655584604896
0.0,-80.0,0.659113075677
0.0,-75.0,0.663530519504
0.0,-70.0,0.659754767223
0.0,-65.0,0.658959687226
0.0,-60.0,0.662176070834
0.0,-55.0,0.659652493072
0.0,-50.0,0.660624444571
0.0,-45.0,0.666813828406
0.0,-40.0,0.66690896116
0.0,-35.0,0.664878198961
0.0,-30.0,0.6645778877
0.0,-25.0,0.672124138674
0.0,-20.0,0.684184017098
0.0,-15.0,0.693996548885
0.0,-10.0,0.697997276256
0.0,-5.0,0.695254828979
0.0,0.0,0.697086943657
0.0,5.0,0.694903961583
0.0,10.0,0.695388024879
0.0,15.0,0.696766317785
0.0,20.0,0.691052876782
0.0,25.0,0.683862310957
0.0,30.0,0.678545723896
0.0,35.0,0.676354295039
0.0,40.0,0.676637303502
0.0,45.0,0.673083250843
0.0,50.0,0.66574568545
0.0,55.0,0.659478401055
0.0,60.0,0.657147281209
0.0,65.0,0.657592907534
0.0,70.0,0.662183810167
0.0,75.0,0.663058129402
0.0,80.0,0.66487336095
0.0,85.0,0.666176318924
0.0,90.0,0.664334615496
0.0,95.0,0.663822376681
0.0,100.0,0.66086013589
5.0,-100.0,0.660177459716
5.0,-95.0,0.65826667354
5.0,-90.0,0.656968518014
5.0,-85.0,0.660520649418
5.0,-80.0,0.660971577026
5.0,-75.0,0.661295882105
5.0,-70.0,0.65839731387
5.0,-65.0,0.657354388721
5.0,-60.0,0.657647058277
5.0,-55.0,0.657285972747
5.0,-50.0,0.660575953558
5.0,-45.0,0.663436753946
5.0,-40.0,0.665612696545
5.0,-35.0,0.662557431046
5.0,-30.0,0.661760292886
5.0,-25.0,0.667870088302
5.0,-20.0,0.679234373104
5.0,-15.0,0.692427053489
5.0,-10.0,0.695230472305
5.0,-5.0,0.692497025419
5.0,0.0,0.696135685806
5.0,5.0,0.69112820676
5.0,10.0,0.690108255266
5.0,15.0,0.693858378649
5.0,20.0,0.68923373044
5.0,25.0,0.685560925144
5.0,30.0,0.678867747254
5.0,35.0,0.672614260997
5.0,40.0,0.674698551425
5.0,45.0,0.672359583715
5.0,50.0,0.665293250922
5.0,55.0,0.660628885403
5.0,60.0,0.658283061569
5.0,65.0,0.660617514512
5.0,70.0,0.663576993426
5.0,75.0,0.66171688194
5.0,80.0,0.664391522818
5.0,85.0,0.665655470259
5.0,90.0,0.665130189485
5.0,95.0,0.661853636398
5.0,100.0,0.660177459716
10.0,-100.0,0.659857430506
10.0,-95.0,0.658231939428
10.0,-90.0,0.656007726431
10.0,-85.0,0.660417586539
10.0,-80.0,0.656741400886
10.0,-75.0,0.656083146439
10.0,-70.0,0.658584806331
10.0,-65.0,0.657903831806
10.0,-60.0,0.653606278208
10.0,-55.0,0.653422593383
10.0,-50.0,0.66116315037
10.0,-45.0,0.661615362538
10.0,-40.0,0.663484313047
10.0,-35.0,0.664060820847
10.0,-30.0,0.665032427478
10.0,-25.0,0.672137357803
10.0,-20.0,0.679508827916
10.0,-15.0,0.688808857644
10.0,-10.0,0.694556702584
10.0,-5.0,0.695252467918
10.0,0.0,0.697828647732
10.0,5.0,0.696254594981
10.0,10.0,0.69651036048
10.0,15.0,0.69709738107
10.0,20.0,0.689431995688
10.0,25.0,0.686905691833
10.0,30.0,0.679151465207
10.0,35.0,0.671651827304
10.0,40.0,0.670975076502
10.0,45.0,0.668065111458
10.0,50.0,0.661766295738
10.0,55.0,0.660292476582
10.0,60.0,0.659834660613
10.0,65.0,0.66452269649
10.0,70.0,0.663766729757
10.0,75.0,0.662544394474
10.0,80.0,0.663209779597
10.0,85.0,0.662278439318
10.0,90.0,0.66599971103
10.0,95.0,0.664303388609
10.0,100.0,0.659857430506
15.0,-100.0,0.660428969113
15.0,-95.0,0.660238463223
15.0,-90.0,0.655305344942
15.0,-85.0,0.655714358698
15.0,-80.0,0.65316256437
15.0,-75.0,0.652316088245
15.0,-70.0,0.658783608951
15.0,-65.0,0.657098372486
15.0,-60.0,0.653604219704
15.0,-55.0,0.65420287422
15.0,-50.0,0.661121883802
15.0,-45.0,0.662040455647
15.0,-40.0,0.664217643394
15.0,-35.0,0.667075332598
15.0,-30.0,0.669240850162
15.0,-25.0,0.674817019114
15.0,-20.0,0.678622102007
15.0,-15.0,0.688119971757
15.0,-10.0,0.697318489289
15.0,-5.0,0.696859989529
15.0,0.0,0.696533135164
15.0,5.0,0.695017179605
15.0,10.0,0.695938008466
15.0,15.0,0.695100443539
15.0,20.0,0.686439630253
15.0,25.0,0.680083035862
15.0,30.0,0.674784780354
15.0,35.0,0.668970704029
15.0,40.0,0.667121747545
15.0,45.0,0.663736735564
15.0,50.0,0.661037397997
15.0,55.0,0.657051842683
15.0,60.0,0.65485350173
15.0,65.0,0.657441900761
15.0,70.0,0.659300637503
15.0,75.0,0.659313810731
15.0,80.0,0.659004740783
15.0,85.0,0.658154746305
15.0,90.0,0.662113913605
15.0,95.0,0.660837101636
15.0,100.0,0.660428969113
20.0,-100.0,0.660155168765
20.0,-95.0,0.659843492434
20.0,-90.0,0.653971438823
20.0,-85.0,0.656105487814
20.0,-80.0,0.656589961865
20.0,-75.0,0.655850773858
20.0,-70.0,0.655416163961
20.0,-65.0,0.65260501028
20.0,-60.0,0.65134034309
20.0,-55.0,0.651380271103
20.0,-50.0,0.654318540351
20.0,-45.0,0.656170832844
20.0,-40.0,0.66020148018
20.0,-35.0,0.666614573641
20.0,-30.0,0.665928549042
20.0,-25.0,0.66952724732
20.0,-20.0,0.676185043453
20.0,-15.0,0.683145654749
20.0,-10.0,0.687755025451
20.0,-5.0,0.688326160962
20.0,0.0,0.686390741083
20.0,5.0,0.684328466689
20.0,10.0,0.68544301516
20.0,15.0,0.685898351454
20.0,20.0,0.680927472699
20.0,25.0,0.675438889699
20.0,30.0,0.670757472879
20.0,35.0,0.667869995534
20.0,40.0,0.661603590344
20.0,45.0,0.658760326381
20.0,50.0,0.657543479812
20.0,55.0,0.65261640772
20.0,60.0,0.654286121305
20.0,65.0,0.657354459887
20.0,70.0,0.656759973257
20.0,75.0,0.657893116344
20.0,80.0,0.659339405737
20.0,85.0,0.660229753582
20.0,90.0,0.661160253585
20.0,95.0,0.659562354312
20.0,100.0,0.660155168765
25.0,-100.0,0.655293698032
25.0,-95.0,0.651652899908
25.0,-90.0,0.648364927482
25.0,-85.0,0.653320957139
25.0,-80.0,0.653453779559
25.0,-75.0,0.650821291572
25.0,-70.0,0.650753341589
25.0,-65.0,0.64826844692
25.0,-60.0,0.648006148613
25.0,-55.0,0.646450552154
25.0,-50.0,0.649588409383
25.0,-45.0,0.652342078333
25.0,-40.0,0.654812309369
25.0,-35.0,0.661073076364
25.0,-30.0,0.661783741205
25.0,-25.0,0.666823411291
25.0,-20.0,0.670605674143
25.0,-15.0,0.674771466667
25.0,-10.0,0.678606249499
25.0,-5.0,0.678917904686
25.0,0.0,0.67891979348
25.0,5.0,0.676835168183
25.0,10.0,0.679487198473
25.0,15.0,0.680750743839
25.0,20.0,0.674286814467
25.0,25.0,0.668590861259
25.0,30.0,0.663209930574
25.0,35.0,0.661045187624
25.0,40.0,0.657757679553
25.0,45.0,0.654984910279
25.0,50.0,0.654490656264
25.0,55.0,0.648000118947
25.0,60.0,0.651191363251
25.0,65.0,0.652789783297
25.0,70.0,0.652427062671
25.0,75.0,0.656522719812
25.0,80.0,0.655732966314
25.0,85.0,0.655390738045
25.0,90.0,0.657635151047
25.0,95.0,0.656634218712
25.0,100.0,0.655293698032
30.0,-100.0,0.645268361936
30.0,-95.0,0.64216812809
30.0,-90.0,0.642775367731
30.0,-85.0,0.644058722926
30.0,-80.0,0.640323924523
30.0,-75.0,0.640876241478
30.0,-70.0,0.643109728769
30.0,-65.0,0.644148003721
30.0,-60.0,0.647055888745
30.0,-55.0,0.64128401713
30.0,-50.0,0.642373290969
30.0,-45.0,0.647041233984
30.0,-40.0,0.649166780448
30.0,-35.0,0.653488440588
30.0,-30.0,0.657695873279
30.0,-25.0,0.662672237103
30.0,-20.0,0.666363856449
30.0,-15.0,0.670292085788
30.0,-10.0,0.674660463205
30.0,-5.0,0.672677438535
30.0,0.0,0.673624030702
30.0,5.0,0.672690177958
30.0,10.0,0.675661451873
30.0,15.0,0.67710025169
30.0,20.0,0.669140353132
30.0,25.0,0.660444129193
30.0,30.0,0.65298019981
30.0,35.0,0.650017909329
30.0,40.0,0.648256117421
30.0,45.0,0.648646416857
30.0,50.0,0.648906741214
30.0,55.0,0.644489923667
30.0,60.0,0.646799336534
30.0,65.0,0.647417015935
30.0,70.0,0.646773478774
30.0,75.0,0.64880307605
30.0,80.0,0.646746551858
30.0,85.0,0.64610469159
30.0,90.0,0.648730208075
30.0,95.0,0.645914011422
30.0,100.0,0.645268361936
35.0,-100.0,0.64221489783
35.0,-95.0,0.638448327313
35.0,-90.0,0.637648490887
35.0,-85.0,0.638314000756
35.0,-80.0,0.634695275853
35.0,-75.0,0.636771866484
35.0,-70.0,0.635383982463
35.0,-65.0,0.641003336325
35.0,-60.0,0.646870006354
35.0,-55.0,0.641317684086
35.0,-50.0,0.641985563104
35.0,-45.0,0.64526987416
35.0,-40.0,0.644785609583
35.0,-35.0,0.647282603947
35.0,-30.0,0.652028029327
35.0,-25.0,0.661217227312
35.0,-20.0,0.663448061128
35.0,-15.0,0.667682542406
35.0,-10.0,0.669159595771
35.0,-5.0,0.662595805554
35.0,0.0,0.667666779438
35.0,5.0,0.672978050548
35.0,10.0,0.674130735287
35.0,15.0,0.674161669986
35.0,20.0,0.666790831059
35.0,25.0,0.658680912706
35.0,30.0,0.651570454807
35.0,35.0,0.650743381564
35.0,40.0,0.64758126773
35.0,45.0,0.6422782634
35.0,50.0,0.644940828554
35.0,55.0,0.642021838661
35.0,60.0,0.642721288253
35.0,65.0,0.648808514245
35.0,70.0,0.645596000918
35.0,75.0,0.640736415112
35.0,80.0,0.640469455454
35.0,85.0,0.639949205615
35.0,90.0,0.63743193713
35.0,95.0,0.637293658819
35.0,100.0,0.64221489783
40.0,-100.0,0.64008410602
40.0,-95.0,0.634964904846
40.0,-90.0,0.632242717026
40.0,-85.0,0.633632665276
40.0,-80.0,0.632535651978
40.0,-75.0,0.631872970259
40.0,-70.0,0.628804502926
40.0,-65.0,0.632605732307
40.0,-60.0,0.639664556342
40.0,-55.0,0.642760302686
40.0,-50.0,0.64524494065
40.0,-45.0,0.642253254216
40.0,-40.0,0.637967442089
40.0,-35.0,0.64088112257
40.0,-30.0,0.649034147156
40.0,-25.0,0.658990094081
40.0,-20.0,0.660063742767
40.0,-15.0,0.65953593798
40.0,-10.0,0.660515279624
40.0,-5.0,0.658198094654
40.0,0.0,0.664823508832
40.0,5.0,0.669891077245
40.0,10.0,0.668005607686
40.0,15.0,0.667846352572
40.0,20.0,0.66032420738
40.0,25.0,0.653502151104
40.0,30.0,0.648468757536
40.0,35.0,0.646822630805
40.0,40.0,0.644727091552
40.0,45.0,0.639076692813
40.0,50.0,0.63850480321
40.0,55.0,0.637593142072
40.0,60.0,0.636804786694
40.0,65.0,0.644748015237
40.0,70.0,0.639811207746
40.0,75.0,0.634898454806
40.0,80.0,0.637053594779
40.0,85.0,0.633140877266
40.0,90.0,0.632210661433
40.0,95.0,0.636027586451
40.0,100.0,0.64008410602
45.0,-100.0,0.638856306326
45.0,-95.0,0.635759050068
45.0,-90.0,0.629155070307
45.0,-85.0,0.627147756069
45.0,-80.0,0.625100663824
45.0,-75.0,0.625510926089
45.0,-70.0,0.625749045949
45.0,-65.0,0.628467752107
45.0,-60.0,0.630195542493
45.0,-55.0,0.632858557508
45.0,-50.0,0.636517628513
45.0,-45.0,0.63559267359
45.0,-40.0,0.633271030131
45.0,-35.0,0.639251126111
45.0,-30.0,0.644888439191
45.0,-25.0,0.651312012725
45.0,-20.0,0.653980553336
45.0,-15.0,0.653515816736
45.0,-10.0,0.657259278292
45.0,-5.0,0.660975181728
45.0,0.0,0.667381466003
45.0,5.0,0.666936807784
45.0,10.0,0.6645689407
45.0,15.0,0.666687189389
45.0,20.0,0.65969400381
45.0,25.0,0.654016824595
45.0,30.0,0.64984693937
45.0,35.0,0.643046425678
45.0,40.0,0.63982903594
45.0,45.0,0.635105119617
45.0,50.0,0.631079025772
45.0,55.0,0.63121908582
45.0,60.0,0.636188150443
45.0,65.0,0.640350248598
45.0,70.0,0.636826082654
45.0,75.0,0.633254335755
45.0,80.0,0.633385507254
45.0,85.0,0.631418986793
45.0,90.0,0.63308085209
45.0,95.0,0.637448587611
45.0,100.0,0.638856306326
50.0,-100.0,0.635941850108
50.0,-95.0,0.635017963287
50.0,-90.0,0.629842496189
50.0,-85.0,0.628984468072
50.0,-80.0,0.626341545786
50.0,-75.0,0.626392977084
50.0,-70.0,0.628148044975
50.0,-65.0,0.626026207429
50.0,-60.0,0.625534611977
50.0,-55.0,0.626331687501
50.0,-50.0,0.631439708827
50.0,-45.0,0.634942095177
50.0,-40.0,0.635435500361
50.0,-35.0,0.640740230819
50.0,-30.0,0.643906235743
50.0,-25.0,0.647780979955
50.0,-20.0,0.651003244681
50.0,-15.0,0.652733877591
50.0,-10.0,0.656533358094
50.0,-5.0,0.663534524511
50.0,0.0,0.666616273171
50.0,5.0,0.664312469684
50.0,10.0,0.664379216524
50.0,15.0,0.663264289505
50.0,20.0,0.65643362811
50.0,25.0,0.652018788352
50.0,30.0,0.650639808695
50.0,35.0,0.645460790314
50.0,40.0,0.639531974847
50.0,45.0,0.63328922763
50.0,50.0,0.627769294539
50.0,55.0,0.628008918996
50.0,60.0,0.629425298556
50.0,65.0,0.635416215864
50.0,70.0,0.635500054853
50.0,75.0,0.634158933216
50.0,80.0,0.63317949304
50.0,85.0,0.631309134917
50.0,90.0,0.634264459362
50.0,95.0,0.63434658632
50.0,100.0,0.635941850108
55.0,-100.0,0.631513648199
55.0,-95.0,0.62898712135
55.0,-90.0,0.630271357279
55.0,-85.0,0.633557262731
55.0,-80.0,0.632318094743
55.0,-75.0,0.629493584281
55.0,-70.0,0.627613456134
55.0,-65.0,0.622775189769
55.0,-60.0,0.623015110081
55.0,-55.0,0.624873251253
55.0,-50.0,0.627333526986
55.0,-45.0,0.633853910138
55.0,-40.0,0.635803257705
55.0,-35.0,0.641884697619
55.0,-30.0,0.645149695956
55.0,-25.0,0.642151155612
55.0,-20.0,0.646225951305
55.0,-15.0,0.647992928527
55.0,-10.0,0.652428611104
55.0,-5.0,0.657869572719
55.0,0.0,0.659355777532
55.0,5.0,0.662065312765
55.0,10.0,0.662795817843
55.0,15.0,0.656361054822
55.0,20.0,0.649563623165
55.0,25.0,0.647832998512
55.0,30.0,0.645734258589
55.0,35.0,0.64634872858
55.0,40.0,0.642086598992
55.0,45.0,0.631638299158
55.0,50.0,0.628162422165
55.0,55.0,0.627278799326
55.0,60.0,0.62772046545
55.0,65.0,0.629879887476
55.0,70.0,0.632100401097
55.0,75.0,0.630106650877
55.0,80.0,0.630407849088
55.0,85.0,0.635057714361
55.0,90.0,0.637024769876
55.0,95.0,0.634807412768
55.0,100.0,0.631513648199
60.0,-100.0,0.630349607649
60.0,-95.0,0.629862030264
60.0,-90.0,0.631783407603
60.0,-85.0,0.633766873053
60.0,-80.0,0.628280823898
60.0,-75.0,0.624903906732
60.0,-70.0,0.62504991979
60.0,-65.0,0.623525318903
60.0,-60.0,0.624971248031
60.0,-55.0,0.624363313031
60.0,-50.0,0.625819089607
60.0,-45.0,0.632117376581
60.0,-40.0,0.63520198959
60.0,-35.0,0.640468905996
60.0,-30.0,0.641072123991
60.0,-25.0,0.641323112957
60.0,-20.0,0.644866639899
60.0,-15.0,0.649958859642
60.0,-10.0,0.651865085953
60.0,-5.0,0.652457058919
60.0,0.0,0.653380077257
60.0,5.0,0.659058414329
60.0,10.0,0.661598678202
60.0,15.0,0.654879221198
60.0,20.0,0.651490244567
60.0,25.0,0.648869529536
60.0,30.0,0.645868208545
60.0,35.0,0.646102294198
60.0,40.0,0.641861487705
60.0,45.0,0.634029536968
60.0,50.0,0.62834661554
60.0,55.0,0.627341455529
60.0,60.0,0.629265781298
60.0,65.0,0.629333131811
60.0,70.0,0.628443945054
60.0,75.0,0.626591903013
60.0,80.0,0.627807917313
60.0,85.0,0.631375119633
60.0,90.0,0.635284139686
60.0,95.0,0.632400005979
60.0,100.0,0.630349607649
65.0,-100.0,0.628335032863
65.0,-95.0,0.630703850328
65.0,-90.0,0.627316726304
65.0,-85.0,0.628354686863
65.0,-80.0,0.624258072417
65.0,-75.0,0.619858499809
65.0,-70.0,0.622573734041
65.0,-65.0,0.624095040044
65.0,-60.0,0.623959339496
65.0,-55.0,0.62226353467
65.0,-50.0,0.625795743875
65.0,-45.0,0.629341123799
65.0,-40.0,0.632320846076
65.0,-35.0,0.636024117391
65.0,-30.0,0.640060147529
65.0,-25.0,0.644131106168
65.0,-20.0,0.650835085964
65.0,-15.0,0.652814665327
65.0,-10.0,0.650435685605
65.0,-5.0,0.650753976861
65.0,0.0,0.6534201919
65.0,5.0,0.656634467452
65.0,10.0,0.65722754093
65.0,15.0,0.655157670248
65.0,20.0,0.654815017898
65.0,25.0,0.649278743642
65.0,30.0,0.645172096714
65.0,35.0,0.639142907407
65.0,40.0,0.631729879016
65.0,45.0,0.630877303258
65.0,50.0,0.630632196221
65.0,55.0,0.626097763679
65.0,60.0,0.626464424208
65.0,65.0,0.626079404303
65.0,70.0,0.625767201795
65.0,75.0,0.627223266209
65.0,80.0,0.62528772148
65.0,85.0,0.626206098364
65.0,90.0,0.627679389079
65.0,95.0,0.625954665264
65.0,100.0,0.628335032863
70.0,-100.0,0.628967008524
70.0,-95.0,0.628388523632
70.0,-90.0,0.621311034098
70.0,-85.0,0.62358682793
70.0,-80.0,0.622699337424
70.0,-75.0,0.620364132898
70.0,-70.0,0.623711049618
70.0,-65.0,0.624980317206
70.0,-60.0,0.624035204773
70.0,-55.0,0.621328311322
70.0,-50.0,0.62761890568
70.0,-45.0,0.626963259028
70.0,-40.0,0.627509121337
70.0,-35.0,0.633324234574
70.0,-30.0,0.636668951165
70.0,-25.0,0.64271740717
70.0,-20.0,0.646349578142
70.0,-15.0,0.649233416701
70.0,-10.0,0.646817323258
70.0,-5.0,0.64689508897
70.0,0.0,0.652105107125
70.0,5.0,0.657101373342
70.0,10.0,0.656649469242
70.0,15.0,0.6572022555
70.0,20.0,0.654067902295
70.0,25.0,0.649059799731
70.0,30.0,0.644309472192
70.0,35.0,0.636942617477
70.0,40.0,0.630314911618
70.0,45.0,0.630786994183
70.0,50.0,0.632784496322
70.0,55.0,0.627207859508
70.0,60.0,0.62364780246
70.0,65.0,0.624115981468
70.0,70.0,0.625964408237
70.0,75.0,0.626985467074
70.0,80.0,0.623749781028
70.0,85.0,0.624301728282
70.0,90.0,0.628830032573
70.0,95.0,0.626578670821
70.0,100.0,0.628967008524
75.0,-100.0,0.629848785563
75.0,-95.0,0.629607098127
75.0,-90.0,0.622775210046
75.0,-85.0,0.623786538826
75.0,-80.0,0.624441139785
75.0,-75.0,0.623379918375
75.0,-70.0,0.623775662746
75.0,-65.0,0.627803443874
75.0,-60.0,0.626757732569
75.0,-55.0,0.624961798264
75.0,-50.0,0.630176390126
75.0,-45.0,0.629270904854
75.0,-40.0,0.6296090575
75.0,-35.0,0.636040155259
75.0,-30.0,0.63773486792
75.0,-25.0,0.640933309149
75.0,-20.0,0.643290521036
75.0,-15.0,0.649525850052
75.0,-10.0,0.651955908093
75.0,-5.0,0.650317333884
75.0,0.0,0.652023404555
75.0,5.0,0.655787949906
75.0,10.0,0.659858184146
75.0,15.0,0.656744180772
75.0,20.0,0.648356154073
75.0,25.0,0.643872331941
75.0,30.0,0.64182335942
75.0,35.0,0.63731091714
75.0,40.0,0.634890685571
75.0,45.0,0.633706845442
75.0,50.0,0.630678252113
75.0,55.0,0.626648494
75.0,60.0,0.623126510276
75.0,65.0,0.625359742556
75.0,70.0,0.629813528808
75.0,75.0,0.631855387516
75.0,80.0,0.627439390521
75.0,85.0,0.624392476524
75.0,90.0,0.628373970431
75.0,95.0,0.628835333845
75.0,100.0,0.629848785563
80.0,-100.0,0.633096757432
80.0,-95.0,0.627653494664
80.0,-90.0,0.621037879621
80.0,-85.0,0.623650108359
80.0,-80.0,0.629862692697
80.0,-75.0,0.630993481864
80.0,-70.0,0.626437088711
80.0,-65.0,0.628268747733
80.0,-60.0,0.626465254618
80.0,-55.0,0.621017168283
80.0,-50.0,0.628288326515
80.0,-45.0,0.629765017721
80.0,-40.0,0.628847856477
80.0,-35.0,0.633406825218
80.0,-30.0,0.637049775966
80.0,-25.0,0.641830583326
80.0,-20.0,0.644948742632
80.0,-15.0,0.64670057505
80.0,-10.0,0.651148214915
80.0,-5.0,0.654347821594
80.0,0.0,0.655320090095
80.0,5.0,0.655709599395
80.0,10.0,0.658268832003
80.0,15.0,0.656131849982
80.0,20.0,0.64791572416
80.0,25.0,0.64532512969
80.0,30.0,0.644753125735
80.0,35.0,0.638637193344
80.0,40.0,0.637627364439
80.0,45.0,0.634756252699
80.0,50.0,0.62701260564
80.0,55.0,0.624731891988
80.0,60.0,0.623055808628
80.0,65.0,0.626576716906
80.0,70.0,0.632350785336
80.0,75.0,0.632929610202
80.0,80.0,0.630712463762
80.0,85.0,0.625610473887
80.0,90.0,0.624918923314
80.0,95.0,0.630292945203
80.0,100.0,0.633096757432
85.0,-100.0,0.634231022349
85.0,-95.0,0.628385096495
85.0,-90.0,0.62192705664
85.0,-85.0,0.622043766512
85.0,-80.0,0.627694137703
85.0,-75.0,0.631800882912
85.0,-70.0,0.628498244542
85.0,-65.0,0.628210488596
85.0,-60.0,0.627064384309
85.0,-55.0,0.623803336724
85.0,-50.0,0.626973575482
85.0,-45.0,0.629659478225
85.0,-40.0,0.628183123131
85.0,-35.0,0.631711808766
85.0,-30.0,0.637473575555
85.0,-25.0,0.643451103317
85.0,-20.0,0.646712651847
85.0,-15.0,0.64796616604
85.0,-10.0,0.649533903434
85.0,-5.0,0.65255395706
85.0,0.0,0.656090398899
85.0,5.0,0.653837630465
85.0,10.0,0.653836032372
85.0,15.0,0.656338277146
85.0,20.0,0.65054396896
85.0,25.0,0.646254990762
85.0,30.0,0.646667422817
85.0,35.0,0.644653413979
85.0,40.0,0.642988295411
85.0,45.0,0.64020011526
85.0,50.0,0.626062661424
85.0,55.0,0.620582222042
85.0,60.0,0.622353949985
85.0,65.0,0.626642495977
85.0,70.0,0.631075679679
85.0,75.0,0.629775136963
85.0,80.0,0.630174404379
85.0,85.0,0.625392384111
85.0,90.0,0.62559094659
85.0,95.0,0.632581509919
85.0,100.0,0.634231022349
90.0,-100.0,0.632455376619
90.0,-95.0,0.627417940944
90.0,-90.0,0.623025301065
90.0,-85.0,0.619387228001
90.0,-80.0,0.620313951151
90.0,-75.0,0.624725167047
90.0,-70.0,0.623912559947
90.0,-65.0,0.622637731614
90.0,-60.0,0.627091938451
90.0,-55.0,0.629270816499
90.0,-50.0,0.630091922587
90.0,-45.0,0.633449811297
90.0,-40.0,0.63160952087
90.0,-35.0,0.634903187016
90.0,-30.0,0.638520996415
90.0,-25.0,0.644789661484
90.0,-20.0,0.651492777232
90.0,-15.0,0.652696642819
90.0,-10.0,0.652234411523
90.0,-5.0,0.652598902116
90.0,0.0,0.653798039169
90.0,5.0,0.651138795522
90.0,10.0,0.652237204252
90.0,15.0,0.653703882242
90.0,20.0,0.651552051065
90.0,25.0,0.647786291723
90.0,30.0,0.64381010929
90.0,35.0,0.6412950906
90.0,40.0,0.643058852904
90.0,45.0,0.643001351552
90.0,50.0,0.631110172566
90.0,55.0,0.62399763515
90.0,60.0,0.623435307175
90.0,65.0,0.624527174001
90.0,70.0,0.629311033471
90.0,75.0,0.630204881421
90.0,80.0,0.630855971023
90.0,85.0,0.628508565702
90.0,90.0,0.627152622409
90.0,95.0,0.629798036596
90.0,100.0,0.632455376619
95.0,-100.0,0.631376636008
95.0,-95.0,0.624957139942
95.0,-90.0,0.617948554828
95.0,-85.0,0.617874850803
95.0,-80.0,0.619524205244
95.0,-75.0,0.624060893571
95.0,-70.0,0.622721711023
95.0,-65.0,0.621807837669
95.0,-60.0,0.625891830885
95.0,-55.0,0.627874192989
95.0,-50.0,0.630723987327
95.0,-45.0,0.634019449973
95.0,-40.0,0.634094050919
95.0,-35.0,0.632141907516
95.0,-30.0,0.637967028652
95.0,-25.0,0.646259710187
95.0,-20.0,0.653981781269
95.0,-15.0,0.657031671246
95.0,-10.0,0.656209277194
95.0,-5.0,0.657036786168
95.0,0.0,0.654936188013
95.0,5.0,0.652228992149
95.0,10.0,0.655578312748
95.0,15.0,0.656291297414
95.0,20.0,0.656483302085
95.0,25.0,0.651329374549
95.0,30.0,0.644346424342
95.0,35.0,0.639834400937
95.0,40.0,0.638948030198
95.0,45.0,0.641246248662
95.0,50.0,0.636818181942
95.0,55.0,0.628169199306
95.0,60.0,0.622080148071
95.0,65.0,0.621809600109
95.0,70.0,0.624740005209
95.0,75.0,0.627280991782
95.0,80.0,0.627812332067
95.0,85.0,0.626432504483
95.0,90.0,0.627373010329
95.0,95.0,0.630778846093
95.0,100.0,0.631376636008
100.0,-100.0,0.633381518061
100.0,-95.0,0.625243331283
100.0,-90.0,0.619118728298
100.0,-85.0,0.619484566379
100.0,-80.0,0.617830288179
100.0,-75.0,0.621850493964
100.0,-70.0,0.624427895138
100.0,-65.0,0.6229504917
100.0,-60.0,0.623111553613
100.0,-55.0,0.625630006356
100.0,-50.0,0.632220997059
100.0,-45.0,0.635240572006
100.0,-40.0,0.634624989269
100.0,-35.0,0.636882948353
100.0,-30.0,0.643809604232
100.0,-25.0,0.65247254214
100.0,-20.0,0.657712539239
100.0,-15.0,0.660437656653
100.0,-10.0,0.663682583262
100.0,-5.0,0.663555138449
100.0,0.0,0.657801182745
100.0,5.0,0.656636527126
100.0,10.0,0.657882611482
100.0,15.0,0.656800553033
100.0,20.0,0.652650454381
100.0,25.0,0.648395553512
100.0,30.0,0.64122210237
100.0,35.0,0.637219540446
100.0,40.0,0.638720707455
100.0,45.0,0.642988010932
100.0,50.0,0.639664864689
100.0,55.0,0.630722350407
100.0,60.0,0.624911557731
100.0,65.0,0.62527496421
100.0,70.0,0.623995585451
100.0,75.0,0.626696002651
100.0,80.0,0.626975208643
100.0,85.0,0.62812944901
100.0,90.0,0.627358119107
100.0,95.0,0.629147873435
100.0,100.0,0.633381518061
