-100.0,-100.0,0.461635853326
-100.0,-95.0,0.518806885405
-100.0,-90.0,0.513387949907
-100.0,-85.0,0.50810218678
-100.0,-80.0,0.529812973764
-100.0,-75.0,0.568390335952
-100.0,-70.0,0.619450491215
-100.0,-65.0,0.615895694282
-100.0,-60.0,0.563782101849
-100.0,-55.0,0.524491866091
-100.0,-50.0,0.566314948899
-100.0,-45.0,0.624722074315
-100.0,-40.0,0.65450524759
-100.0,-35.0,0.649567940519
-100.0,-30.0,0.603049983645
-100.0,-25.0,0.550516406278
-100.0,-20.0,0.563533298829
-100.0,-15.0,0.604697545679
-100.0,-10.0,0.589248574719
-100.0,-5.0,0.552496417236
-100.0,0.0,0.49327560051
-100.0,5.0,0.483054042422
-100.0,10.0,0.545508735256
-100.0,15.0,0.571366409879
-100.0,20.0,0.544858520928
-100.0,25.0,0.498995834968
-100.0,30.0,0.508605772818
-100.0,35.0,0.548861726313
-100.0,40.0,0.569325593896
-100.0,45.0,0.530674868357
-100.0,50.0,0.497437283387
-100.0,55.0,0.530668695953
-100.0,60.0,0.560921701918
-100.0,65.0,0.574492432692
-100.0,70.0,0.585059752145
-100.0,75.0,0.570390168701
-100.0,80.0,0.539575175981
-100.0,85.0,0.524002687738
-100.0,90.0,0.495583338547
-100.0,95.0,0.451363082591
-100.0,100.0,0.461635853326
-95.0,-100.0,0.47420310345
-95.0,-95.0,0.486275785987
-95.0,-90.0,0.468580260566
-95.0,-85.0,0.495286208916
-95.0,-80.0,0.518554989131
-95.0,-75.0,0.543906646991
-95.0,-70.0,0.579169830174
-95.0,-65.0,0.578677301845
-95.0,-60.0,0.545954737492
-95.0,-55.0,0.526195457063
-95.0,-50.0,0.567813892411
-95.0,-45.0,0.641199388849
-95.0,-40.0,0.654248959578
-95.0,-35.0,0.616148829929
-95.0,-30.0,0.577864556164
-95.0,-25.0,0.542954537278
-95.0,-20.0,0.550636588938
-95.0,-15.0,0.575454221488
-95.0,-10.0,0.560788454867
-95.0,-5.0,0.531873268789
-95.0,0.0,0.514193087577
-95.0,5.0,0.504215310223
-95.0,10.0,0.540662670074
-95.0,15.0,0.558538317004
-95.0,20.0,0.543691084526
-95.0,25.0,0.533842015487
-95.0,30.0,0.528090029081
-95.0,35.0,0.549300674735
-95.0,40.0,0.567421813448
-95.0,45.0,0.509863201788
-95.0,50.0,0.506469059723
-95.0,55.0,0.542461352726
-95.0,60.0,0.56254968407
-95.0,65.0,0.588999116992
-95.0,70.0,0.565056463661
-95.0,75.0,0.526454181086
-95.0,80.0,0.539394217602
-95.0,85.0,0.544280695151
-95.0,90.0,0.492900313651
-95.0,95.0,0.433770717
-95.0,100.0,0.47420310345
-90.0,-100.0,0.517875591523
-90.0,-95.0,0.507008929118
-90.0,-90.0,0.47383787035
-90.0,-85.0,0.49580885547
-90.0,-80.0,0.502626578333
-90.0,-75.0,0.531922150298
-90.0,-70.0,0.559032002496
-90.0,-65.0,0.566019444541
-90.0,-60.0,0.572578989847
-90.0,-55.0,0.567363703634
-90.0,-50.0,0.577386848533
-90.0,-45.0,0.613191399513
-90.0,-40.0,0.612458498331
-90.0,-35.0,0.58274336357
-90.0,-30.0,0.593138875327
-90.0,-25.0,0.59746531862
-90.0,-20.0,0.582819894492
-90.0,-15.0,0.568415877035
-90.0,-10.0,0.527097657041
-90.0,-5.0,0.519978915207
-90.0,0.0,0.528613654457
-90.0,5.0,0.530715342127
-90.0,10.0,0.555375179797
-90.0,15.0,0.555105848604
-90.0,20.0,0.551750181627
-90.0,25.0,0.597934034914
-90.0,30.0,0.591331838107
-90.0,35.0,0.597037031663
-90.0,40.0,0.612605867099
-90.0,45.0,0.566405889339
-90.0,50.0,0.549407733371
-90.0,55.0,0.580899591734
-90.0,60.0,0.609396819197
-90.0,65.0,0.62898747896
-90.0,70.0,0.588388118345
-90.0,75.0,0.518553233315
-90.0,80.0,0.50980890523
-90.0,85.0,0.528560183612
-90.0,90.0,0.501079572345
-90.0,95.0,0.487867434485
-90.0,100.0,0.517875591523
-85.0,-100.0,0.525846619332
-85.0,-95.0,0.526133662085
-85.0,-90.0,0.52913153277
-85.0,-85.0,0.550698626636
-85.0,-80.0,0.553668113899
-85.0,-75.0,0.574998835674
-85.0,-70.0,0.578001274468
-85.0,-65.0,0.595054415088
-85.0,-60.0,0.62766310708
-85.0,-55.0,0.624644945247
-85.0,-50.0,0.612754627093
-85.0,-45.0,0.619158903391
-85.0,-40.0,0.604040393515
-85.0,-35.0,0.604754576511
-85.0,-30.0,0.646142026734
-85.0,-25.0,0.645083024629
-85.0,-20.0,0.6207931408
-85.0,-15.0,0.5958497908
-85.0,-10.0,0.562803074233
-85.0,-5.0,0.566290484359
-85.0,0.0,0.567001773797
-85.0,5.0,0.556688851472
-85.0,10.0,0.601107201106
-85.0,15.0,0.605852028815
-85.0,20.0,0.61474382013
-85.0,25.0,0.651042520164
-85.0,30.0,0.616567207672
-85.0,35.0,0.611371647394
-85.0,40.0,0.636396074883
-85.0,45.0,0.613951427924
-85.0,50.0,0.603973394312
-85.0,55.0,0.624810725507
-85.0,60.0,0.595211320363
-85.0,65.0,0.612639816486
-85.0,70.0,0.640940243734
-85.0,75.0,0.605532653098
-85.0,80.0,0.56048796157
-85.0,85.0,0.530199232055
-85.0,90.0,0.518068299879
-85.0,95.0,0.502338039646
-85.0,100.0,0.525846619332
-80.0,-100.0,0.516502333965
-80.0,-95.0,0.523480648353
-80.0,-90.0,0.543863135498
-80.0,-85.0,0.58657192825
-80.0,-80.0,0.605630105357
-80.0,-75.0,0.630250416212
-80.0,-70.0,0.624100563263
-80.0,-65.0,0.595535995865
-80.0,-60.0,0.637286338906
-80.0,-55.0,0.68306682019
-80.0,-50.0,0.683525867798
-80.0,-45.0,0.660868300834
-80.0,-40.0,0.62736768478
-80.0,-35.0,0.641287322399
-80.0,-30.0,0.669149798085
-80.0,-25.0,0.652871487816
-80.0,-20.0,0.634483138704
-80.0,-15.0,0.622629084082
-80.0,-10.0,0.614380232816
-80.0,-5.0,0.640004759013
-80.0,0.0,0.648383922918
-80.0,5.0,0.626750726408
-80.0,10.0,0.636207158913
-80.0,15.0,0.635465677493
-80.0,20.0,0.657151128041
-80.0,25.0,0.69429184013
-80.0,30.0,0.665905591618
-80.0,35.0,0.644191793065
-80.0,40.0,0.682926178082
-80.0,45.0,0.663019986764
-80.0,50.0,0.658382440635
-80.0,55.0,0.677004478266
-80.0,60.0,0.613508450766
-80.0,65.0,0.598009415892
-80.0,70.0,0.658793924719
-80.0,75.0,0.666827193791
-80.0,80.0,0.629668917565
-80.0,85.0,0.58541389119
-80.0,90.0,0.553673248239
-80.0,95.0,0.536522780742
-80.0,100.0,0.516502333965
-75.0,-100.0,0.52573871294
-75.0,-95.0,0.537699238693
-75.0,-90.0,0.583276368213
-75.0,-85.0,0.63376141112
-75.0,-80.0,0.672621565338
-75.0,-75.0,0.677191567946
-75.0,-70.0,0.664044930588
-75.0,-65.0,0.636538013092
-75.0,-60.0,0.664181711489
-75.0,-55.0,0.685723349358
-75.0,-50.0,0.686772113031
-75.0,-45.0,0.669973613015
-75.0,-40.0,0.648676137851
-75.0,-35.0,0.645457421198
-75.0,-30.0,0.67277718882
-75.0,-25.0,0.668022088248
-75.0,-20.0,0.657154430552
-75.0,-15.0,0.656436541927
-75.0,-10.0,0.619863187771
-75.0,-5.0,0.637426163076
-75.0,0.0,0.664290202948
-75.0,5.0,0.641271513555
-75.0,10.0,0.645368961714
-75.0,15.0,0.645469373131
-75.0,20.0,0.655637842339
-75.0,25.0,0.697164137981
-75.0,30.0,0.683949000273
-75.0,35.0,0.686547181896
-75.0,40.0,0.710377085576
-75.0,45.0,0.707043205123
-75.0,50.0,0.664381992592
-75.0,55.0,0.659547103787
-75.0,60.0,0.638929384937
-75.0,65.0,0.615855957162
-75.0,70.0,0.660719332072
-75.0,75.0,0.67054388971
-75.0,80.0,0.664841091705
-75.0,85.0,0.618982139749
-75.0,90.0,0.583782939323
-75.0,95.0,0.558593366671
-75.0,100.0,0.52573871294
-70.0,-100.0,0.581889312407
-70.0,-95.0,0.58848907934
-70.0,-90.0,0.621736398787
-70.0,-85.0,0.658352971315
-70.0,-80.0,0.702192403742
-70.0,-75.0,0.695729958087
-70.0,-70.0,0.69928063215
-70.0,-65.0,0.676562634513
-70.0,-60.0,0.66947554432
-70.0,-55.0,0.662408395969
-70.0,-50.0,0.646706886168
-70.0,-45.0,0.670146120508
-70.0,-40.0,0.66622235999
-70.0,-35.0,0.671211527837
-70.0,-30.0,0.646631018152
-70.0,-25.0,0.630078367255
-70.0,-20.0,0.641837148626
-70.0,-15.0,0.659185335614
-70.0,-10.0,0.618101736806
-70.0,-5.0,0.60886657916
-70.0,0.0,0.650154205387
-70.0,5.0,0.614370629195
-70.0,10.0,0.615547923957
-70.0,15.0,0.659414869637
-70.0,20.0,0.66734014432
-70.0,25.0,0.695421646087
-70.0,30.0,0.715735775875
-70.0,35.0,0.677443318411
-70.0,40.0,0.705275633568
-70.0,45.0,0.712369280051
-70.0,50.0,0.660370991258
-70.0,55.0,0.616493946204
-70.0,60.0,0.634285589847
-70.0,65.0,0.641750823827
-70.0,70.0,0.648192745001
-70.0,75.0,0.676811416854
-70.0,80.0,0.668872646678
-70.0,85.0,0.654998234727
-70.0,90.0,0.606019884898
-70.0,95.0,0.595397068808
-70.0,100.0,0.581889312407
-65.0,-100.0,0.658593332328
-65.0,-95.0,0.652179894099
-65.0,-90.0,0.652211785518
-65.0,-85.0,0.659969106138
-65.0,-80.0,0.689176792959
-65.0,-75.0,0.709120184235
-65.0,-70.0,0.705582708395
-65.0,-65.0,0.686662560082
-65.0,-60.0,0.685285802422
-65.0,-55.0,0.663005452331
-65.0,-50.0,0.659939954627
-65.0,-45.0,0.7152221804
-65.0,-40.0,0.721716378522
-65.0,-35.0,0.696662221945
-65.0,-30.0,0.671355122311
-65.0,-25.0,0.638616669863
-65.0,-20.0,0.646781812786
-65.0,-15.0,0.693812839353
-65.0,-10.0,0.662694182924
-65.0,-5.0,0.636955269241
-65.0,0.0,0.660012932986
-65.0,5.0,0.624313615013
-65.0,10.0,0.637455601093
-65.0,15.0,0.669155784829
-65.0,20.0,0.655799925457
-65.0,25.0,0.69978737851
-65.0,30.0,0.729400450833
-65.0,35.0,0.68671587471
-65.0,40.0,0.693605173398
-65.0,45.0,0.707145522175
-65.0,50.0,0.669922038324
-65.0,55.0,0.64438083814
-65.0,60.0,0.661754609957
-65.0,65.0,0.66558441256
-65.0,70.0,0.670932253837
-65.0,75.0,0.681361352482
-65.0,80.0,0.673925390933
-65.0,85.0,0.663295963603
-65.0,90.0,0.629854394327
-65.0,95.0,0.650572582048
-65.0,100.0,0.658593332328
-60.0,-100.0,0.650835159338
-60.0,-95.0,0.662588825383
-60.0,-90.0,0.693611968998
-60.0,-85.0,0.679068126606
-60.0,-80.0,0.67662741192
-60.0,-75.0,0.696886578441
-60.0,-70.0,0.721599816502
-60.0,-65.0,0.704044094594
-60.0,-60.0,0.714426541669
-60.0,-55.0,0.708386999311
-60.0,-50.0,0.70051797404
-60.0,-45.0,0.732619409304
-60.0,-40.0,0.71961779614
-60.0,-35.0,0.702389659485
-60.0,-30.0,0.691874876953
-60.0,-25.0,0.700796027051
-60.0,-20.0,0.691721915444
-60.0,-15.0,0.705765094734
-60.0,-10.0,0.666031270871
-60.0,-5.0,0.651705186035
-60.0,0.0,0.67965858026
-60.0,5.0,0.639502492185
-60.0,10.0,0.671902326353
-60.0,15.0,0.697382977049
-60.0,20.0,0.650080390957
-60.0,25.0,0.694791774352
-60.0,30.0,0.745627119526
-60.0,35.0,0.723314310169
-60.0,40.0,0.715554915804
-60.0,45.0,0.697923485504
-60.0,50.0,0.672932704272
-60.0,55.0,0.686334147903
-60.0,60.0,0.687585987177
-60.0,65.0,0.674472469064
-60.0,70.0,0.696124145441
-60.0,75.0,0.693215205223
-60.0,80.0,0.641869140896
-60.0,85.0,0.639048246127
-60.0,90.0,0.64833650727
-60.0,95.0,0.655836290558
-60.0,100.0,0.650835159338
-55.0,-100.0,0.629052730857
-55.0,-95.0,0.662531985422
-55.0,-90.0,0.657068219001
-55.0,-85.0,0.662176935799
-55.0,-80.0,0.675951052995
-55.0,-75.0,0.721416317417
-55.0,-70.0,0.753823588811
-55.0,-65.0,0.74510452725
-55.0,-60.0,0.743624398364
-55.0,-55.0,0.718782954628
-55.0,-50.0,0.716429032896
-55.0,-45.0,0.740051723755
-55.0,-40.0,0.719983029325
-55.0,-35.0,0.691813602668
-55.0,-30.0,0.709183173855
-55.0,-25.0,0.720217117956
-55.0,-20.0,0.705926442651
-55.0,-15.0,0.696350520747
-55.0,-10.0,0.650022660501
-55.0,-5.0,0.647693776204
-55.0,0.0,0.67827300634
-55.0,5.0,0.663080924352
-55.0,10.0,0.669923651756
-55.0,15.0,0.689143911676
-55.0,20.0,0.663003168483
-55.0,25.0,0.702941878522
-55.0,30.0,0.747674651134
-55.0,35.0,0.750466563976
-55.0,40.0,0.73015022109
-55.0,45.0,0.713267809195
-55.0,50.0,0.689242472006
-55.0,55.0,0.70244103375
-55.0,60.0,0.702616867684
-55.0,65.0,0.676496602024
-55.0,70.0,0.69294646917
-55.0,75.0,0.654025227403
-55.0,80.0,0.627115747856
-55.0,85.0,0.634089580229
-55.0,90.0,0.652828339979
-55.0,95.0,0.639679841665
-55.0,100.0,0.629052730857
-50.0,-100.0,0.593945666041
-50.0,-95.0,0.608240537904
-50.0,-90.0,0.606233062102
-50.0,-85.0,0.646533623881
-50.0,-80.0,0.695228119664
-50.0,-75.0,0.711563610304
-50.0,-70.0,0.731876744509
-50.0,-65.0,0.72848545084
-50.0,-60.0,0.73220545205
-50.0,-55.0,0.717884529231
-50.0,-50.0,0.725788021836
-50.0,-45.0,0.755491340452
-50.0,-40.0,0.737775832888
-50.0,-35.0,0.722698458002
-50.0,-30.0,0.706324862082
-50.0,-25.0,0.713305412262
-50.0,-20.0,0.705923188856
-50.0,-15.0,0.707743749183
-50.0,-10.0,0.678389447274
-50.0,-5.0,0.635577185198
-50.0,0.0,0.672385712659
-50.0,5.0,0.675257830601
-50.0,10.0,0.671269064861
-50.0,15.0,0.679825199071
-50.0,20.0,0.684124575425
-50.0,25.0,0.714632759766
-50.0,30.0,0.745575372397
-50.0,35.0,0.751539672775
-50.0,40.0,0.768167775242
-50.0,45.0,0.763966879437
-50.0,50.0,0.713477481137
-50.0,55.0,0.703246989793
-50.0,60.0,0.712782012238
-50.0,65.0,0.696501014565
-50.0,70.0,0.675779912669
-50.0,75.0,0.643660150348
-50.0,80.0,0.646414879082
-50.0,85.0,0.661807725638
-50.0,90.0,0.631950741656
-50.0,95.0,0.604825802307
-50.0,100.0,0.593945666041
-45.0,-100.0,0.552135406496
-45.0,-95.0,0.557496685517
-45.0,-90.0,0.595315080517
-45.0,-85.0,0.644576836022
-45.0,-80.0,0.692430048289
-45.0,-75.0,0.701791024017
-45.0,-70.0,0.688275308252
-45.0,-65.0,0.707055138372
-45.0,-60.0,0.740370418486
-45.0,-55.0,0.714603371509
-45.0,-50.0,0.737253170272
-45.0,-45.0,0.74886614152
-45.0,-40.0,0.716498772214
-45.0,-35.0,0.720933665947
-45.0,-30.0,0.71334868443
-45.0,-25.0,0.700581538351
-45.0,-20.0,0.725471637136
-45.0,-15.0,0.736752821441
-45.0,-10.0,0.708811004137
-45.0,-5.0,0.672080865888
-45.0,0.0,0.68568467893
-45.0,5.0,0.690483041876
-45.0,10.0,0.698775413484
-45.0,15.0,0.694715130132
-45.0,20.0,0.695307853521
-45.0,25.0,0.729809346549
-45.0,30.0,0.758504737874
-45.0,35.0,0.75933501356
-45.0,40.0,0.759943722375
-45.0,45.0,0.747353924965
-45.0,50.0,0.709788427411
-45.0,55.0,0.689595242104
-45.0,60.0,0.688872161923
-45.0,65.0,0.677740987383
-45.0,70.0,0.666590853735
-45.0,75.0,0.663120556154
-45.0,80.0,0.678262621795
-45.0,85.0,0.662276372126
-45.0,90.0,0.59553994759
-45.0,95.0,0.561380054972
-45.0,100.0,0.552135406496
-40.0,-100.0,0.572496929086
-40.0,-95.0,0.578270600005
-40.0,-90.0,0.59483034523
-40.0,-85.0,0.616882207093
-40.0,-80.0,0.661684790003
-40.0,-75.0,0.702297557282
-40.0,-70.0,0.708835890748
-40.0,-65.0,0.721692489352
-40.0,-60.0,0.729066833999
-40.0,-55.0,0.72981918671
-40.0,-50.0,0.736329674965
-40.0,-45.0,0.724543961771
-40.0,-40.0,0.717060208688
-40.0,-35.0,0.726347133192
-40.0,-30.0,0.72247627687
-40.0,-25.0,0.722771139676
-40.0,-20.0,0.736944892643
-40.0,-15.0,0.739706266991
-40.0,-10.0,0.711934960183
-40.0,-5.0,0.697971106323
-40.0,0.0,0.68409384409
-40.0,5.0,0.685630418741
-40.0,10.0,0.719656655436
-40.0,15.0,0.720583307838
-40.0,20.0,0.697211017284
-40.0,25.0,0.734455580271
-40.0,30.0,0.743500280538
-40.0,35.0,0.743900501688
-40.0,40.0,0.728150676721
-40.0,45.0,0.714843537593
-40.0,50.0,0.732976333044
-40.0,55.0,0.704368297659
-40.0,60.0,0.697161532742
-40.0,65.0,0.681705044989
-40.0,70.0,0.688920490028
-40.0,75.0,0.702891925435
-40.0,80.0,0.710150249992
-40.0,85.0,0.646632260229
-40.0,90.0,0.59754785427
-40.0,95.0,0.606881129683
-40.0,100.0,0.572496929086
-35.0,-100.0,0.619768623092
-35.0,-95.0,0.60837509994
-35.0,-90.0,0.621785662571
-35.0,-85.0,0.598873668049
-35.0,-80.0,0.608653686306
-35.0,-75.0,0.680109792638
-35.0,-70.0,0.70759758206
-35.0,-65.0,0.717446590982
-35.0,-60.0,0.723750860518
-35.0,-55.0,0.736116290015
-35.0,-50.0,0.728515975657
-35.0,-45.0,0.739435401877
-35.0,-40.0,0.739376443361
-35.0,-35.0,0.723302039192
-35.0,-30.0,0.709624260012
-35.0,-25.0,0.715649148504
-35.0,-20.0,0.730680883906
-35.0,-15.0,0.712229336787
-35.0,-10.0,0.71501636573
-35.0,-5.0,0.721597051427
-35.0,0.0,0.678782324858
-35.0,5.0,0.671962586676
-35.0,10.0,0.713398526805
-35.0,15.0,0.710951183074
-35.0,20.0,0.721251322804
-35.0,25.0,0.752502155296
-35.0,30.0,0.744665488596
-35.0,35.0,0.7392924708
-35.0,40.0,0.750444774132
-35.0,45.0,0.731405421088
-35.0,50.0,0.730755651712
-35.0,55.0,0.730856337276
-35.0,60.0,0.72986761182
-35.0,65.0,0.71767888752
-35.0,70.0,0.698282755537
-35.0,75.0,0.703734868799
-35.0,80.0,0.67846442835
-35.0,85.0,0.62586239924
-35.0,90.0,0.600575411949
-35.0,95.0,0.638565883994
-35.0,100.0,0.619768623092
-30.0,-100.0,0.626514193323
-30.0,-95.0,0.607424091598
-30.0,-90.0,0.613627946556
-30.0,-85.0,0.597492909264
-30.0,-80.0,0.609513038246
-30.0,-75.0,0.686226710971
-30.0,-70.0,0.701044306265
-30.0,-65.0,0.666326143875
-30.0,-60.0,0.72015465396
-30.0,-55.0,0.750645905309
-30.0,-50.0,0.726555406308
-30.0,-45.0,0.726022661529
-30.0,-40.0,0.732894476236
-30.0,-35.0,0.70831079083
-30.0,-30.0,0.698162871701
-30.0,-25.0,0.705178557227
-30.0,-20.0,0.728267960087
-30.0,-15.0,0.704142888503
-30.0,-10.0,0.699058485305
-30.0,-5.0,0.694050667253
-30.0,0.0,0.679655952753
-30.0,5.0,0.687624339132
-30.0,10.0,0.689488338109
-30.0,15.0,0.678702748196
-30.0,20.0,0.696705555602
-30.0,25.0,0.739187660728
-30.0,30.0,0.749855904137
-30.0,35.0,0.743598854498
-30.0,40.0,0.725251608177
-30.0,45.0,0.698680753355
-30.0,50.0,0.689118264065
-30.0,55.0,0.723293810308
-30.0,60.0,0.732212309703
-30.0,65.0,0.7107746029
-30.0,70.0,0.69313155787
-30.0,75.0,0.672845012058
-30.0,80.0,0.644265816186
-30.0,85.0,0.618181580102
-30.0,90.0,0.592449096701
-30.0,95.0,0.620919772865
-30.0,100.0,0.626514193323
-25.0,-100.0,0.61784849219
-25.0,-95.0,0.578646301162
-25.0,-90.0,0.57441369294
-25.0,-85.0,0.607128576103
-25.0,-80.0,0.650661161917
-25.0,-75.0,0.705599119751
-25.0,-70.0,0.686146658191
-25.0,-65.0,0.64973237171
-25.0,-60.0,0.715627608823
-25.0,-55.0,0.751044623274
-25.0,-50.0,0.719342184944
-25.0,-45.0,0.716187861754
-25.0,-40.0,0.699377526545
-25.0,-35.0,0.708260290589
-25.0,-30.0,0.704216230513
-25.0,-25.0,0.700565917779
-25.0,-20.0,0.708686954147
-25.0,-15.0,0.689945297522
-25.0,-10.0,0.679356449292
-25.0,-5.0,0.669036598834
-25.0,0.0,0.656360539725
-25.0,5.0,0.693328692998
-25.0,10.0,0.698527275737
-25.0,15.0,0.676140624009
-25.0,20.0,0.667231250031
-25.0,25.0,0.728543471016
-25.0,30.0,0.758809421202
-25.0,35.0,0.731208886957
-25.0,40.0,0.725741829121
-25.0,45.0,0.713675562329
-25.0,50.0,0.694691733354
-25.0,55.0,0.723205588618
-25.0,60.0,0.709555325485
-25.0,65.0,0.669321600533
-25.0,70.0,0.67291526037
-25.0,75.0,0.68404114306
-25.0,80.0,0.675143681132
-25.0,85.0,0.669302232261
-25.0,90.0,0.61034664066
-25.0,95.0,0.600375973517
-25.0,100.0,0.61784849219
-20.0,-100.0,0.568648975319
-20.0,-95.0,0.541473536102
-20.0,-90.0,0.554484602211
-20.0,-85.0,0.60349124099
-20.0,-80.0,0.643160872308
-20.0,-75.0,0.683383259343
-20.0,-70.0,0.680901610274
-20.0,-65.0,0.657421629147
-20.0,-60.0,0.692545586002
-20.0,-55.0,0.730771684055
-20.0,-50.0,0.721857130274
-20.0,-45.0,0.747460180661
-20.0,-40.0,0.707288103374
-20.0,-35.0,0.676950922793
-20.0,-30.0,0.686012710818
-20.0,-25.0,0.667999956309
-20.0,-20.0,0.68671327855
-20.0,-15.0,0.685076332838
-20.0,-10.0,0.685226177135
-20.0,-5.0,0.678188365259
-20.0,0.0,0.665639519052
-20.0,5.0,0.657104661171
-20.0,10.0,0.690234058692
-20.0,15.0,0.684115796637
-20.0,20.0,0.646877673791
-20.0,25.0,0.698229589861
-20.0,30.0,0.743285564448
-20.0,35.0,0.733262139011
-20.0,40.0,0.718220489186
-20.0,45.0,0.703358400409
-20.0,50.0,0.711094447237
-20.0,55.0,0.711226370082
-20.0,60.0,0.699382244195
-20.0,65.0,0.648804673905
-20.0,70.0,0.649648412481
-20.0,75.0,0.67635561613
-20.0,80.0,0.685996014441
-20.0,85.0,0.670626728945
-20.0,90.0,0.627819226267
-20.0,95.0,0.588900917678
-20.0,100.0,0.568648975319
-15.0,-100.0,0.540376483034
-15.0,-95.0,0.538305500531
-15.0,-90.0,0.556104977904
-15.0,-85.0,0.588218400364
-15.0,-80.0,0.615768498461
-15.0,-75.0,0.648985709219
-15.0,-70.0,0.676062883269
-15.0,-65.0,0.66264696042
-15.0,-60.0,0.67280235737
-15.0,-55.0,0.699575068275
-15.0,-50.0,0.71085812686
-15.0,-45.0,0.720576577659
-15.0,-40.0,0.6950882283
-15.0,-35.0,0.662709634493
-15.0,-30.0,0.693565172851
-15.0,-25.0,0.689786505727
-15.0,-20.0,0.688407203323
-15.0,-15.0,0.699235602064
-15.0,-10.0,0.686078897821
-15.0,-5.0,0.681562785556
-15.0,0.0,0.693121583141
-15.0,5.0,0.694974895809
-15.0,10.0,0.717707804353
-15.0,15.0,0.705119610777
-15.0,20.0,0.656161016636
-15.0,25.0,0.658084394264
-15.0,30.0,0.700790491152
-15.0,35.0,0.723931019979
-15.0,40.0,0.696873328955
-15.0,45.0,0.692120397582
-15.0,50.0,0.696928159446
-15.0,55.0,0.66954554095
-15.0,60.0,0.696443479378
-15.0,65.0,0.695424435382
-15.0,70.0,0.685168518314
-15.0,75.0,0.704084394706
-15.0,80.0,0.680827368869
-15.0,85.0,0.658523811629
-15.0,90.0,0.615821544203
-15.0,95.0,0.56897830226
-15.0,100.0,0.540376483034
-10.0,-100.0,0.575125615555
-10.0,-95.0,0.573399001184
-10.0,-90.0,0.57306275304
-10.0,-85.0,0.594041100076
-10.0,-80.0,0.618959569803
-10.0,-75.0,0.668296629146
-10.0,-70.0,0.700937726655
-10.0,-65.0,0.698281309649
-10.0,-60.0,0.710492827131
-10.0,-55.0,0.717573940108
-10.0,-50.0,0.70391455349
-10.0,-45.0,0.694032411565
-10.0,-40.0,0.685258193403
-10.0,-35.0,0.688569165468
-10.0,-30.0,0.702337397305
-10.0,-25.0,0.70609700997
-10.0,-20.0,0.696452213276
-10.0,-15.0,0.703787905666
-10.0,-10.0,0.692032186218
-10.0,-5.0,0.679089412334
-10.0,0.0,0.70315217993
-10.0,5.0,0.721154935574
-10.0,10.0,0.724214006189
-10.0,15.0,0.708702224696
-10.0,20.0,0.690311827853
-10.0,25.0,0.673980638024
-10.0,30.0,0.708725303516
-10.0,35.0,0.715973542373
-10.0,40.0,0.698002924716
-10.0,45.0,0.728204557373
-10.0,50.0,0.714367457493
-10.0,55.0,0.679515662601
-10.0,60.0,0.693519450434
-10.0,65.0,0.696749957792
-10.0,70.0,0.676171504826
-10.0,75.0,0.692769316519
-10.0,80.0,0.66927420818
-10.0,85.0,0.627121630185
-10.0,90.0,0.571936434859
-10.0,95.0,0.540457738661
-10.0,100.0,0.575125615555
-5.0,-100.0,0.618992039011
-5.0,-95.0,0.62149246158
-5.0,-90.0,0.588590534408
-5.0,-85.0,0.583802158269
-5.0,-80.0,0.601245042994
-5.0,-75.0,0.67263940366
-5.0,-70.0,0.70640836913
-5.0,-65.0,0.723442613583
-5.0,-60.0,0.736812597827
-5.0,-55.0,0.708883488475
-5.0,-50.0,0.708274997996
-5.0,-45.0,0.696226499819
-5.0,-40.0,0.688873051786
-5.0,-35.0,0.706784202474
-5.0,-30.0,0.683372298539
-5.0,-25.0,0.666668300815
-5.0,-20.0,0.676284008014
-5.0,-15.0,0.687424626558
-5.0,-10.0,0.683244952815
-5.0,-5.0,0.682959068613
-5.0,0.0,0.680480027401
-5.0,5.0,0.702172591009
-5.0,10.0,0.689430618159
-5.0,15.0,0.693773688073
-5.0,20.0,0.715201018286
-5.0,25.0,0.692116364458
-5.0,30.0,0.702338515226
-5.0,35.0,0.707817244719
-5.0,40.0,0.711921813326
-5.0,45.0,0.731617733943
-5.0,50.0,0.728031969511
-5.0,55.0,0.724572370099
-5.0,60.0,0.718752519971
-5.0,65.0,0.680870437821
-5.0,70.0,0.653715028584
-5.0,75.0,0.663708001631
-5.0,80.0,0.630098559082
-5.0,85.0,0.579189250617
-5.0,90.0,0.549655319923
-5.0,95.0,0.573325149851
-5.0,100.0,0.618992039011
0.0,-100.0,0.627692238899
0.0,-95.0,0.641288684891
0.0,-90.0,0.604634886093
0.0,-85.0,0.58830664188
0.0,-80.0,0.593609185235
0.0,-75.0,0.647371994302
0.0,-70.0,0.694460531277
0.0,-65.0,0.713217052959
0.0,-60.0,0.734307347111
0.0,-55.0,0.70912813348
0.0,-50.0,0.714638707775
0.0,-45.0,0.716166160806
0.0,-40.0,0.718062763465
0.0,-35.0,0.709383470148
0.0,-30.0,0.675088818212
0.0,-25.0,0.652347937621
0.0,-20.0,0.644446666742
0.0,-15.0,0.664121264892
0.0,-10.0,0.662877335805
0.0,-5.0,0.681006239159
0.0,0.0,0.695779611368
0.0,5.0,0.689258777638
0.0,10.0,0.680683856869
0.0,15.0,0.68574059584
0.0,20.0,0.716928000122
0.0,25.0,0.699878533433
0.0,30.0,0.702365575379
0.0,35.0,0.726147710462
0.0,40.0,0.722532392488
0.0,45.0,0.73044099071
0.0,50.0,0.725413597362
0.0,55.0,0.715795198861
0.0,60.0,0.708977602353
0.0,65.0,0.69374556924
0.0,70.0,0.690555424653
0.0,75.0,0.701629248251
0.0,80.0,0.638822423926
0.0,85.0,0.577205778423
0.0,90.0,0.570918233329
0.0,95.0,0.577701265801
0.0,100.0,0.627692238899
5.0,-100.0,0.568454894509
5.0,-95.0,0.593262931975
5.0,-90.0,0.589377752689
5.0,-85.0,0.603267793697
5.0,-80.0,0.640211811665
5.0,-75.0,0.670403250218
5.0,-70.0,0.713611026383
5.0,-65.0,0.710858270199
5.0,-60.0,0.679818076344
5.0,-55.0,0.681293350015
5.0,-50.0,0.708158335151
5.0,-45.0,0.731424651439
5.0,-40.0,0.709526321268
5.0,-35.0,0.703362658176
5.0,-30.0,0.668619689937
5.0,-25.0,0.635999021562
5.0,-20.0,0.633664235448
5.0,-15.0,0.641610883202
5.0,-10.0,0.652611528499
5.0,-5.0,0.695058679268
5.0,0.0,0.712567288219
5.0,5.0,0.697136389359
5.0,10.0,0.702661587267
5.0,15.0,0.704442037477
5.0,20.0,0.717105052215
5.0,25.0,0.731319799725
5.0,30.0,0.717138476191
5.0,35.0,0.710825528624
5.0,40.0,0.723390768947
5.0,45.0,0.737347598313
5.0,50.0,0.730551358659
5.0,55.0,0.713448326114
5.0,60.0,0.693543499053
5.0,65.0,0.670621305922
5.0,70.0,0.681344166551
5.0,75.0,0.684573475558
5.0,80.0,0.643822779364
5.0,85.0,0.632137519564
5.0,90.0,0.60426985389
5.0,95.0,0.553354260826
5.0,100.0,0.568454894509
10.0,-100.0,0.532138294635
10.0,-95.0,0.541032602231
10.0,-90.0,0.574092003128
10.0,-85.0,0.611132285445
10.0,-80.0,0.665538231871
10.0,-75.0,0.689254038393
10.0,-70.0,0.694512856792
10.0,-65.0,0.665634087879
10.0,-60.0,0.661291136518
10.0,-55.0,0.675901225019
10.0,-50.0,0.718744811193
10.0,-45.0,0.74868864607
10.0,-40.0,0.70499128919
10.0,-35.0,0.661904412847
10.0,-30.0,0.627665732775
10.0,-25.0,0.641672418792
10.0,-20.0,0.641054859251
10.0,-15.0,0.640890527217
10.0,-10.0,0.663603922006
10.0,-5.0,0.692479748956
10.0,0.0,0.715644706242
10.0,5.0,0.710470601718
10.0,10.0,0.732929310006
10.0,15.0,0.721559605856
10.0,20.0,0.718738011809
10.0,25.0,0.733438898259
10.0,30.0,0.71035317632
10.0,35.0,0.678201698705
10.0,40.0,0.695712854911
10.0,45.0,0.738740297625
10.0,50.0,0.737063767506
10.0,55.0,0.737510291215
10.0,60.0,0.70486317177
10.0,65.0,0.659329971248
10.0,70.0,0.657529878769
10.0,75.0,0.689159778851
10.0,80.0,0.660755641303
10.0,85.0,0.634819103437
10.0,90.0,0.592291663337
10.0,95.0,0.552737919787
10.0,100.0,0.532138294635
15.0,-100.0,0.537727688354
15.0,-95.0,0.54573015508
15.0,-90.0,0.578421435882
15.0,-85.0,0.606781422588
15.0,-80.0,0.663304449699
15.0,-75.0,0.70703217672
15.0,-70.0,0.672257378121
15.0,-65.0,0.64418443759
15.0,-60.0,0.678545537194
15.0,-55.0,0.687367182143
15.0,-50.0,0.717755789091
15.0,-45.0,0.757625407443
15.0,-40.0,0.712103615338
15.0,-35.0,0.665501379823
15.0,-30.0,0.632693967825
15.0,-25.0,0.661792207519
15.0,-20.0,0.674340330153
15.0,-15.0,0.665126349054
15.0,-10.0,0.678760820946
15.0,-5.0,0.684066942774
15.0,0.0,0.695832074695
15.0,5.0,0.708207057569
15.0,10.0,0.717890659093
15.0,15.0,0.717510383718
15.0,20.0,0.696413877022
15.0,25.0,0.704372902832
15.0,30.0,0.692610783683
15.0,35.0,0.671159688617
15.0,40.0,0.68576716593
15.0,45.0,0.70759291441
15.0,50.0,0.724519240061
15.0,55.0,0.720808757371
15.0,60.0,0.715982735369
15.0,65.0,0.683676471975
15.0,70.0,0.700836960758
15.0,75.0,0.703902662778
15.0,80.0,0.675370344073
15.0,85.0,0.617138851244
15.0,90.0,0.561420408043
15.0,95.0,0.551180807512
15.0,100.0,0.537727688354
20.0,-100.0,0.563988180484
20.0,-95.0,0.558778405056
20.0,-90.0,0.553940196293
20.0,-85.0,0.588265657495
20.0,-80.0,0.663247716995
20.0,-75.0,0.722847536492
20.0,-70.0,0.712969712446
20.0,-65.0,0.674780953952
20.0,-60.0,0.672005571459
20.0,-55.0,0.656128826792
20.0,-50.0,0.687388608144
20.0,-45.0,0.724914223508
20.0,-40.0,0.715027628775
20.0,-35.0,0.691139952746
20.0,-30.0,0.67460179131
20.0,-25.0,0.688507599683
20.0,-20.0,0.696656462765
20.0,-15.0,0.657138280059
20.0,-10.0,0.673951562215
20.0,-5.0,0.681307267245
20.0,0.0,0.685838025153
20.0,5.0,0.701848370828
20.0,10.0,0.731491550843
20.0,15.0,0.722048296328
20.0,20.0,0.700612743469
20.0,25.0,0.681047841922
20.0,30.0,0.687041632951
20.0,35.0,0.702614689133
20.0,40.0,0.708371968195
20.0,45.0,0.722773612822
20.0,50.0,0.717458494388
20.0,55.0,0.715066579682
20.0,60.0,0.726339745884
20.0,65.0,0.739878170305
20.0,70.0,0.718763301265
20.0,75.0,0.681755287288
20.0,80.0,0.646486223764
20.0,85.0,0.591560682133
20.0,90.0,0.566788199446
20.0,95.0,0.564706180163
20.0,100.0,0.563988180484
25.0,-100.0,0.591815301031
25.0,-95.0,0.569755112521
25.0,-90.0,0.544840443435
25.0,-85.0,0.530782796791
25.0,-80.0,0.593998371696
25.0,-75.0,0.679227607998
25.0,-70.0,0.696877238837
25.0,-65.0,0.688276881583
25.0,-60.0,0.678515279737
25.0,-55.0,0.689027251569
25.0,-50.0,0.716775523309
25.0,-45.0,0.723289987266
25.0,-40.0,0.719931152212
25.0,-35.0,0.698810213738
25.0,-30.0,0.680902174095
25.0,-25.0,0.691864734937
25.0,-20.0,0.673536368113
25.0,-15.0,0.664639924724
25.0,-10.0,0.632778655281
25.0,-5.0,0.657255409372
25.0,0.0,0.696332581902
25.0,5.0,0.70204700291
25.0,10.0,0.708896045464
25.0,15.0,0.697124295248
25.0,20.0,0.693409126421
25.0,25.0,0.685410235642
25.0,30.0,0.69509751131
25.0,35.0,0.705873990209
25.0,40.0,0.727497115568
25.0,45.0,0.731754876304
25.0,50.0,0.710207964611
25.0,55.0,0.718656399053
25.0,60.0,0.732547490698
25.0,65.0,0.742207682391
25.0,70.0,0.712895556634
25.0,75.0,0.691896173587
25.0,80.0,0.651617144123
25.0,85.0,0.589393126998
25.0,90.0,0.582947708318
25.0,95.0,0.582801043664
25.0,100.0,0.591815301031
30.0,-100.0,0.57107102861
30.0,-95.0,0.562703396665
30.0,-90.0,0.511391103485
30.0,-85.0,0.468756850662
30.0,-80.0,0.506644705647
30.0,-75.0,0.586747625893
30.0,-70.0,0.645098381671
30.0,-65.0,0.665087300007
30.0,-60.0,0.671961324477
30.0,-55.0,0.69475145402
30.0,-50.0,0.721766140241
30.0,-45.0,0.738984384586
30.0,-40.0,0.732801798804
30.0,-35.0,0.712449392405
30.0,-30.0,0.706251230162
30.0,-25.0,0.693283855337
30.0,-20.0,0.664121772246
30.0,-15.0,0.662880991597
30.0,-10.0,0.6424101425
30.0,-5.0,0.642911860042
30.0,0.0,0.69053335135
30.0,5.0,0.700507418124
30.0,10.0,0.689784215911
30.0,15.0,0.675949348076
30.0,20.0,0.666411326607
30.0,25.0,0.677873899953
30.0,30.0,0.707159211466
30.0,35.0,0.720703332026
30.0,40.0,0.726361216516
30.0,45.0,0.722906257912
30.0,50.0,0.695518943723
30.0,55.0,0.708288281737
30.0,60.0,0.709760992329
30.0,65.0,0.709586717575
30.0,70.0,0.713014924403
30.0,75.0,0.711360886094
30.0,80.0,0.671532347253
30.0,85.0,0.600975052271
30.0,90.0,0.576325072932
30.0,95.0,0.5756869903
30.0,100.0,0.57107102861
35.0,-100.0,0.48306597687
35.0,-95.0,0.48488111196
35.0,-90.0,0.489245607027
35.0,-85.0,0.456414421016
35.0,-80.0,0.482524489131
35.0,-75.0,0.54072569425
35.0,-70.0,0.604657729096
35.0,-65.0,0.650743203282
35.0,-60.0,0.658862422872
35.0,-55.0,0.666589676396
35.0,-50.0,0.705422504602
35.0,-45.0,0.717780550528
35.0,-40.0,0.708006413329
35.0,-35.0,0.714979039616
35.0,-30.0,0.716692369832
35.0,-25.0,0.721196258951
35.0,-20.0,0.687162106543
35.0,-15.0,0.684511711934
35.0,-10.0,0.691453454177
35.0,-5.0,0.67154953818
35.0,0.0,0.698625890368
35.0,5.0,0.715782346015
35.0,10.0,0.702377605166
35.0,15.0,0.707034890558
35.0,20.0,0.694878806455
35.0,25.0,0.668127963007
35.0,30.0,0.710697951842
35.0,35.0,0.738952491514
35.0,40.0,0.71576317118
35.0,45.0,0.688370768823
35.0,50.0,0.674477818719
35.0,55.0,0.684761732647
35.0,60.0,0.688242277202
35.0,65.0,0.6730575257
35.0,70.0,0.686469898396
35.0,75.0,0.683294725799
35.0,80.0,0.62595215611
35.0,85.0,0.56655974008
35.0,90.0,0.5357634254
35.0,95.0,0.510832803688
35.0,100.0,0.48306597687
40.0,-100.0,0.444881571843
40.0,-95.0,0.441197449682
40.0,-90.0,0.448670758018
40.0,-85.0,0.457393081035
40.0,-80.0,0.4824778203
40.0,-75.0,0.521450937669
40.0,-70.0,0.585481906828
40.0,-65.0,0.621458977539
40.0,-60.0,0.643344137104
40.0,-55.0,0.686473537821
40.0,-50.0,0.718489219952
40.0,-45.0,0.710812412853
40.0,-40.0,0.685279374726
40.0,-35.0,0.678465950096
40.0,-30.0,0.695337999953
40.0,-25.0,0.720374181753
40.0,-20.0,0.683380816785
40.0,-15.0,0.694443121128
40.0,-10.0,0.72499003547
40.0,-5.0,0.684398480824
40.0,0.0,0.683023194978
40.0,5.0,0.702072789647
40.0,10.0,0.702716112406
40.0,15.0,0.732634238991
40.0,20.0,0.711361327554
40.0,25.0,0.685483754869
40.0,30.0,0.705411703553
40.0,35.0,0.709797124796
40.0,40.0,0.692489719753
40.0,45.0,0.682515997185
40.0,50.0,0.703335582838
40.0,55.0,0.713804382712
40.0,60.0,0.706810992682
40.0,65.0,0.670512819293
40.0,70.0,0.660452613621
40.0,75.0,0.674422434379
40.0,80.0,0.651968331776
40.0,85.0,0.598327783511
40.0,90.0,0.539257390719
40.0,95.0,0.486884974463
40.0,100.0,0.444881571843
45.0,-100.0,0.450116651421
45.0,-95.0,0.444970167563
45.0,-90.0,0.466297356397
45.0,-85.0,0.500919960034
45.0,-80.0,0.525073400513
45.0,-75.0,0.54044103437
45.0,-70.0,0.578957742155
45.0,-65.0,0.600411795866
45.0,-60.0,0.661595639519
45.0,-55.0,0.712811939809
45.0,-50.0,0.719955463389
45.0,-45.0,0.708014685535
45.0,-40.0,0.691210438473
45.0,-35.0,0.665039369764
45.0,-30.0,0.670495592693
45.0,-25.0,0.707635161068
45.0,-20.0,0.677719064181
45.0,-15.0,0.665805753029
45.0,-10.0,0.678142545512
45.0,-5.0,0.656735866137
45.0,0.0,0.663619681433
45.0,5.0,0.677955718544
45.0,10.0,0.657594704949
45.0,15.0,0.689862527346
45.0,20.0,0.691928638392
45.0,25.0,0.697139071161
45.0,30.0,0.729213717159
45.0,35.0,0.715877560404
45.0,40.0,0.698566245301
45.0,45.0,0.702437441056
45.0,50.0,0.725011705103
45.0,55.0,0.701945376868
45.0,60.0,0.701269364756
45.0,65.0,0.675612994369
45.0,70.0,0.639837633501
45.0,75.0,0.660355196786
45.0,80.0,0.676950648185
45.0,85.0,0.647930948306
45.0,90.0,0.569537719982
45.0,95.0,0.502817441968
45.0,100.0,0.450116651421
50.0,-100.0,0.451889122522
50.0,-95.0,0.452695227024
50.0,-90.0,0.473848740451
50.0,-85.0,0.510989090884
50.0,-80.0,0.551432361059
50.0,-75.0,0.547083982138
50.0,-70.0,0.568819608195
50.0,-65.0,0.613953213354
50.0,-60.0,0.658587116147
50.0,-55.0,0.700748911542
50.0,-50.0,0.707267773042
50.0,-45.0,0.700578405068
50.0,-40.0,0.710720198695
50.0,-35.0,0.665006239892
50.0,-30.0,0.646684766548
50.0,-25.0,0.66992953319
50.0,-20.0,0.677990693386
50.0,-15.0,0.661098737548
50.0,-10.0,0.6425249214
50.0,-5.0,0.654532863684
50.0,0.0,0.673757236505
50.0,5.0,0.676498331147
50.0,10.0,0.65745696737
50.0,15.0,0.671854696129
50.0,20.0,0.700960896554
50.0,25.0,0.713572624434
50.0,30.0,0.750150240487
50.0,35.0,0.747701785176
50.0,40.0,0.741091298965
50.0,45.0,0.726565237136
50.0,50.0,0.718675798568
50.0,55.0,0.685949004262
50.0,60.0,0.68098783072
50.0,65.0,0.678699412795
50.0,70.0,0.6205635369
50.0,75.0,0.605008672223
50.0,80.0,0.63721852264
50.0,85.0,0.60357864761
50.0,90.0,0.544355497566
50.0,95.0,0.489380557656
50.0,100.0,0.451889122522
55.0,-100.0,0.475931507236
55.0,-95.0,0.466868197032
55.0,-90.0,0.474656558603
55.0,-85.0,0.500189026577
55.0,-80.0,0.529927786298
55.0,-75.0,0.565221224622
55.0,-70.0,0.597684641323
55.0,-65.0,0.61686535167
55.0,-60.0,0.630200475284
55.0,-55.0,0.683081252411
55.0,-50.0,0.717526346917
55.0,-45.0,0.718388590156
55.0,-40.0,0.698957190594
55.0,-35.0,0.68143556068
55.0,-30.0,0.653794716527
55.0,-25.0,0.670490308854
55.0,-20.0,0.655606811189
55.0,-15.0,0.622054846274
55.0,-10.0,0.645197450507
55.0,-5.0,0.666837678004
55.0,0.0,0.663113427754
55.0,5.0,0.683725751497
55.0,10.0,0.689107227519
55.0,15.0,0.696269262916
55.0,20.0,0.725808126776
55.0,25.0,0.735234554514
55.0,30.0,0.742801905432
55.0,35.0,0.737152332407
55.0,40.0,0.712154845047
55.0,45.0,0.708114238188
55.0,50.0,0.700193794949
55.0,55.0,0.68271994711
55.0,60.0,0.681049574347
55.0,65.0,0.657719978571
55.0,70.0,0.633017687788
55.0,75.0,0.621009701073
55.0,80.0,0.605536639774
55.0,85.0,0.584011608536
55.0,90.0,0.585919775593
55.0,95.0,0.531321807063
55.0,100.0,0.475931507236
60.0,-100.0,0.54054255878
60.0,-95.0,0.518281021378
60.0,-90.0,0.511195675461
60.0,-85.0,0.507408271324
60.0,-80.0,0.54533361383
60.0,-75.0,0.598731449814
60.0,-70.0,0.622476903608
60.0,-65.0,0.643558240391
60.0,-60.0,0.649428074096
60.0,-55.0,0.695889946525
60.0,-50.0,0.724155883293
60.0,-45.0,0.699081121944
60.0,-40.0,0.675656710988
60.0,-35.0,0.66102341814
60.0,-30.0,0.673513805511
60.0,-25.0,0.65999580645
60.0,-20.0,0.610562199921
60.0,-15.0,0.588227098267
60.0,-10.0,0.627757359752
60.0,-5.0,0.65118489067
60.0,0.0,0.629942016857
60.0,5.0,0.652466277749
60.0,10.0,0.699495784738
60.0,15.0,0.693122878789
60.0,20.0,0.702680506339
60.0,25.0,0.745563233948
60.0,30.0,0.758590215785
60.0,35.0,0.753573976075
60.0,40.0,0.71588967052
60.0,45.0,0.698985598482
60.0,50.0,0.663016998238
60.0,55.0,0.68548889827
60.0,60.0,0.673183038941
60.0,65.0,0.633286889784
60.0,70.0,0.642085618997
60.0,75.0,0.644258097437
60.0,80.0,0.582795549176
60.0,85.0,0.560622005672
60.0,90.0,0.605957393992
60.0,95.0,0.579763979342
60.0,100.0,0.540542558779
65.0,-100.0,0.591818232632
65.0,-95.0,0.595367251501
65.0,-90.0,0.553919507458
65.0,-85.0,0.549552008604
65.0,-80.0,0.595389113399
65.0,-75.0,0.615589933996
65.0,-70.0,0.635915651256
65.0,-65.0,0.66127280642
65.0,-60.0,0.673669626181
65.0,-55.0,0.670621235501
65.0,-50.0,0.675865806471
65.0,-45.0,0.678593463108
65.0,-40.0,0.667424609832
65.0,-35.0,0.653992113716
65.0,-30.0,0.63405853193
65.0,-25.0,0.629269014987
65.0,-20.0,0.627718567919
65.0,-15.0,0.620015670546
65.0,-10.0,0.622421415304
65.0,-5.0,0.62464831029
65.0,0.0,0.637739694883
65.0,5.0,0.649986272069
65.0,10.0,0.699571239834
65.0,15.0,0.702929848978
65.0,20.0,0.700346596997
65.0,25.0,0.739568623065
65.0,30.0,0.755740731019
65.0,35.0,0.753367750737
65.0,40.0,0.755472820906
65.0,45.0,0.73247661942
65.0,50.0,0.697694422156
65.0,55.0,0.700715442447
65.0,60.0,0.690472922996
65.0,65.0,0.650833130146
65.0,70.0,0.653901528049
65.0,75.0,0.661974720734
65.0,80.0,0.587442657683
65.0,85.0,0.541276345235
65.0,90.0,0.585798503774
65.0,95.0,0.593070036768
65.0,100.0,0.591818232632
70.0,-100.0,0.614748265252
70.0,-95.0,0.635151124067
70.0,-90.0,0.599950382216
70.0,-85.0,0.629937691754
70.0,-80.0,0.671443685786
70.0,-75.0,0.680205759435
70.0,-70.0,0.676383095548
70.0,-65.0,0.707190126171
70.0,-60.0,0.699719688953
70.0,-55.0,0.669598173012
70.0,-50.0,0.676744182762
70.0,-45.0,0.693962398866
70.0,-40.0,0.695370284789
70.0,-35.0,0.677494402749
70.0,-30.0,0.616104631352
70.0,-25.0,0.624480046861
70.0,-20.0,0.653522943098
70.0,-15.0,0.653456736899
70.0,-10.0,0.614414271626
70.0,-5.0,0.609559191877
70.0,0.0,0.641806538704
70.0,5.0,0.657665070359
70.0,10.0,0.708102715021
70.0,15.0,0.742153488664
70.0,20.0,0.737031680662
70.0,25.0,0.756201408276
70.0,30.0,0.744467866494
70.0,35.0,0.720402524304
70.0,40.0,0.73359356099
70.0,45.0,0.714766410306
70.0,50.0,0.696493469885
70.0,55.0,0.69842149599
70.0,60.0,0.718983596164
70.0,65.0,0.712040868241
70.0,70.0,0.684648687069
70.0,75.0,0.647101274381
70.0,80.0,0.626959906655
70.0,85.0,0.599565064953
70.0,90.0,0.606830848309
70.0,95.0,0.591351360036
70.0,100.0,0.614748265252
75.0,-100.0,0.620945779599
75.0,-95.0,0.647919001187
75.0,-90.0,0.631218681878
75.0,-85.0,0.654822179678
75.0,-80.0,0.692429807919
75.0,-75.0,0.710508908757
75.0,-70.0,0.709108079458
75.0,-65.0,0.693967265613
75.0,-60.0,0.690010471191
75.0,-55.0,0.686496733943
75.0,-50.0,0.715022646294
75.0,-45.0,0.719325166292
75.0,-40.0,0.713522162729
75.0,-35.0,0.6966060252
75.0,-30.0,0.641702558965
75.0,-25.0,0.631807293563
75.0,-20.0,0.646474073343
75.0,-15.0,0.638335280911
75.0,-10.0,0.606159948627
75.0,-5.0,0.617943309543
75.0,0.0,0.637499515025
75.0,5.0,0.656854859499
75.0,10.0,0.69443584541
75.0,15.0,0.721361714294
75.0,20.0,0.705967574147
75.0,25.0,0.701869094961
75.0,30.0,0.702406638994
75.0,35.0,0.690826755085
75.0,40.0,0.677528114287
75.0,45.0,0.679377792511
75.0,50.0,0.675597090407
75.0,55.0,0.690244143546
75.0,60.0,0.688872573649
75.0,65.0,0.686571294474
75.0,70.0,0.671863667726
75.0,75.0,0.637557415449
75.0,80.0,0.626834672251
75.0,85.0,0.615890537554
75.0,90.0,0.613635544137
75.0,95.0,0.605995697458
75.0,100.0,0.620945779599
80.0,-100.0,0.615739892433
80.0,-95.0,0.640837061672
80.0,-90.0,0.666714556965
80.0,-85.0,0.665161114544
80.0,-80.0,0.675858530748
80.0,-75.0,0.670678162958
80.0,-70.0,0.644368604341
80.0,-65.0,0.646997149537
80.0,-60.0,0.657030958924
80.0,-55.0,0.677135121707
80.0,-50.0,0.727086617134
80.0,-45.0,0.689114564059
80.0,-40.0,0.663879321957
80.0,-35.0,0.685080435392
80.0,-30.0,0.665459845339
80.0,-25.0,0.631309114796
80.0,-20.0,0.624403462737
80.0,-15.0,0.617853646364
80.0,-10.0,0.613055081915
80.0,-5.0,0.598806052299
80.0,0.0,0.602435592825
80.0,5.0,0.621078691624
80.0,10.0,0.653742184072
80.0,15.0,0.682622930848
80.0,20.0,0.649667052605
80.0,25.0,0.639170924656
80.0,30.0,0.663162116265
80.0,35.0,0.644410216572
80.0,40.0,0.617552618324
80.0,45.0,0.638562358955
80.0,50.0,0.65681853411
80.0,55.0,0.660918521598
80.0,60.0,0.639855082932
80.0,65.0,0.639065937751
80.0,70.0,0.665146124552
80.0,75.0,0.658395759431
80.0,80.0,0.633715493238
80.0,85.0,0.590114747008
80.0,90.0,0.581611471203
80.0,95.0,0.610888998589
80.0,100.0,0.615739892433
85.0,-100.0,0.599573424002
85.0,-95.0,0.645609516655
85.0,-90.0,0.681459386998
85.0,-85.0,0.671903544409
85.0,-80.0,0.647168331031
85.0,-75.0,0.612489845771
85.0,-70.0,0.603420082192
85.0,-65.0,0.639182307764
85.0,-60.0,0.624795073979
85.0,-55.0,0.625834448628
85.0,-50.0,0.661275172039
85.0,-45.0,0.650384221463
85.0,-40.0,0.645297179508
85.0,-35.0,0.645144055305
85.0,-30.0,0.622621876345
85.0,-25.0,0.594134410538
85.0,-20.0,0.589000474148
85.0,-15.0,0.604294338544
85.0,-10.0,0.561893187321
85.0,-5.0,0.513491348924
85.0,0.0,0.514258402397
85.0,5.0,0.547914197188
85.0,10.0,0.607137263815
85.0,15.0,0.626565031735
85.0,20.0,0.615794603488
85.0,25.0,0.601565877151
85.0,30.0,0.602440898657
85.0,35.0,0.599135396122
85.0,40.0,0.594368473198
85.0,45.0,0.592323741153
85.0,50.0,0.590885282036
85.0,55.0,0.598006926177
85.0,60.0,0.620543794597
85.0,65.0,0.640508580369
85.0,70.0,0.662437113172
85.0,75.0,0.66926589912
85.0,80.0,0.64350240243
85.0,85.0,0.584592546905
85.0,90.0,0.572871092863
85.0,95.0,0.599245893128
85.0,100.0,0.599573424002
90.0,-100.0,0.539673928114
90.0,-95.0,0.603827554729
90.0,-90.0,0.640373489815
90.0,-85.0,0.617977732263
90.0,-80.0,0.604386507026
90.0,-75.0,0.585909001845
90.0,-70.0,0.601974516221
90.0,-65.0,0.625200316495
90.0,-60.0,0.598151295526
90.0,-55.0,0.582251194135
90.0,-50.0,0.59706537986
90.0,-45.0,0.630559129604
90.0,-40.0,0.666122057863
90.0,-35.0,0.635478030964
90.0,-30.0,0.578956405998
90.0,-25.0,0.573631151091
90.0,-20.0,0.573189612735
90.0,-15.0,0.585880299011
90.0,-10.0,0.549168563422
90.0,-5.0,0.505288100598
90.0,0.0,0.486151952272
90.0,5.0,0.534673843538
90.0,10.0,0.575277813269
90.0,15.0,0.565309567238
90.0,20.0,0.554201906353
90.0,25.0,0.539809810321
90.0,30.0,0.543891949572
90.0,35.0,0.565419557557
90.0,40.0,0.595632298224
90.0,45.0,0.568432180934
90.0,50.0,0.517416186111
90.0,55.0,0.537975666872
90.0,60.0,0.602052207412
90.0,65.0,0.623796282959
90.0,70.0,0.601623718106
90.0,75.0,0.618254910599
90.0,80.0,0.618482603266
90.0,85.0,0.597944133895
90.0,90.0,0.579988075209
90.0,95.0,0.558695260149
90.0,100.0,0.539673928114
95.0,-100.0,0.496835516736
95.0,-95.0,0.551683046486
95.0,-90.0,0.561920572571
95.0,-85.0,0.536204226211
95.0,-80.0,0.55371818792
95.0,-75.0,0.588630422774
95.0,-70.0,0.599774603303
95.0,-65.0,0.616627691403
95.0,-60.0,0.59321045799
95.0,-55.0,0.562693085966
95.0,-50.0,0.584161058388
95.0,-45.0,0.613527936883
95.0,-40.0,0.652429242625
95.0,-35.0,0.644485710411
95.0,-30.0,0.598718026124
95.0,-25.0,0.575000409412
95.0,-20.0,0.577991362846
95.0,-15.0,0.58354534381
95.0,-10.0,0.575694716957
95.0,-5.0,0.541049688545
95.0,0.0,0.506413750947
95.0,5.0,0.52940759657
95.0,10.0,0.557886927194
95.0,15.0,0.552692164594
95.0,20.0,0.524058161279
95.0,25.0,0.521970251214
95.0,30.0,0.528034090827
95.0,35.0,0.572157306863
95.0,40.0,0.608170260348
95.0,45.0,0.568015360522
95.0,50.0,0.521295245647
95.0,55.0,0.545964250139
95.0,60.0,0.593688331313
95.0,65.0,0.607769203598
95.0,70.0,0.584075219165
95.0,75.0,0.579185465227
95.0,80.0,0.559330938609
95.0,85.0,0.547185440086
95.0,90.0,0.560390722109
95.0,95.0,0.514812637154
95.0,100.0,0.496835516736
100.0,-100.0,0.461635853326
100.0,-95.0,0.518806885405
100.0,-90.0,0.513387949907
100.0,-85.0,0.50810218678
100.0,-80.0,0.529812973764
100.0,-75.0,0.568390335952
100.0,-70.0,0.619450491215
100.0,-65.0,0.615895694282
100.0,-60.0,0.563782101849
100.0,-55.0,0.524491866091
100.0,-50.0,0.566314948899
100.0,-45.0,0.624722074315
100.0,-40.0,0.65450524759
100.0,-35.0,0.649567940519
100.0,-30.0,0.603049983645
100.0,-25.0,0.550516406278
100.0,-20.0,0.563533298829
100.0,-15.0,0.604697545678
100.0,-10.0,0.589248574719
100.0,-5.0,0.552496417236
100.0,0.0,0.49327560051
100.0,5.0,0.483054042422
100.0,10.0,0.545508735256
100.0,15.0,0.571366409879
100.0,20.0,0.544858520928
100.0,25.0,0.498995834968
100.0,30.0,0.508605772818
100.0,35.0,0.548861726313
100.0,40.0,0.569325593896
100.0,45.0,0.530674868357
100.0,50.0,0.497437283387
100.0,55.0,0.530668695953
100.0,60.0,0.560921701918
100.0,65.0,0.574492432692
100.0,70.0,0.585059752145
100.0,75.0,0.570390168701
100.0,80.0,0.539575175981
100.0,85.0,0.524002687738
100.0,90.0,0.495583338547
100.0,95.0,0.451363082591
100.0,100.0,0.461635853326
