292.716041543
229.312058998
313.325556075
12.0435434685
150.546592077
90.697483929
227.715163323
119.450745625
27.9342956977
91.3009255599
143.513720233
125.590555531
263.762098039
236.46487384
125.312421391
192.960323621
248.728127705
146.484370118
21.4126293373
356.3510561
131.88214878
359.713843492
31.640158331
221.481339607
282.291894918
149.631101409
277.783762715
186.929133935
86.7649745084
216.693655386
307.917606078
221.996085867
75.6659754559
88.2591864266
63.049015295
49.4760908742
247.548575614
342.598677783
79.508247908
126.116863205
232.741516901
151.728358396
354.634405722
349.091864832
0.14082184864
3.96015391463
357.336946335
317.213167578
25.9505574961
353.225801542
294.519657496
256.308001134
84.1196982559
269.122692673
164.729707607
81.8888169202
141.139725393
277.11387568
237.018386718
106.516495178
286.016858219
45.5747741789
352.452297126
183.4492713
306.569150656
192.163730156
5.56948106531
88.7903494991
25.2118227048
351.25372713
230.017618272
83.0874307574
222.482299912
217.952561728
200.012407261
135.230091997
179.58522716
138.337314344
203.233700589
59.9229890471
78.7761408691
296.584776978
130.386534755
149.387228266
178.700003104
153.494805205
88.7692610662
106.12146434
324.708233515
161.323694863
180.081806841
163.653775018
69.2555708843
159.428072502
18.0906411533
169.555051188
134.895586115
46.1618933298
221.995784954
73.5181841772
283.440315439
103.409825546
53.1280276644
115.845215209
279.088334049
65.1649602773
53.512855517
299.480182513
232.790104029
70.3472680173
358.495466619
227.167182689
50.162867347
177.013121328
300.461654781
133.525803305
252.238543737
27.7421943842
342.905772021
32.3802990072
330.893282408
41.6002380067
100.752547562
348.130879373
227.8966155
84.1459020588
347.769305435
213.390338538
181.121595219
25.6985922141
138.72858068
290.364944474
220.497560532
345.436923839
39.7837937389
236.226824761
21.2688657314
1.44843137386
228.860588438
296.313838552
86.1562636242
100.767144493
32.6061869064
232.220597457
107.32307318
2.14383928425
167.839789351
282.161715608
33.1226661042
2.6504219271
162.841434824
119.257344292
208.885481754
10.5073437132
125.546785686
104.099816736
107.671798158
109.323524884
258.978424345
158.525350523
222.206696542
137.110770843
185.517433607
56.4286645932
296.489429286
299.441247236
359.714433896
58.9714823997
305.569558459
308.239089721
101.333931768
240.908927219
42.7024134415
1.16629139859
248.10233808
348.877408403
5.80573356515
203.382789987
300.602104945
161.972894091
356.937438821
152.883051655
92.5544018271
229.194763071
333.328927403
257.25479095
342.342856466
88.8141387731
284.365013867
233.978326491
141.799246625
46.5681999076
123.011220312
193.745304613
347.304827585
82.4085667616
225.656956436
278.57019689
155.438072927
92.7955294344
158.175036399
142.4226998
193.153383268
132.860237317
319.234627563
285.789629552
49.7011456376
277.951661418
197.485945636
101.073255084
59.7999475545
346.577206629
144.745604014
223.219273395
134.772371709
60.0846637887
99.1999138552
53.8740745713
302.709547335
282.962226342
106.833824225
11.8270574654
47.0296918487
166.201287651
86.2951915214
230.270264931
359.502658492
197.485970976
101.073172318
59.7999475545
346.577245784
144.745555334
223.219273395
134.772311837
60.0846637887
99.199830603
53.8740064504
302.709592909
282.962226342
106.833799801
11.8271400119
47.0297493343
166.201205748
86.2951969709
230.270211025
359.502742826
318.546206551
318.546269761
318.546325593
318.546262383
