96.4301824948
2.16493873747
18.9734310719
239.693045469
32.6498419439
132.027266463
49.8788973411
4.87363650921
246.809568245
127.28369202
47.6795024498
96.0999701795
32.673587407
164.478290694
108.880883792
51.716825568
139.730657525
130.540600156
331.952520205
140.298351133
71.0219281054
218.581992558
327.113762453
175.033419608
80.8570715498
217.335535386
291.637571936
331.933863138
28.5666824309
268.772128767
79.3420367401
299.820616879
330.316364882
314.160091541
275.778353595
92.8571702248
25.3280760576
66.4681029058
39.4326000511
270.29872304
137.148862961
149.984582759
31.7454516297
203.428913353
107.871689009
313.50981561
155.321644906
288.316482109
26.551718339
93.5529475064
95.079943883
85.240284816
282.469075972
178.909625988
264.722412805
60.4116587538
49.0622354468
66.9800887254
189.135246939
263.096861141
248.030117284
323.321750126
67.8781964997
312.10899812
270.988984194
80.8447731039
307.868700036
58.9584867802
112.343757541
89.219353293
347.657865946
353.89353503
149.531946641
304.108446108
108.966696647
22.4503280107
203.388495782
270.873765265
57.4108443464
75.5367604047
284.034780956
158.276159377
357.135061505
252.013973269
354.757978953
12.4540532337
62.9428915131
74.058693452
183.414800787
348.059351546
296.573226258
107.842391288
277.986059294
153.275609976
44.5834149643
150.76764775
194.725103417
213.465868407
163.584137748
252.455257796
189.436901763
298.59911825
263.714929934
231.181610012
35.3864807319
165.898229851
237.02541326
97.7779749879
112.855859812
287.744800144
347.782327464
349.712893547
161.396351782
78.5788287554
17.7917225355
283.384133224
209.46405711
22.1976669107
50.1479654217
199.940292087
342.733300522
13.1167286377
223.514752247
144.602720115
164.531130944
87.7788516922
179.32562677
280.659371147
136.837780378
287.587101987
91.9850981267
263.266222798
89.4375683289
61.9864001235
232.092191026
106.82291674
278.147390606
248.652584394
269.79156076
254.371826218
33.2787594067
131.561694293
227.547891101
166.546235245
333.996898193
195.393990801
56.4092487061
139.087403414
176.046014192
158.752136408
219.531495865
220.221299178
7.37044636494
166.496742469
326.719562678
32.9880202277
148.855273794
126.644228155
211.813030739
324.189864136
314.934527964
8.00870887666
310.953608448
357.481392936
323.301466914
220.04317084
91.0798725484
203.108337506
173.465752585
201.803345575
207.498673484
272.200552883
31.5989497396
145.838326501
11.4550076959
97.9505507869
232.13847306
3.57635278778
347.323079466
4.45545541673
137.545443172
287.345333377
193.060827955
162.166376936
50.7194524977
275.133539539
211.946527006
136.148261912
9.68237257355
192.289303861
148.930774364
39.740155371
334.12016282
286.627858829
63.0658985156
124.244193897
294.615899208
266.378691091
212.319664507
317.929920189
182.122570501
290.518111352
55.2276603526
55.9050800663
310.954742901
15.7697691574
1.44773475033
100.009342858
204.060609536
169.18808038
106.808215739
318.522484492
4.03995175384
315.358380016
337.743168795
50.2984754007
311.135990137
306.057638388
43.7043141851
240.155203092
316.46724765
20.3606320535
161.269556529
249.081512963
72.7846934169
323.993981394
227.590961569
169.188096201
106.808296473
318.522428633
4.03995769556
315.358320755
337.743136852
50.2985402881
311.135926618
306.057570208
43.7042532166
240.155245062
316.467186507
20.3605529858
161.269636399
249.081543075
72.7846684562
323.993913169
227.590961569
66.0795987867
66.0795987867
66.07967588
66.07967588
