106.50585209
259.572551827
126.44548498
56.9950443256
330.088756591
258.429504319
294.809095482
8.58068072312
170.409448016
318.618206044
138.97566967
139.978738918
355.488881166
304.031201974
160.784435513
210.308147457
25.1833569617
305.905257587
239.167139729
295.20433314
351.100445234
265.687660089
243.42574125
256.948096212
61.6655118933
290.639128559
80.0012562718
152.90760614
159.502252283
201.942765722
250.753312077
230.808547509
211.842010048
160.984515533
214.015319233
318.063247146
211.783946423
229.704690354
93.7815213763
124.6200117
222.180546318
339.363257736
8.49822140077
105.829248898
177.076455141
159.650846537
311.159105115
189.993799611
264.220036756
325.187134401
62.272706355
238.826391385
84.8434909399
114.370970682
323.40817918
64.6019824227
331.318112879
120.817355128
42.9826309371
20.1048074812
199.031543852
309.003444923
288.233192216
5.16199230944
214.034233882
279.086046409
115.00652009
150.98754542
217.583288184
90.162096011
261.285211752
196.041397205
66.0920340335
205.604212554
332.288437837
290.115073419
51.037305026
350.925797766
242.562831302
16.1813395175
184.419251257
153.38914196
232.750971381
96.9486746433
236.914878338
170.386286562
209.188882356
295.450643438
31.7686916754
236.624108003
2.97243929278
177.474731212
14.8585058973
231.385876162
354.006294348
19.5592815209
330.217324188
79.6812624967
32.1219479675
14.2407296836
69.8016931169
40.6633293149
334.856483409
159.286771073
218.18116063
339.226439456
90.0630840558
322.127183623
84.644056876
104.445083065
208.554947199
35.3958289015
193.51704474
154.690202351
229.390408454
68.1870953423
316.430846192
224.821272928
160.050233957
293.303610725
114.460233375
33.5242961615
297.82496345
150.300900041
59.600880627
139.777588986
0.23078867035
98.3866972347
129.957772571
283.303781372
27.9905758765
335.641917432
73.0613632169
193.172449247
185.743430412
350.182373376
168.650934302
334.335488982
139.293699674
5.32104099117
323.806534555
339.439145187
270.808058983
324.38279231
91.6799799159
265.432958893
88.7267446685
179.818422163
45.7978630706
195.575185262
300.076345178
238.831112007
325.146247631
50.0552177874
61.3795921768
148.225462781
312.361657156
187.720178437
294.051558306
221.184433621
16.0936069209
120.032089119
28.0489321306
280.394012393
130.006980457
66.5486504886
184.960567293
11.9362505771
272.993297147
114.968450387
247.572170546
81.9069594583
82.2586239706
278.370263017
303.744661762
20.0031122958
259.455128937
316.208985635
359.383780042
222.935048676
107.626267137
229.517007123
5.49623145027
170.342910279
112.423403278
177.407419504
155.98832444
10.6256931487
62.6399701016
270.285776891
87.8480574117
261.298266624
51.2475322123
288.438582567
78.5882978729
92.6702322001
326.247724504
287.448124884
100.462528577
332.365730944
178.187719405
257.280715595
355.911417898
321.272913126
264.787368043
128.567201267
261.887024888
212.918987772
209.008262594
312.631586719
292.80252618
63.3126996315
15.9506900485
42.8188500889
205.916989934
277.687163164
310.221344991
43.8601148368
136.47798458
63.0875386041
113.55859726
195.130544775
3.38624565558
249.778293552
186.324275044
299.14969442
159.162745461
292.802603926
63.3126242789
15.9506900485
42.8187927666
205.916989934
277.687246743
310.221409387
43.8599979627
136.47798458
63.0875386041
113.558563552
195.130463362
3.38641403502
249.778293552
186.324275044
299.1497355
159.16266664
241.741604527
241.741564598
241.741564598
241.741604527
