215.351718194
82.5754609286
244.878696278
137.541622337
300.519865766
225.092479389
235.284609511
329.882651974
44.282819767
159.596508373
263.742586293
37.8820781459
290.762552139
66.5889545798
11.4818312221
75.7260362886
86.3364349939
105.171968933
260.998926933
7.71707705776
101.832573799
275.772508187
309.299310588
208.470901157
95.822691466
133.301779733
190.244756386
108.248112307
23.0522296761
224.077171841
223.429488869
347.716216847
166.387582114
141.37646202
357.40777757
336.36263732
200.009218871
221.972224003
150.663999627
283.216103878
38.7661593089
355.572035874
197.164720799
42.7354487938
225.065747892
119.180476256
322.072251453
264.671422802
351.806412987
302.663060063
7.31823659739
289.101585867
120.622903827
65.6394082305
195.975515781
41.2367884397
277.306583186
99.7492716446
328.144879962
70.9787179333
158.601080939
266.674328849
158.968201904
257.181220494
351.246553679
68.5968526591
312.426471852
150.537831077
132.835739604
203.696577381
289.300253206
274.777488211
75.9365517629
262.807930455
8.64713338171
118.011751874
202.792016523
103.065374579
279.895642944
207.788143702
194.945688682
284.628172392
90.7091337763
296.576517031
262.440896566
216.21754546
270.755006201
44.7914550752
341.508644718
270.674036402
120.269417845
264.005615084
331.031091583
2.4411122706
20.7533499179
115.913595655
51.1438281982
21.8998348479
176.892852348
78.2087857367
171.602051008
192.964549458
289.133271647
174.884772318
228.195499152
70.1546569847
261.729223951
151.808503714
244.299196759
216.350821934
69.2860598222
48.5415175484
90.8157168209
193.311667324
36.5479375202
6.11116845714
49.7484946564
150.084708225
170.305835075
87.3303594822
35.239040288
110.652920695
220.482943694
179.055214532
37.9587459682
267.35138567
9.91788614198
256.085720418
330.335035907
140.632372072
167.86808808
341.238729953
125.231782443
238.621805118
144.04636075
61.4272127253
106.961619168
285.454434269
110.830938331
7.94825037383
141.997809063
278.387471215
341.024728299
159.399076756
336.745054663
190.541005912
144.434182356
151.914681442
81.9660505902
195.121635249
228.514255946
314.086171136
274.978427648
231.198587732
4.94643432876
259.786178808
225.24128835
218.858493096
126.875544005
169.683382169
335.506401555
39.9365538351
113.510103218
21.5350702457
46.4423114919
109.238639173
49.1689344111
302.669072436
318.855703241
239.346107404
150.676174093
354.980764254
297.428601399
187.23082643
324.637698409
6.46158341387
345.194717574
200.006257454
154.466120633
97.5422558374
195.326793293
231.230106639
170.998572916
356.646702917
37.25785023
69.8962139491
218.902646793
106.596184851
186.254014369
213.3194953
345.726161578
322.960500504
212.157921686
320.516274115
7.09772433764
226.454585438
298.0644588
149.434662686
28.7457492717
52.7558461719
133.83446846
106.912592196
136.041742674
274.305785835
76.9902689426
13.798968116
58.0893508241
196.204746401
174.399205798
131.653121999
254.043430782
301.128476242
227.252645594
261.103345852
57.8992882557
339.496448187
150.432271272
286.666588874
262.127010158
312.172632207
124.439590464
81.7581590752
256.269617542
322.419953903
160.683891795
314.361427152
226.167798423
174.399214029
131.653248029
254.043349694
301.128404049
227.25258366
261.103262529
57.8993596989
339.496418647
150.432312888
286.666427286
262.12702171
312.172575586
124.439638159
81.7581469853
256.26963756
322.419887066
160.683971384
314.361368185
226.16785683
160.51730021
160.51730021
160.517328338
160.51724883
