302.660534047
272.009886147
289.266425285
186.236681732
12.2004932342
46.0082451398
68.3984406912
171.293947326
112.318401104
223.232667093
193.306215284
141.735621364
100.026170382
234.747324515
28.1797437278
336.454290448
241.073935471
25.9322663271
84.497837579
78.715493397
158.794016245
190.283744723
16.6794611641
220.860294504
313.257025054
267.639078811
134.469790635
184.222268027
40.1369925655
198.650147058
267.873039959
104.046657479
51.9434477446
333.186961595
134.98552355
11.894113573
160.71813886
138.963443668
258.844789608
359.962048352
41.9051902445
42.5813719264
143.236889812
257.481862996
248.095929818
242.656010433
131.263469717
218.795386354
219.819349645
354.172756032
189.064687342
142.161379203
205.94129985
327.851107708
91.6893456407
271.474119628
299.993899372
33.4534464151
57.9633814786
51.718975257
77.5820981852
178.100299302
74.1638756042
32.2184569335
176.356042692
104.66489155
261.348690739
185.098655229
239.289743434
299.668034283
74.4748235925
16.3381101479
76.6736762298
4.44476800479
208.915234335
167.965027401
230.925897302
172.689031102
163.39326117
204.272569623
146.629757454
206.276649823
126.501527896
68.8908108999
21.7688346392
345.081030314
133.367011534
250.217319323
130.951589204
170.745513286
222.864159513
315.215328555
124.387495615
10.2041430478
56.5447071248
147.098322405
131.327023239
252.997029051
130.655105594
42.8124669367
29.9126085525
2.23043229411
91.8678052777
108.082480057
329.627232733
100.419437223
24.1114361586
52.3114410711
82.035701628
182.156247076
170.986032197
44.9456424949
15.3699704387
120.159683675
325.137764004
36.6187203451
11.8145902827
223.24871789
298.926941085
296.912187641
112.324892238
348.875173449
69.6900714074
56.2528002508
242.910453972
140.480572701
189.346120312
11.5903747899
264.03334578
282.780203478
303.937017381
153.477879779
118.421703559
354.408604833
215.391980718
158.824948526
81.3889455871
341.281124524
101.888076
8.98561341262
133.711113564
96.0587429204
211.47641366
118.076013586
277.019363178
176.663959676
272.954959108
262.950635534
167.938904044
339.11338674
42.2718615533
131.149616342
155.886645826
252.696185952
75.172052509
157.938452917
256.436265556
293.365697184
218.264866413
189.627627166
289.591031163
260.179409691
204.546058467
174.9528221
155.189857507
357.732977034
323.221574255
320.946105561
205.914482153
117.758425708
278.085542907
49.2809278525
306.559173466
327.129037968
55.822320392
58.971793352
227.021785633
347.352414843
4.39037230318
273.296874576
115.457734842
207.977749726
269.100530571
53.2612632123
107.20226068
76.9574454504
210.867526087
255.64652281
183.80581997
36.6103118855
274.608755843
234.576069158
163.946966026
299.859150258
299.660457422
161.815800588
305.884456168
238.33572186
105.121779375
101.193425758
205.957471952
110.061004017
226.303142359
80.4480064798
214.191211377
274.015701844
148.522989641
185.34002315
48.3109695603
160.261391176
305.179438246
261.524461338
310.032010605
278.747637027
350.179096063
176.188465101
355.248495894
320.291267732
251.463879641
216.696555291
142.663106972
278.947895442
276.449154674
327.723867802
138.529208261
89.1392249694
327.387144356
185.340015301
48.3110325403
160.261391176
305.179369313
261.524377923
310.031946029
278.747553671
350.179081678
176.188470707
355.248488908
320.291202852
251.463906452
216.696622913
142.663174027
278.947882324
276.449145202
327.723796497
138.529271454
89.1392237024
327.387073316
156.507349379
156.507426725
156.507460345
156.507382998
