38.0328656563
26.617269866
138.780094588
292.447016013
96.791694313
180.743197834
308.66213956
147.681868556
161.971567638
340.31439509
329.242683804
151.91513042
338.805738913
76.7611992517
51.5372467221
199.409879335
355.716922952
246.638351106
229.405014929
228.467490595
25.9253260566
199.252748659
23.9346652563
222.747592763
240.324703378
36.5570235964
82.058905815
325.721622977
248.760587249
92.1186054788
11.1414367699
308.236876508
13.0791835249
336.820894168
221.548169935
339.786006811
255.446071252
100.853246188
77.2564511851
284.932145149
158.683049205
187.84947649
66.3940217747
301.458488821
200.511557126
307.375453778
85.5115527464
30.8857394592
19.4147022378
124.26527017
326.335428493
141.847757746
355.5571902
262.850092383
357.320102059
136.253603003
260.479646207
311.710980414
152.894555606
41.7007058334
23.6447741727
249.374641292
61.0896202333
314.424175028
332.65820267
272.624980371
247.80670873
242.048291114
181.951428152
157.765356721
166.569125395
177.25614471
275.904161761
218.344751115
75.3571811241
89.7033751426
47.6150469538
246.769426422
76.6361503235
351.052419677
93.32524773
106.946133282
286.994020398
230.237060363
86.7513702993
164.623942898
41.4698673109
95.1931537781
305.303852459
270.464701768
63.6110103203
60.9610253376
203.632944036
28.5201505601
201.35305255
64.6261447091
28.4667700234
121.637525616
353.580848704
304.478317768
324.633393167
216.488481025
79.4099995005
28.2124764823
269.638149958
262.531922741
41.1630184289
43.9981332777
129.627912732
293.941526449
159.696295107
254.078491516
49.1497816286
117.238761516
162.482994481
237.379915879
326.737603255
45.903045358
274.478379239
219.28797456
313.872426002
6.73046130496
250.672540776
263.373346051
191.891689854
84.681499722
301.55224297
19.7159872543
201.224269789
309.799583463
51.1912933751
124.316306341
6.90653666418
7.08242359359
33.5710779621
285.121287581
321.14768745
187.319763782
232.143682277
194.641080322
154.459854738
192.238945601
108.589246635
110.231236729
88.4991990443
224.259339718
244.716553909
350.597338495
332.863834011
163.185444036
62.8055114331
178.361911535
271.694829667
247.723352753
235.859492926
8.11844664845
142.869129342
347.158787716
8.44859191042
344.40401436
23.2609204678
151.675870653
139.939937677
111.800814369
127.668476373
143.745455528
337.423763224
352.043827113
265.49196817
298.420751103
9.88433234982
315.170721034
342.971231523
205.23108192
62.0432708904
274.531254881
241.807654094
140.53616811
107.48331546
133.250930845
296.459661327
74.3601834499
71.0463185921
323.638711365
27.0979201618
211.91439499
106.179919197
356.497332481
108.106963342
71.3074743891
35.4405742291
108.220703947
63.4253687999
185.577573958
139.220024503
108.083720256
221.047191364
295.745202767
193.77882508
125.173190588
212.129305483
12.8966362674
103.075665634
321.296489638
104.658038396
121.07962144
352.152653027
131.825312115
127.569751576
165.22386894
85.2999458411
68.8532346294
112.996506584
212.959097822
21.4246190193
10.3066417788
171.254206428
113.75803534
358.496268236
10.1604518913
213.916748774
66.6973914385
96.4178857915
326.252274003
101.655286057
269.268989474
336.087356964
165.22384743
85.2998617877
68.8531559716
112.99642895
212.959143704
21.424588213
10.3066417788
171.254193605
113.75803534
358.496352544
10.1605349056
213.916678787
66.6974248011
96.4178857915
326.252344129
101.655286057
269.268989474
336.087356964
350.882098181
350.882181452
350.882194816
350.882111545
