279.733441196
51.1193180898
27.1911408998
291.709009611
133.060947149
86.1550616995
218.833207627
66.1472217883
332.178242726
135.993169691
113.985013185
224.375588602
25.3138151599
53.4570109182
96.2886370916
150.391778522
359.590118881
95.8143749795
128.052142113
55.2490961414
289.390193622
336.479724826
104.480790244
220.62464282
322.213201595
184.836985529
322.03956801
9.7547465692
299.154876602
63.7985584969
187.594155719
254.562142143
63.3195170165
172.506315557
6.94979920439
143.080739923
310.297523389
18.9205962427
177.340383276
16.99648824
82.8281588727
73.0851565723
183.23063625
266.980434969
213.576472674
138.509963477
57.1896564408
340.325287525
110.94998085
300.307995681
3.76075447976
330.792171637
232.177134527
231.48943995
159.257376047
31.5117191163
322.311457756
83.128458155
260.427479445
230.450392732
61.2248100102
344.234107484
242.916394952
34.8679040589
184.274957646
142.065101962
225.406104315
8.91261692144
95.1737805963
139.185357119
181.415992858
106.598687055
191.303142872
17.7142149674
94.9308577672
45.0622890486
24.8927885616
264.903038421
138.109266209
131.844290336
20.1317214339
248.976377723
276.169864629
349.022124091
323.108537395
80.1322332223
96.5951997922
2.18646278912
31.4138196763
301.685411702
263.637712081
57.2485557885
296.012984383
10.2244572091
144.90866199
226.047155845
149.385016199
268.574220789
15.9211378069
347.671159825
24.983694593
358.173373287
122.157677889
172.468121369
192.432195
235.941330906
164.923004801
343.470604313
84.4373384227
87.9332972122
185.068681514
242.317956516
303.837090955
23.448043934
332.861193978
245.827613546
274.93449258
222.327074458
38.1384710901
354.139836746
43.7336912025
190.146841921
12.9649982356
117.317981735
245.174367366
34.8041893111
85.9523405472
101.021009361
323.134589079
182.300149358
169.792660506
59.7566937683
58.6843155426
10.0298912972
222.087891261
274.565265161
70.4072016577
192.950871654
92.1332692758
108.570137556
275.436288101
31.9451922159
291.47706888
142.816198592
300.685262953
317.796652683
252.229801236
343.059989848
180.511330726
351.120076461
334.281642539
103.22978961
351.085675874
65.0927417092
57.453551736
213.423948925
51.9824106942
270.98662202
107.000196167
242.382661501
7.75431414375
227.153577539
214.458204844
182.988062179
118.252397804
177.073967695
196.933333638
159.26183645
136.706894108
270.006873466
319.24122417
350.948120782
115.195467754
324.332144859
278.735233071
150.558946292
164.636408458
293.105596654
168.912625042
126.967745433
165.256652332
331.07963866
104.623917354
64.8174734727
1.20576919779
86.8597425624
118.074079416
342.029628725
138.805827695
124.86903285
45.1820069933
28.7683581774
3.29069581962
286.648990899
39.9475681113
227.578216844
215.533305219
315.605607034
223.023579076
319.78571719
86.3521556254
118.905231883
204.937665836
121.246067012
38.4806777465
305.008657448
229.369638764
268.723834357
239.906021376
88.3994135324
242.785416297
297.929466193
286.206907087
230.504091833
177.581761831
255.371734024
142.523134402
232.417342327
251.109954295
350.884399966
348.091669905
139.697358297
210.463791737
92.6312224746
271.714742415
149.125576529
127.014215061
239.905875439
88.3994978364
242.785341297
297.929391679
286.206826101
230.504026753
177.58176539
255.371652421
142.523185716
232.417445202
251.109981599
350.884316694
348.091587383
139.697358297
210.463791737
92.6312263463
271.714739892
149.125648915
127.014265833
111.328880918
111.328911593
111.328911593
111.328880918
