353.460956116
36.075316281
229.955603481
103.538410342
232.914410049
103.16564198
82.0532829916
297.340094916
321.757756062
148.652879248
262.443046398
227.652628513
150.963892388
26.4078480525
273.566381939
28.7945159961
14.7498451119
134.864210459
190.685078149
356.905654732
104.493727018
281.98043126
18.4010966524
351.153874254
219.193682115
317.561677787
253.320498442
15.7076306023
285.884258329
253.881704141
208.076314965
195.121246872
210.272540092
130.294381077
209.907357268
118.714413932
59.100019242
150.254747348
63.0537864674
265.391753625
290.329201621
308.828571407
327.122055173
8.57122905419
11.0775635073
23.9963689367
218.438997167
320.442799985
19.0733010081
44.1631089065
293.481321572
232.675386571
286.397488549
9.81931821791
26.304692356
173.774652632
119.624556993
155.039925759
263.543490638
334.676583304
40.8025793654
297.459762915
182.581246957
132.954510097
352.08202647
168.850934202
81.5865367832
47.8585769554
49.1112032709
12.1572268064
290.388802395
14.8609397583
14.9410084699
214.523045732
240.601663107
348.663016637
249.110997996
129.362536584
352.429230053
241.078352728
108.868011872
322.582308643
168.184343304
162.607560232
101.905658796
143.406219484
306.011695235
11.0475188456
1.68343902603
33.4956656159
23.4462982754
335.631803792
123.238870734
231.697219763
318.743162927
305.142584562
174.65049361
314.451466413
304.809169177
265.211852019
102.397218996
295.641726605
62.2488061607
218.167330258
269.329210842
183.992368296
329.751306023
302.11402737
345.436824981
171.249417451
133.520165805
215.157163066
87.8891185421
346.986423981
309.829608643
110.498241266
65.9166681858
283.633159463
67.4196404248
76.899273502
63.3512272843
330.998329089
134.248813051
221.850944702
148.232402311
120.179193439
13.2173316936
120.953659084
187.475823843
161.615776965
16.7243547395
203.950928763
104.274071347
355.957476537
249.311951349
294.482825123
220.739353152
79.7338055392
62.6064558413
42.4650608233
175.40200198
34.021775172
354.436834784
232.615429156
134.043436024
251.249560618
94.5994444022
148.563720818
75.6053772349
349.009056487
74.6231985832
141.48277372
127.869071724
198.428308067
317.103807406
182.088307129
277.447499656
138.2179098
80.0083011535
72.063547449
282.349530049
196.907968493
34.3125340226
323.196500909
260.75335393
334.812030792
245.944190088
203.713689016
57.2127887364
345.196129919
79.8496532904
17.8014642955
96.2915196256
293.248512025
236.269792291
193.84902109
144.567576502
211.683914376
139.97202805
65.2831576811
104.408378807
183.744524751
331.543757136
93.3465370133
97.3068774442
165.723437161
214.043833381
268.922490056
355.677172856
91.3025275487
234.613636864
63.9407918594
211.101783462
174.564958264
350.198328848
88.8964249302
47.1264245751
309.466390979
154.434867782
356.414390837
227.406002561
301.790510348
264.378360407
277.307012173
257.889823463
322.715359215
258.591563475
325.340405163
140.868087163
260.303194059
170.266479245
215.127251537
76.3249897221
339.10258762
204.305358643
68.5464703269
13.568765758
269.861350027
317.938692905
271.97627824
293.529139655
226.88215764
51.1549776805
64.027827118
18.23737924
279.002515528
242.871314571
260.303110927
170.266464987
215.127251537
76.3249077758
339.10258762
204.305393356
68.5463133397
13.5687459715
269.861349823
317.938755519
271.976281148
293.529139655
226.882099996
51.155030578
64.027827118
18.2374593406
279.002528725
242.871276114
156.479132666
156.479132666
156.479132666
156.479132666
