316.280974786
106.255029794
349.808363848
224.230709897
308.30154867
176.514395981
133.558763103
278.722037047
239.75265296
106.618627122
231.912859657
237.035949372
161.178684393
114.379011432
112.513814418
66.6131957141
327.328705575
142.22249751
138.809618048
65.3975499959
227.734210813
359.006038846
288.653347398
231.122024787
327.349876775
113.629735085
357.904433953
164.787174592
105.145643559
140.916858361
268.022412407
229.831886294
95.793181369
29.5720579857
150.47857583
146.824959343
164.701705459
35.8377688038
169.124157643
292.985105404
204.089278858
158.511686448
223.063883192
336.439064817
45.5779795609
264.284539594
145.430719109
161.122543263
11.799228157
324.736433114
352.046980289
346.355278184
333.237181307
233.8256294
83.8915464136
304.574467132
322.277550518
265.812823106
3.13805988445
314.134884117
336.913655515
229.414193432
7.61313993123
311.81956783
277.633978622
32.0987002562
44.6380415669
186.509370908
96.2847301293
192.361365878
354.366158637
78.7172383421
57.1773219676
35.9444496093
80.9115685137
227.480170527
49.8776988145
290.556420314
73.8909442202
163.056948452
13.6010449257
39.9608284055
224.834154256
97.8295423061
22.5887450142
124.952973095
31.2098854851
239.393675524
165.346462374
100.94798884
131.183862389
121.003835368
321.623874414
125.281131481
207.085415713
79.8930153382
76.7306574787
232.571715767
220.657410765
145.870241339
181.891937574
286.87332569
183.036200764
210.533863427
29.0014492761
84.3967470079
144.159146465
50.6632856383
7.39170802266
292.858467787
79.1819437544
230.147899271
82.127978886
13.8536029726
110.18480278
246.832620828
55.4540288809
39.0577931197
353.815035861
23.5741229525
123.699865381
201.748130813
276.518283929
3.99743825093
181.71904546
93.2225278149
273.749512038
155.822291477
283.129125598
326.170581296
210.828832135
24.6104314362
316.835898033
334.83952471
343.14808361
270.426917655
244.663247069
161.898370503
124.680614553
338.26023213
89.4868877287
188.957134101
254.305260385
188.053089395
35.8280925115
132.729928598
87.9996273456
197.106271052
90.209156157
342.313263224
41.0116858114
92.0035799219
223.525505228
123.478485137
182.344631913
190.9344176
171.947062646
279.741562439
38.5876168299
11.8095658834
220.110717354
7.08998344058
105.931928833
215.624146437
11.5611072855
320.04290512
50.0915811143
69.8628252396
86.4184074606
220.762334256
337.806436439
11.8234392621
264.385733173
277.800929305
319.553766927
187.352757105
216.774006417
49.2105612526
152.890859631
352.797213377
197.041567828
16.0813409513
273.359504967
318.786528844
145.356928195
7.21774014025
87.2046390388
106.145600847
330.553692327
36.9455816543
115.860873631
238.043981855
152.150202925
100.082043661
220.919112171
149.248107855
99.2095505522
70.9673859809
41.5297289316
80.6212277751
166.722382781
224.383829324
104.505182994
15.83442717
260.17212713
284.052341327
247.824517477
98.2583300871
347.232072678
167.483681104
23.4561666463
26.5880394558
340.80923753
274.932633162
267.51769321
255.529360814
332.104526601
326.884375012
113.174083801
48.200554516
246.812737482
299.010058536
107.731572312
136.28005729
133.35373704
66.3845977393
276.498427717
98.2584135494
347.232054039
167.483699381
23.4562002165
26.5880772027
340.809209807
274.932549137
267.517608952
255.529279153
332.104487143
326.884304374
113.174116989
48.2004983033
246.812770689
299.010017636
107.731597997
136.280118243
133.353794937
66.3845639543
276.498418172
302.836714474
302.836668742
302.836597881
302.836643612
