300.234731336
11.4968384857
35.5687367693
337.922306352
346.854799694
337.760439077
96.6469877756
217.096730878
128.920085595
107.541811553
38.6976294184
69.1750213407
61.8017957273
25.4774644297
250.782604703
301.365108565
233.313143417
53.7155794271
246.563927356
40.5370371244
261.842214972
124.929202139
244.777519751
92.15143534
316.981499752
4.98588168226
273.159936191
51.921210717
110.694657402
154.811979173
260.525393483
177.589782498
240.837795947
145.026579238
269.640216172
320.639234651
287.848418866
64.488018546
294.652401841
91.3954081648
220.287232212
321.265766089
151.200360143
127.234876955
155.512156398
323.706757426
282.62251601
161.027325678
326.225786767
329.020188801
52.5863400877
315.17672921
20.6791445923
251.614303424
157.31972378
337.328832213
14.9793709134
204.007239853
290.121196342
329.331209575
5.92993528163
159.95703467
353.478954543
61.8085159785
176.103833815
49.5882056722
48.2855561739
291.326015154
101.818787286
290.607314636
254.143921209
164.634840292
123.432100605
12.1940301096
161.771428302
187.105378982
290.857428496
213.39548174
33.4734069182
206.340448044
277.535754712
278.804639873
342.753777208
160.226790719
91.4218988122
188.171590601
249.985578839
305.470949461
155.158557636
145.115538069
56.5499876616
186.951381335
145.306553329
6.73127181132
280.237658022
47.9121682976
107.033704155
334.063697822
258.567128083
216.602917489
97.2293541527
312.648137355
216.108579259
109.410786881
27.513366159
336.91467841
341.977774708
187.312446348
290.9724769
35.4274321035
179.383316216
314.139572965
306.172907257
58.0950364168
329.012790623
207.95361146
245.681255087
281.431992473
283.558538447
314.40887034
113.691122835
107.621389416
336.684087454
240.706798534
62.4287490246
43.3619548269
201.31300427
335.811174323
231.290557647
187.655865736
23.5550865282
169.187707601
245.062362172
349.927443496
66.4994536729
117.316180674
74.4992185687
333.338370671
127.639546168
227.968238883
225.822263847
356.930775969
194.533800843
218.055777656
135.79116842
79.7584891969
38.6751790589
181.934636159
223.087023096
55.8585895859
6.19259887575
5.3742338692
83.7758820254
7.02106819406
98.4480789891
165.626517442
285.194772505
209.79330394
179.048973057
255.150244693
22.6898614171
118.614952487
137.948056717
15.1461040005
271.748618828
225.333340463
199.942813955
166.755317386
90.6615539055
185.610373447
302.859826611
49.8109696632
242.030467431
268.181221039
185.843932303
67.4069185221
122.179801529
42.9259412117
213.218470276
230.59371848
241.941691593
304.048828788
20.1491190332
343.609138932
185.516229264
358.615389797
105.1123808
306.654686026
102.583631733
32.6962465667
103.015192687
268.952834395
331.158574858
187.414664087
136.913028807
93.0696462398
47.5670237491
301.439522519
283.076166619
143.352904245
40.1110203829
153.238265654
170.464422515
354.262284401
192.396532873
74.1618078058
230.454375762
83.4914765854
348.928630578
23.9913466797
85.3293075837
7.01878786452
65.7312238992
113.949738485
165.918607844
302.570837249
124.541666632
32.1513505862
258.291553011
98.0981497991
248.044674041
304.656951849
308.171768686
181.344116974
279.189310507
358.038275779
248.697555731
23.991380971
85.3293916406
7.01879817007
65.7313007831
113.94981556
165.918628363
302.570766176
124.541736102
32.1513954667
258.291570126
98.0981616796
248.044705574
304.65690389
308.171716564
181.344201287
279.189297039
358.038275779
248.69758637
65.3436853473
65.3436501641
65.3437268118
65.3437619949
