304.172495154066
285.905925918553
286.865381702126
300.133283968776
288.96616749817
308.440899724412
314.129758288859
314.909326101935
276.83136027548
320.997256534688
312.934613717798
306.788901936266
327.17747873784
315.036087244092
349.040180919469
352.062651795842
332.212345126478
300.893605286379
356.776318844225
334.679335401812
343.837108513632
321.344065084402
331.107381833347
282.220374883251
304.245285572063
302.960859104982
356.297308826927
326.399891127039
318.887085613215
297.302173190001
338.8792556153
311.203607856236
285.292969700561
341.724876270761
335.097276873785
315.945473894149
299.191843400944
347.115114503369
321.46686475479
328.103658404567
338.578547828679
351.309172052053
351.452515127362
285.398354579679
313.257532237812
305.363110051295
279.912913624186
320.956013083128
309.553442256727
346.107764103621
329.917133959263
325.088602248196
317.556241872873
335.536177931678
313.722638280062
324.751792036735
347.433479986393
312.6830047004
353.638767822744
354.2250580969
355.232803124931
274.071162698179
320.571500636606
313.412989875222
293.961659327019
318.40652678526
307.489294159885
287.094091828978
321.418950969292
323.228378421411
285.60394660051
318.27529808487
323.32740280603
281.277483900023
310.502601784159
293.663174508247
306.224928237595
315.130740006705
280.704449183745
319.096965612905
357.712242641815
331.615838453886
333.317795879225
334.754822018406
297.81649988603
296.169049216328
279.818963928277
300.47751297603
273.335694013513
336.779393075621
275.655702433671
295.912767099133
300.133676717052
287.960562412007
339.930657744581
277.605986959719
328.634608373264
313.940648410362
339.03506973907
341.532894183707
297.543916818612
323.135156888764
349.009349753794
304.568101906229
291.049988808679
318.232280790201
308.901118360857
356.210892320942
293.023448357381
358.535636090278
283.613245558022
318.252498204184
322.401340568637
293.479238889857
291.254989778949
343.142422517726
358.627214869711
349.83162432296
340.758164359015
355.939794075976
278.027788994962
318.212201756337
342.785557974843
331.67037855502
293.290076065471
289.979863186742
357.616173350435
273.039441633195
349.775163749778
310.647641390628
290.154603874892
303.418507111294
307.913959594389
307.209203710409
309.381303877695
343.070573635656
280.320666274168
343.077847138849
296.852868954441
342.553848305358
292.774712411916
327.333740022686
317.404856598142
327.737418115339
356.414420060726
275.510305999462
301.241181497225
312.603531728566
328.916153729387
326.067055747293
322.939095795397
292.778451684858
276.082731751439
309.303708026256
284.514872165102
286.216766365056
300.844630225548
320.303895283557
338.696650472391
300.573292706548
306.784253593244
279.606825637032
335.217394447212
280.131081041501
303.652622902318
301.56065148321
345.053467771895
289.005889308258
334.873395119392
342.767709005733
283.592997424085
320.830870217548
302.433214620836
351.379051714819
326.816047909748
294.271456319166
330.47415115947
297.698980594952
347.004404948114
293.95352680505
347.042422457026
337.707971891332
297.389659890773
297.358549320333
305.328786134932
272.560443641457
329.270044034642
325.509522768732
311.131571121723
286.894824543385
311.926226993043
350.278243632628
299.736911393003
274.439348169054
352.505638328669
305.071538695377
277.267533178192
313.035661637792
307.005939067209
277.242146863554
332.725086058873
312.38634899177
332.786327653989
325.1856275633
314.945524758453
322.936509756941
320.290426121401
315.09860230433
314.899806607831
338.274744928808
344.757435384088
327.255270254578
316.241212851212
351.329105297741
332.677015953662
324.031541450648
338.008752397057
316.809791935964
344.43484360171
326.402830885002
1.86073332982194
0.788762819477192
0.356647479940782
0.733693244634418
13.2579180462584
0.796241336671301
272.415038906528
271.382176962155
269.937841533252
268.535495081315
269.488793274595
270.872163738537
269.428400847632
302.953420350463
291.237229078562
282.236242416951
307.168541658568
274.728356264944
313.166198649724
0
315.000021627155
270
0
