318.324325857
319.298691389441
314.237427906033
321.644471994376
332.705612702242
305.12607642638
315.458832455851
335.410874731324
349.883348554576
314.630047936195
314.238123529633
291.187345762511
280.738681487607
313.420825850421
274.649636306419
325.632119513604
300.668306348196
293.250946543898
337.72114089658
356.132558578366
309.54103457638
341.933897098178
303.5099521856
312.83686784536
294.017345112615
325.852861453121
299.995666201495
276.916247574189
293.281384585931
288.209937665213
301.144073097639
294.231991765412
303.181000739339
286.252139154456
316.961678346467
321.619174735845
320.463790894274
272.961735359239
284.293675602356
318.823554268577
344.226192245685
345.956449361136
322.668814721571
277.905750536182
309.932232193584
278.193999618831
312.672503122891
299.142311682745
330.8595114827
294.701623112639
290.102948957238
312.702022944941
352.474316957306
328.532784043943
349.252933185063
353.40432200856
322.443423226834
297.034896792554
312.604378368929
288.721262075567
326.144029855982
338.396541760001
286.632761747662
325.199944224807
342.595578926485
322.303560359205
354.836811414849
333.259809284117
348.989212423522
331.413323428521
327.7401564942
318.086185355149
282.441787871744
319.173218453204
308.291752769825
299.092212517087
351.201366284005
297.598284975229
325.122001692678
275.327758212436
334.172574274818
338.818489879136
316.150243623247
341.736062138497
305.332779843728
338.45207879531
276.613067254605
351.633591399923
323.3739046633
334.572821071418
349.831146355846
342.308901339455
293.409938278793
320.028031338
287.540449899898
314.95125941604
332.888700374401
322.672001999756
310.026864101738
311.088630264151
318.779176535004
313.656581882729
336.622637706788
353.074404393084
290.798625358273
304.905334145942
295.985563167596
310.155389232709
333.673049366075
304.44272394507
333.864108682539
276.82185696312
317.860630072178
315.625662922156
306.388488354448
334.15362304978
315.904692481874
328.163592547471
318.332064207836
351.120917836109
317.293389070457
308.604651022097
330.164271117129
310.907590047742
302.495589665962
308.283990285322
315.926994218777
273.830342707033
342.595925685556
282.42553226183
355.678503726869
313.772152749042
340.465655731525
338.860337331903
308.38082433842
328.204354227111
346.25642040106
322.07984730006
282.994849378194
284.536886994532
291.849189881646
278.504268536931
332.94893993849
287.659454366264
312.475416459988
318.443322310824
302.100725611571
282.822877946515
345.835600064316
314.773023413161
293.626032121218
306.08779353382
323.181168966599
340.784308285412
354.847379829442
300.886974288725
335.287740234871
349.342354910831
308.423990286689
282.951065117562
311.478825954237
345.404050732558
308.544271042395
354.890201942302
317.519814760359
313.609506198264
299.611914936408
337.772718126718
325.955778958559
329.043327457623
342.885312038959
343.059753126505
330.794349427403
307.902064730236
315.664191826554
353.908456261153
305.646429243528
310.270336223352
325.8690280273
329.705060854696
289.016444091891
304.889902691705
346.369611707953
349.152273955561
291.348727198473
328.328478082356
327.769481168102
284.758157779025
282.345679466173
297.467629020979
341.206633450917
308.74385539024
290.08082013834
323.181563801001
296.532327369429
311.91527263884
277.257344007356
288.374610014328
334.442231365921
288.316966522586
299.453383729417
336.760186213475
357.239116608235
321.659703364352
297.2045821338
302.412629796442
280.671757290108
319.566126135004
299.517925138598
305.597597445377
320.177839095678
346.247300460452
349.245217139914
278.515027092909
349.852914254896
325.59483950831
320.393787136575
330.182042529156
334.829871907891
344.397951646285
357.947706753928
0.108251263991056
358.917454981056
347.784808065331
359.96077001029
355.104019942053
270.768127315843
270.782138256378
271.650425591442
271.742611081755
272.431709726477
272.697922459799
295.557294982505
306.061043763933
310.293752691894
275.394399224335
301.44763566728
288.857447500525
0
315.000005872284
270
0
