340.822595299977
314.975065315862
299.366804642814
306.596609508191
322.416486225251
342.58833724834
296.068605346414
287.823490752034
322.781806987823
298.953035954767
329.642581903891
335.914354939214
293.376331609597
305.511968907455
303.144406721934
347.100737152435
311.702491325175
307.30035915229
319.357582270817
292.371290483191
322.600770854398
304.322250033264
284.994052068534
314.853032935454
279.397967020869
295.658302639262
314.185136155463
288.542282344084
306.741353306743
318.256050873417
316.645973312839
301.845644681278
303.643427615092
311.021794028206
288.99675866009
333.315170861712
279.91220070978
287.263726203166
281.007336086953
302.90153411532
293.282852400956
313.538332655548
291.358428835824
320.332816158872
331.961421770635
322.794521229682
343.510375012125
317.880816586059
312.995568555839
350.672352414959
334.998739168362
282.654614065129
338.562779916838
288.43149665222
336.856002090762
329.380045306762
291.380531618477
326.498668872437
352.491575741017
356.232597412995
342.115145270318
308.813199547684
295.141173629239
328.307251433623
316.775094174177
352.273202577716
301.872188806485
328.822172236138
291.443051430769
334.658283998012
301.720897416934
344.860019041479
304.736664144933
278.304971924114
310.933927265993
312.744492653336
312.264792212066
296.480899602229
321.566162975775
334.854017639386
305.837337232137
346.910703798595
322.563604369229
318.167177420863
296.217291899707
338.356128422234
316.494776253998
355.177447861525
274.028016163057
315.258728516445
283.28392744633
322.293831394422
297.983785625207
315.588171700709
307.544923367221
282.90845419353
305.307203622679
307.914401574197
333.031450599816
327.58179345532
276.669889564257
326.986468740664
324.878868950764
318.543670824296
273.566869045292
311.636243450358
324.433636841829
320.896478261607
325.198680634066
341.057677998467
298.195598784588
293.322214983301
300.199573378698
339.814866280116
353.123006070634
343.592406104223
283.849776847086
276.348412286125
310.080533638175
328.881734663102
335.417376361504
306.58302502029
352.083147656953
329.052089320822
297.491511804675
346.117716445223
311.688476444027
351.331942534198
357.069845227726
292.376195298754
328.92357732698
318.113895068333
330.71392620375
287.071969219255
274.774294918674
299.574351121003
274.689157828674
317.109570831341
340.827105411243
282.951910865474
299.222625105197
331.940848868907
299.281690908483
342.655093735402
312.288385452714
280.8579268609
287.404342159543
286.222426490282
324.109867361568
276.262793062935
333.37827450767
306.240297508994
306.174117036242
279.687867347287
297.636918922969
350.345916808584
295.585629843873
313.28034381796
333.884462477837
289.934469803559
287.614710363027
352.933294835685
302.38035554023
315.563446050284
315.894747947468
350.951772804988
348.055941203947
304.381816281406
284.892342685529
339.714698550095
324.274699082033
308.229583498146
319.920930600208
309.093776962311
339.01502903263
324.644105667806
346.411129258343
344.793933345369
316.961115008075
307.731228980545
354.953771614846
274.771501254665
326.39012444849
289.883611389193
309.83346603475
326.919455427415
274.39277764444
331.120314748608
280.01802330765
283.747701793685
348.318336205006
316.609421375344
353.807284369606
312.929993590574
279.216522760709
330.639982794945
310.675273280854
345.598471451974
299.942088773837
285.107349796108
327.619131516407
341.662027003564
318.436131401564
337.126702136754
340.302242150511
293.817867657424
319.198622131834
310.855698786273
310.171487371403
320.218400987283
332.415566561576
276.656985137796
344.03892484003
320.806839315554
329.529534783381
338.288134597973
349.528681964307
317.6924609268
325.334801342615
355.000899263606
358.907355166387
355.913399404529
358.964503264852
358.52728725893
356.718336486257
348.904815072971
270.024364137147
270.134823282237
271.27859360786
272.268850071247
270.529482463364
269.554655235716
266.300470863972
299.701385760811
280.621245926482
304.058077001045
309.303270842693
290.274153387015
274.853689079155
0
315.000236322244
270
0
