275.432293597636
341.460484361518
326.210529822886
282.396939161544
279.598295422723
314.269203609271
314.147491017142
328.904430788805
314.670791493437
273.616376993385
315.087368173544
280.152483567491
307.687040769015
302.816838899851
295.308761532664
298.2136888042
350.754739717959
352.775295772976
334.038287184096
319.856507986878
315.580719796141
355.052610033207
317.124308289432
326.780906968625
312.618744777424
339.272921310211
301.662292482071
330.26824946631
319.185373815037
295.529210309093
350.658618184113
349.63534881214
330.916079423152
311.725798335093
324.270120160617
331.716449742317
341.737933700464
310.464157029446
292.638475271398
304.132860002905
327.943355635002
319.650672552877
291.206978434287
319.940610436839
297.249175202183
282.043123683327
327.538955784575
300.414636286083
315.448461383886
297.049635301709
293.757898133554
287.079542463083
285.236654277334
315.782047856648
304.381420176638
323.511534745944
307.085022976195
314.81808614251
318.051102794556
314.732918513592
304.290121601751
324.275027864566
308.461441669692
350.427611015284
317.816919093127
316.690101399568
308.079597093567
324.202805186306
275.384308058489
323.665967661094
327.744920507551
302.387880699218
343.304696407457
274.847431206372
337.758607081809
332.696874895843
311.70591151487
341.565600496598
275.119292629466
317.260922019378
337.247534658641
331.900903147732
352.804541527782
354.854647145085
343.9957000491
325.289407484777
323.738788081576
342.410829560468
311.065842040271
336.793363929363
346.829488181198
300.305499027716
349.438695250989
333.401708423573
303.556764350735
338.618389883798
288.398081219788
335.873069083342
316.717594563993
275.455421209048
349.099217458866
277.778456061176
316.620014193659
308.048937524284
288.080352921643
327.386450078316
309.227409931409
346.239918283485
307.426413048589
305.830496340398
280.750369092358
334.384170812422
321.914304338552
303.680868204591
320.473254818036
285.181471195896
349.555724463221
345.174623358762
288.806900524777
323.526711690415
307.156881475909
311.472560137469
315.853129384596
325.765426954874
311.81048764487
310.735409899815
300.154235949705
342.130282777525
320.704321798203
318.022232879716
275.920951715284
294.148886005765
281.237865462085
280.01927531887
330.626586400173
297.519552100234
306.074004354997
292.333927420352
288.990562582502
324.019544868047
326.229600454619
353.085932179696
304.132918242603
302.585843173519
293.968784179578
312.305476597691
314.543194136326
334.279136550996
336.538312547435
281.912079872747
354.760412445825
357.443169476216
294.958254063889
320.440067036792
334.064619018212
321.432360425885
301.019335567816
320.248020922091
297.120606658134
341.719901814804
330.339261802744
357.340011379687
323.838923391316
309.547482687884
296.523066172809
327.402232413623
290.814133359764
288.504753442345
286.286088927216
318.485997430029
347.504005520591
282.976068965976
291.250050230399
338.46181870982
338.321715998578
337.180977340615
291.053502470169
356.445267663289
285.629755303711
300.423719660026
285.695463619701
320.610888600548
279.416085120766
298.062891529132
289.809494873817
304.84898159285
283.524120299474
332.128595751957
340.954624572976
349.132965793718
294.289468722136
353.228765936808
332.294282633892
299.780066412072
292.069643090528
338.821644576211
273.64526471016
345.287220235086
331.96245306531
287.526824546678
342.125985014704
324.956400842031
282.276338354709
314.807878506879
320.218553187366
297.912078770706
346.496571495326
311.086537887032
310.20820946619
310.327298354987
312.939637375209
354.960927868036
322.511851685059
336.027416348847
348.801921433673
341.266673544191
328.161930242421
355.556668225265
319.60507379828
358.994527806075
358.34581974949
0.592644158748987
359.836836969497
0.248763157236767
356.702118857779
359.159414549234
270.717436767919
273.017895417472
276.476035929052
270.519007417565
270.621182363885
277.351671865016
271.67875237079
280.907182808318
290.428272188419
301.474936895148
308.156534338529
312.382474160604
274.747429192588
294.266969180617
0
314.99970882271
270
0
