286.475736685853
336.603940151866
305.76837685361
305.477328188823
353.783923708458
340.570646471285
303.914680916784
348.734285056839
273.499937764244
282.912727761091
344.853117730316
298.006850992802
313.15424910873
355.917289121293
320.075245965986
340.443834232378
356.787959064778
271.608594664678
346.548955735224
317.475009281823
327.255595307207
312.843438121708
294.122270518977
297.643077250772
338.880323644825
319.438880983519
312.025846901037
316.163397499254
327.91200293361
288.502026263172
306.18434810327
333.90409981331
277.193842202574
290.030322185061
341.285828447384
283.23076070094
300.349578722089
309.789942978602
316.525028162383
337.064604033052
312.866607451345
338.971240699779
319.000240079889
358.161713715975
344.142002083196
335.744076050257
354.182258015878
288.849884808696
320.926364135966
315.687971756243
302.050877445679
279.755530233648
297.954097218442
294.909228840955
279.914232508801
327.869220218087
272.174477497362
331.219499734241
333.280166361904
340.688491811566
339.660095138211
330.269752439029
319.163017198912
270.780755403248
321.791713567446
317.136753944979
344.05951780896
275.239571584497
288.860203417221
313.758939409828
306.958882434853
318.744835717575
351.877368310303
286.607991861593
355.019028499073
291.962762250991
323.840447154219
318.515429135244
323.573730804898
279.616565211771
309.239787065706
294.656780832449
309.305149234494
309.283016818133
334.813959539701
302.73523638381
337.54900859849
327.525261975019
329.635146507902
332.642156105844
284.559456732577
300.089417461375
305.325082616865
307.100341792999
282.914739566716
310.25606180147
296.27671079867
278.149633772396
274.963462787311
311.47705639045
349.327544669786
325.685545130342
285.254421913457
358.212853203801
301.152236916181
356.871801841659
353.2183448158
277.506230110878
311.833571745617
275.895437548317
316.564044141648
324.598778603559
310.892188958912
306.231621529062
293.97929042403
358.306966862596
283.98687530789
317.902308446578
325.204865400407
290.819351859678
306.124841325981
322.382776024303
289.935804642917
328.136894669554
341.904826456075
304.893790991955
313.127078466117
344.562321859723
321.400280058668
354.115187870805
349.9768966608
324.661899857819
283.360492287616
275.599643240215
275.968652150368
338.240839455009
326.785122886188
271.694264896718
341.613572270073
288.788328674493
303.41901537531
299.43100892777
299.270470790602
308.807670935915
321.527694502879
324.968369899343
310.741273834907
343.45551896091
346.95070112324
348.563854673374
310.75568630531
316.496061814554
272.844936856343
303.448910298693
287.361109446329
333.340797191785
292.736353689077
317.82811227318
352.488833755025
327.091232138553
314.376503841785
312.187548773193
346.450463571883
315.582480616615
337.852303184258
333.42217800151
319.675826550565
299.831666574256
323.314383215569
357.563691574658
279.536878609348
291.150142305829
322.11552484003
344.369665620564
309.253600877653
303.997377498315
299.417984041958
347.629760157528
329.043561176118
310.952897921177
277.530072291028
353.466825594515
292.206569075626
314.763982529133
287.935861212339
347.625883054382
328.918475002203
332.396271097833
283.003159016833
322.428996024671
296.7983261973
281.016357007823
353.283002873723
316.485780653117
300.10031830713
331.735554743222
326.560301862087
330.225529703083
298.105461225036
295.792326886472
282.623765696292
309.42488616601
290.844441394042
306.209105407873
342.43202362522
349.198638557573
326.600057313397
297.35134885383
334.220630488882
294.227725176186
329.225997535389
278.686096490428
303.746741520604
315.089044771311
329.011039210389
334.116033719306
320.727185960478
355.858735872367
344.647989498299
324.544216696808
1.28513061569667
11.8564029541964
2.26750649346016
2.06887401013867
7.4944980231793
0.36512246217562
268.550702566678
267.618418877874
269.349724229229
256.643203973132
266.694029399216
269.330995748249
309.608839355276
275.632931044832
302.814008203445
291.988085521095
283.44630993544
296.820902418817
0
315.000277000223
270
0
