331.536258783999
275.783771751859
339.938887327017
342.234151660227
321.481888818995
289.115065502315
326.635658381731
277.413907615498
308.879141579535
310.747353974679
293.095975627823
343.432068690494
315.6730900018
338.578789271169
283.981484019123
337.974044505639
329.420339069878
308.275179961484
315.97518772535
297.472888776218
302.583524685849
342.054278451484
292.16811459388
354.037065890164
298.108884707055
312.250883198049
314.206915464508
317.881512175469
295.725440223748
294.706265617114
290.345607942971
283.788321543118
337.152241939018
297.254835854557
275.330223513466
345.532757813466
346.925291244783
300.389483413808
332.297414197892
321.314746957981
300.132839423694
286.046537919825
353.58907937562
311.75600168223
321.655315496026
329.055625704823
355.766907258823
332.387167789989
323.87359635337
327.615608530054
344.79375403086
356.445747330851
300.924048786772
355.709587838945
319.158141367598
348.090349563753
344.127096502471
324.757506846173
301.306524672284
332.582868823419
306.830320874847
320.378565092394
310.4916246236
287.651555612408
348.66983723544
285.948829320002
353.001634588417
351.577236238969
313.097439650244
316.618462181096
315.006607126283
353.798296559979
316.050374304512
311.723414655679
299.195253237081
352.601449699155
314.588124802306
325.883366934788
335.04898034931
297.671734752861
353.004655792555
336.247052443344
306.654008430107
289.678825519698
324.398092998656
303.752997244593
288.673627772178
278.779820972162
340.656406332727
327.551988956047
334.603871331904
303.787742869252
291.321685543562
334.822328567574
309.023857830477
330.211475842471
312.798692157852
292.289500488632
351.276927566655
278.594059395621
348.925092321153
315.688770591771
283.97333380397
320.741542462914
279.186963570107
287.024567247663
338.47968829713
331.088523381304
322.988043093223
337.265587262514
319.335675435022
273.053187081684
319.667041455906
291.376143234933
357.398161659148
304.767378977092
278.577758588347
349.745316572936
326.489325849276
295.3678932405
319.852985499706
328.534759233077
321.9803969465
333.924210991565
307.032400862166
321.95172574915
281.293252969002
343.787598731519
335.873940127256
291.534307983753
297.553649981144
277.865837072574
299.281023089831
326.843958000024
350.869186928369
302.423735230985
284.258340398091
328.17383358283
311.621772695825
322.200986445617
282.324582922596
343.963326370232
299.394395302712
337.218444516193
313.76702294089
314.46754407154
292.974361549785
307.912959580426
324.202465797226
326.443191757837
319.820798784999
343.85490835851
304.360462013624
316.442000313109
288.487773461828
276.259772349855
316.933168531188
301.287879761392
319.638651380454
315.354588664667
342.197244017796
308.807444842771
316.768963297842
300.661944708543
329.135600315398
293.545766909492
303.325867277113
287.960745168874
320.992893922061
316.377811163182
301.23175517843
310.402909676969
305.934835316284
310.245107826035
338.684503303903
307.967806035866
321.840528698276
316.693912742317
304.015561417111
295.890902815883
274.804087835234
306.735541519873
274.297426378447
310.943185394902
305.720581423361
347.687319014279
303.412419588064
310.200913165565
325.333114019479
326.1087729908
317.104467717254
277.030802425278
283.758292716053
324.934035646191
314.775391909618
332.671582570551
333.557651639756
330.834862496029
338.144275678049
313.047327593994
291.608290129939
281.349191885837
331.360291691746
344.273306248778
286.923418939843
345.219814150186
321.049448667598
314.199268111333
307.210886578929
348.213381205161
282.007152007919
281.943828028111
305.196576609193
283.802077995623
324.840803737457
317.586816368854
353.92273011435
332.331443879269
344.316487707361
340.384359112812
359.166578937826
359.513232168191
358.899670738688
359.963710675519
3.81470214931992
359.483481677048
271.102130592702
270.649631033874
277.025918844828
270.826729999021
272.247230166373
271.809048345204
303.603187868328
312.695565092758
283.324056109522
290.266410781892
274.799743933472
297.997092644757
0
314.999556715957
270
0
