308.359232793737
346.650551997128
288.166680609525
318.810015256759
295.764254584665
290.455586897604
353.021586753878
337.146239514169
317.323559541717
292.986009316508
316.533278309037
343.937613919394
356.999252838146
329.633626647765
357.553373253816
341.418787792275
323.141343331695
319.525243101248
298.359049793991
314.289201644223
313.353826674448
312.668353533104
338.214717184897
328.931924040151
278.199732118846
293.355361397656
300.121760275078
350.480668692196
274.995106562939
325.544948951969
340.614683146788
312.528095687999
354.280729456159
333.919494504233
338.165203465328
276.927261278785
338.937196571853
286.627561943132
297.30194849473
313.305567031088
330.310885023597
327.486424159582
307.333105024666
327.804681328391
275.95170539991
337.233577113274
313.350591414656
342.859524528147
342.461285690462
311.240028599618
274.304636275426
278.59259293961
308.671506408431
350.016061686279
318.440271933124
314.02546516028
282.607711118616
291.901511012927
357.914115810149
308.997527994588
280.310692569266
291.369554007895
275.225126478931
315.287621310113
300.070435584895
334.673794279751
319.688540347325
350.262432998606
356.058976051924
356.022522803636
329.53878029123
331.031580169683
348.612807113311
311.924988851546
324.129358215029
283.731352331641
306.869530141013
327.53526109747
317.230345431933
341.462652798172
273.502880933831
351.07882730452
288.46033620602
350.988227751012
325.692363724553
303.020823059943
314.899415310402
335.546926064058
315.766508224667
320.069220531479
322.991947040592
342.251558267931
335.10461087587
305.4903754112
283.273650132217
347.876184034555
299.968941808337
323.280984342595
301.818004465583
293.610721030676
328.113371342504
322.383761352159
302.021321348987
278.063809250396
332.930891543671
311.066888275056
347.500799986261
331.473693635959
280.510686744835
283.333558358848
305.933814517936
292.295878547452
323.605682569243
355.03051505795
283.727241467832
332.161485794313
293.628006982249
280.301903278804
321.427696119899
310.327541466562
303.464491014876
347.063747825285
334.539400367505
334.795145134692
308.372967087085
281.410260271022
286.330437598885
314.44612427092
285.414732127117
328.749882583258
342.189701542795
353.850534280062
299.308031123851
311.043302302632
317.537193434866
338.556383635449
284.968836767043
324.16623745795
322.149923446101
287.729871102359
288.291379616924
292.038908992245
290.678675099293
314.48931735336
325.943497567843
302.428729363745
353.421920588423
282.150291787676
294.429106996911
325.713085811665
346.560950799536
306.464312741752
302.133960540848
289.31891181852
306.643252270118
295.18555245856
339.816364585413
352.336473565539
310.062781522211
356.905461870112
321.128958562704
330.697421468482
320.093880895644
308.839761511971
303.287239196799
346.59127168751
295.606788080686
297.585687783274
326.603622654994
338.978468381726
319.91903917687
304.048586729167
313.909970768989
314.860985573956
331.848515491861
325.404305011205
296.668572286064
282.194214135493
305.24098768379
338.751382281169
286.964083124291
346.527021808714
285.869194885879
345.386769797973
324.204584589217
335.199133338056
348.72246626376
315.323979007682
308.205183870476
339.611830321583
310.698483330473
273.47914581947
322.485897268003
307.303393375915
298.263678423533
304.941661350287
273.431646400296
274.215689534805
305.1255772016
300.46277641168
317.957985888216
319.709736654902
325.290431471207
303.783630462163
353.12587945284
326.3157776228
277.956952987926
291.192565644353
316.442158920637
314.91258708942
328.75064025377
335.509225826677
317.642093330363
325.88365449202
354.906384868179
341.540167254296
330.096904060451
347.649443286464
322.469630076282
1.28057492934387
359.480679383883
359.894990751447
1.09466127242165
359.472947036848
0.38060331359337
353.655401871839
271.172227489557
269.529880361005
270.5413117655
269.994022418311
270.211644148265
269.841160901118
269.044570125044
269.952038775214
298.251751185402
311.679339175268
302.370469642077
288.137677199594
282.604303676033
305.578422285157
275.499228291613
0
315.000334431886
270
0
