336.023425411743
307.719702185625
273.297963520215
349.160485863008
324.861670666272
286.373975750804
303.820216345472
314.24356298855
333.53731219216
350.173275338065
273.463953109592
321.219484715639
318.041557142908
307.064861765785
283.261236582621
313.93730931191
321.708991596761
332.34853217478
311.348171928503
305.334761644015
335.995865123553
315.987472243331
310.731694364676
345.754333965186
292.848888887141
280.321337139752
349.21284240453
317.10571180109
302.346700594974
303.594278626614
339.226474142507
306.432862217622
311.011945900286
282.634359237377
327.762902542051
290.751339637612
300.401220554574
290.651727421785
276.207565496958
299.426156096303
281.005264045091
310.606464762751
352.410350459215
331.726365697279
320.3560902628
278.380992410447
294.966718074355
354.926244450928
289.956901155957
329.797165138943
273.430761309038
296.929053306611
306.674232396495
308.466324592672
275.814116111085
332.891394712986
338.599299733669
290.743890309021
323.972391512956
309.849435772854
320.724328119179
294.492898396332
314.292667336775
343.840344657806
327.547548816733
316.460322680847
316.383964212627
282.169734775609
308.028201588636
345.186337315133
291.333339621871
303.025253251082
284.827088989913
289.008237593128
305.585885234039
353.941602061947
289.841307172697
325.24443445822
322.011223250047
345.889549097294
273.109651481886
300.121604706362
311.99934640152
325.858760672472
295.468653547376
340.133365455762
311.627381153036
288.66299292374
304.426099907737
282.056973079097
347.014282050373
309.765778873528
307.821178857838
335.49735391806
326.257753347362
329.755247676847
321.294975343087
278.671750943017
272.491311907108
295.910042210728
301.457524607795
278.384581180836
323.116906122441
330.672564101987
357.061076153636
319.494682483992
288.233097834553
288.449017508506
350.089250774396
299.954613306823
312.315052825086
333.165951517628
314.333381544548
319.206632427714
316.067475790318
300.801961434866
310.015631183096
310.958520408317
278.955090115557
353.156629502545
300.17600702701
318.009382570135
285.541653724969
318.523508451046
330.547780912767
276.741329151345
321.693599872981
330.45349101548
313.747854407568
352.637673174115
345.062044612913
286.700504429937
313.201132301605
320.152590556578
337.913012250377
314.587272998778
318.295028771099
329.45179605951
343.948366314549
327.848945944164
329.253335003556
355.224635461529
283.18332221535
341.075258940939
324.672616565585
341.888011627362
280.575000419309
310.534926374022
339.533771357596
298.922367064167
318.758385485002
297.375255075925
322.612252910781
353.424154870748
328.578812937353
332.923752431452
336.037675829774
356.313732230674
317.842670829132
272.619003608641
318.605352679279
302.055939513736
311.512492385509
297.773835242146
322.177028050901
312.250746282001
305.051735990417
283.50268117389
300.56750435866
343.558882276179
328.740080481898
294.800251458708
291.224015405105
346.39351197233
340.267166091141
306.164366681454
345.492441364819
322.406525789213
283.584069515848
323.875512050364
278.935152675807
329.900251762863
327.888389603443
347.459403044384
351.176969011473
331.784229820764
317.293231182858
340.110856181142
273.594409767188
307.344058724406
291.225154430485
335.043434528529
305.290442936558
272.691270253436
294.813759409795
337.432531568352
291.992409977188
301.101923330698
297.21315711488
302.301804392824
341.856996858252
323.643348078556
343.192837274784
314.851647952482
300.703760767998
335.726738981178
353.283926365992
313.319112315569
308.75566085792
295.779409246119
284.645341957894
292.18478699133
324.759035465552
331.923448796922
340.906078436075
316.642598277244
320.18856282922
347.766209220126
353.838655586187
358.83323413065
358.346952391698
358.565770612978
359.50700927245
359.713034365785
358.095996689912
5.71178104699859
268.722757515473
269.096677970521
269.138232103065
269.161860448051
269.46970378227
265.175719151698
261.83809060547
277.595976274329
293.752436982418
300.772460527134
309.470539618871
306.114525640482
285.915806353556
273.996600154798
0
315.000256370573
270
0
