352.58161278171
319.695948792538
286.118160542194
356.292734586139
346.540438695171
273.993734372248
334.108011746007
285.292560714535
352.880185142275
344.050506443649
333.145808371493
324.617199573326
329.976475887204
285.155313203912
356.075824260316
275.549326393556
290.006044062795
311.027848698351
290.190059889528
285.597359810561
343.414999281946
304.901652750706
314.621390699995
304.67125001214
339.689015613726
348.714159109206
273.362285613584
314.594033089508
271.961739636039
332.601545016996
351.88730330991
279.255018212402
279.532751365414
280.486756222195
271.426328123094
306.701045842568
349.744736673267
308.844357740351
275.415808960315
330.140719760139
314.966401962218
331.260547959756
292.900016752474
315.066123009219
323.204826600233
296.391681669888
318.616776814697
283.858855101607
297.94917917565
310.703695006394
294.87224829534
317.613336912703
291.035747388614
309.243537895299
290.537081362756
318.493665787742
326.155927975568
311.476242960354
342.142269559346
308.568208716693
335.77426806423
307.883411533454
354.855628665624
299.94761356809
341.915464331023
333.48864746359
314.172876519566
300.749224462647
338.609184504969
293.498730778258
307.011869091336
293.00557740345
312.196800667152
302.735446692683
291.254511685973
351.688654124554
331.749230463497
281.317152056738
352.631670569965
313.027090621247
334.040628004552
340.529396195055
309.539341081351
310.309808597354
286.292474372968
332.927570500809
285.593493582957
315.142925171533
317.206417804211
339.341193408353
320.466486565735
313.990481426847
323.415364288026
295.404171354244
346.079628047043
305.23360285402
349.685390304639
312.234658818562
317.243900851049
352.93045741255
296.321041021008
354.188050955876
327.256423260249
274.203011124883
319.377361749503
281.503318642199
300.403301551751
346.294269008706
293.850804655218
302.708176387083
325.006765077919
326.627385045899
271.541942595924
328.39943312943
302.384595163994
325.078527801227
356.723445836163
318.135374212767
328.482589148795
322.396086116045
321.372222948519
332.223978291577
326.674096502302
297.370166277712
274.074984107349
356.729219292736
346.436460306427
285.339391095549
346.334208878769
305.080238990942
295.875029152362
349.298380931184
321.170904706234
311.079224599068
322.810246115276
276.751610457626
298.725525579508
319.793120843652
322.452864080237
309.519128754526
302.321133419345
297.682804339798
277.229419468336
308.559273326289
278.368020530452
317.345077016865
306.160886525332
328.684288468765
343.32034728327
281.621935678918
318.208965176434
272.35491889667
338.484006404755
331.839597663246
337.123427524474
325.787529886775
358.489514804982
316.550308265442
302.140480066582
335.033843965551
339.4353348383
301.853922792912
315.183842937347
322.9494935781
309.233716167132
302.260900248455
358.401592071092
291.3367258474
303.161657464547
359.435934448244
301.264502655887
308.204221596469
327.208092048358
287.647661038229
280.621582271496
318.019866587085
297.299668449027
334.676406881308
275.101912796183
281.109379243336
342.909221450761
349.471967331171
320.35555610782
323.747047881321
357.951657616375
283.227616806443
329.880753501155
349.00401617122
280.367501814189
300.804814319461
323.795857524795
312.558853966639
315.495201844525
309.645461809993
297.967631325515
294.855798415911
339.599175377403
274.574846612339
349.497826259824
338.925625249695
287.225493007211
289.399946637365
290.590352653403
338.291326338405
314.92385578408
272.652987702357
290.864941215697
311.567859150102
271.002860813182
331.004611507304
337.372611967529
321.331597629525
305.65597584517
328.821010459953
346.395266655318
335.647594430224
326.188745465503
354.877855257933
318.198011180825
321.602510871959
3.35499817010578
1.15856456187786
1.50317991444946
0.868638722220579
6.45622174775967
1.22844373335409
267.136917241698
267.507085342581
267.63178284269
257.551876666594
268.160264480876
267.697424124836
283.617461489271
312.371186334549
299.431825452001
306.236341093269
277.07628817368
293.88511189958
0
315.001008321071
270
0
