303.340547608
310.860404729733
350.694689237092
324.217402268624
344.105304395916
284.616811525316
319.009345012528
310.362958994121
304.8176605189
281.151885776459
330.142447528804
312.935358287635
318.59417756143
318.125688406961
334.067693821547
282.755780669463
345.777188527084
288.860451009348
317.343031741253
322.226298699965
331.2054153745
291.37702434825
278.59864966408
340.198318739515
344.514829137397
284.903647878636
305.635789032312
320.748408874164
355.557122973315
336.300930748155
311.065698967886
323.896043620263
323.685030397548
289.338153161086
320.565287637556
284.178174823562
292.442301795208
334.354701860242
306.08053034015
325.010070077818
289.543896241269
323.260757307496
327.396410553552
275.816939339111
313.401711871446
301.819990402671
320.602466463809
321.981201218786
353.674746590435
306.182148772549
315.419292152348
307.652627077629
305.682333214743
280.717475424955
299.331648525268
328.214456823975
339.696645393401
314.706133879687
353.858531676254
338.894049206874
333.309364441038
286.829489247403
298.089835157784
308.199831942185
329.388346855588
304.89064299062
334.952773685091
297.041372828476
329.563685338848
346.757864782462
353.216537338104
274.267734470823
274.697364332529
307.079321820885
282.935631596377
280.243958605971
314.571695794828
327.583886062429
315.59448420029
302.324431031032
290.301821414476
345.190882562101
300.446350968049
314.354082774393
306.612556494239
333.139547223456
295.352851831501
337.374712433907
288.573679243874
300.463744955309
308.590250465173
342.47575467878
331.432127126434
307.966839647727
339.325606084533
345.796497636858
277.032213379143
336.877152153946
312.878782859299
310.254091818057
348.989862963351
313.611881446701
337.425607877434
313.058698248715
329.888149248724
274.742790338823
324.377804793445
303.20274711305
282.49140522309
320.498609984736
293.922103444975
327.611344294003
312.235379766312
273.81730510599
289.505221007497
286.961035620623
295.700642659014
344.771579054748
312.780852829891
317.991636093172
299.269577752261
310.175505882686
274.842872523512
282.768410886376
308.032149768949
309.183126286202
330.891750545203
283.070756398504
279.412367612579
318.577216643524
275.222482687689
354.683791962319
325.710548333092
289.545187118926
321.717420357565
302.356454247106
315.915322695354
295.280405671293
329.177228527021
298.421630800376
308.828721745744
331.15748668767
297.82164775133
353.454355121336
348.477622368955
280.029990866242
339.429734859306
284.679077252401
320.21694236726
299.206978420042
273.727941693173
343.227304431666
337.519005105497
325.539814179439
296.378669780914
293.401503568229
323.789181436011
349.354439919631
319.93849717157
334.183127465924
329.623450093179
324.956398205966
319.151258475329
278.918191392577
311.745668248773
325.119240443949
315.758827304492
333.479221458236
310.773308495918
314.826174135778
288.150005708603
307.268184220961
340.942882275245
321.751891888857
304.23806145269
353.621862448448
338.922438991662
341.324661760425
290.796150619157
296.63076682885
303.008371060394
289.576914420883
319.970812760661
351.982948923764
277.363760974013
349.660528062283
293.232948614035
310.08091978464
310.653763647106
280.76691958123
297.316272574423
317.950592555373
293.588794303878
304.683390045937
316.133041791231
329.778415716072
300.770437613809
350.816678935298
284.2294424839
317.84211557317
302.14853727396
302.595525080648
341.384283684132
348.410542976005
291.069435643121
346.128455244028
315.546689941899
285.487071543488
327.126503405678
297.099515414342
277.706912377804
296.554464675526
310.921176836541
319.108364995097
354.041517383668
344.602300255645
324.73894140759
337.145260937777
332.908311067284
358.609210520753
359.164422790306
358.963522657365
351.384095175802
358.370244231326
358.097174033591
347.452006805663
269.85870463495
267.761166076201
269.794659321526
270.645781187764
269.710110615876
269.064148434566
305.664663614275
312.670307346296
293.434873388678
280.241162175823
309.806591501218
299.592572971809
275.128381255909
0
315.000368805728
270
0
