323.974323978
92.0312771826
324.428753132
319.258783661
295.291239384
304.654634422
28.8221136213
351.359992631
189.874635917
291.695515005
233.621910344
262.788772164
322.085575294
61.440973665
156.597401102
283.068706964
151.390309055
153.52912325
223.166495375
336.530329727
200.057402253
146.677881111
74.099050183
193.008436006
279.60106979
262.855873021
267.365988538
273.130444443
60.1910034673
49.7456931947
22.1253881961
291.52345105
254.510849962
228.616645585
52.0242099203
110.627110099
232.903315453
177.841306027
295.487498753
183.015218295
76.3954184773
106.555672724
331.072253516
8.66037967394
140.478166458
157.69998987
229.502654173
90.4216186996
17.9478350051
57.5049545432
169.848348714
166.705220021
161.200160579
215.961487878
76.5726446199
244.272900785
309.696850487
280.782920493
122.348447477
238.666277898
273.413012091
103.071818243
12.1476609687
237.173686442
147.245767634
97.5008285145
41.385211999
178.475951203
0.277494788661
55.5212474039
186.608374247
198.397081264
264.682398346
236.500545202
321.416250653
266.079823386
140.989980586
133.245862537
274.876790454
266.639384377
194.229732772
325.478888979
345.575416899
240.986896334
234.452810244
191.850194162
187.180786226
33.8764762093
177.783734632
135.918075661
258.079760758
348.503223257
82.7698123138
93.5397297391
33.6979611577
38.5848132757
345.929976959
351.80639717
179.420099376
116.630028777
0.671571396426
227.152076251
55.7522363352
254.898629239
83.8168174211
132.012118648
39.9770643407
342.349810207
100.156005293
201.634325543
112.761380584
233.328583451
211.694393474
181.54161462
12.3341364067
56.1975321338
157.301224171
35.4772050386
282.015567729
321.991818845
268.634353624
13.999489825
30.8726465474
128.079439881
131.01468146
182.964434501
257.482473043
16.0267565346
279.140108209
121.899600856
17.4515530912
357.523812521
72.5219396157
299.02058254
171.672569061
130.914612024
222.6189859
101.166999311
110.719791905
33.9045501502
126.576809738
68.4240632873
90.4348276189
139.753158401
19.0985807505
90.7864840095
163.636824308
74.9193224767
75.8850262518
273.998366669
105.167707377
325.23413083
183.025072747
316.338480427
55.8744559812
111.309127173
341.844062135
189.800962763
219.701236041
140.275756024
191.506823086
85.8157087558
149.904808865
255.759020288
41.6243177242
165.797662738
212.915964234
111.977222188
42.6748146992
242.628502834
111.181984721
113.706886033
342.062996376
313.441841369
193.13142973
125.969629651
252.906420097
125.28665677
43.4371366254
201.590751837
157.018776695
60.3380676137
126.663290809
336.669534378
333.16929951
93.1652332069
118.560829593
55.9745980707
97.2534205598
85.6642809479
321.31315621
334.739665915
173.273160284
237.729161244
288.927256877
305.764994385
32.0477153747
177.855090363
161.025765874
73.3866412898
159.918699035
289.134028679
16.673932117
210.670739034
43.8085773404
53.4132894015
291.006278961
185.301501019
343.749544652
43.4270366355
39.1869363475
40.3569928026
44.6866441031
38.6766183004
201.041133123
100.545760102
62.1506904503
200.246881004
104.846650086
342.112466485
144.456431118
17.019786317
338.463856228
281.36935982
302.44556431
13.5206761117
319.856204471
39.1869363475
40.357041818
44.6866441031
38.6766183004
201.041133123
100.545834517
62.1506235233
200.246907199
104.846576919
342.112466485
144.456431118
17.019786317
338.463856228
281.36935982
302.44556431
13.5206761117
319.856204471
160.163189327
160.163046922
160.163046922
160.163189327
