359.845193491
319.547185827
121.989926388
218.70086554
72.1843138471
324.246798444
333.49703659
101.379486282
240.098272884
290.817260583
63.44479219
134.313131132
5.25352264383
306.84004777
190.235644908
345.748412312
309.871127926
297.744378892
153.546625883
81.4478934684
145.804237876
354.462430446
296.151884745
265.599012344
281.773277182
222.606378888
99.873147173
358.299587649
325.58231022
87.1056959112
95.1395238745
88.6330496449
203.635482385
191.521448503
353.241865018
9.45955774697
171.599557823
314.150412881
56.0398328657
38.6867821143
169.67934059
333.409648262
159.903960951
174.185195816
100.381561742
109.137775308
279.319534267
238.639300268
91.1142775185
99.3530767452
303.597690168
336.958452803
249.672485158
73.9562227165
3.76584816084
155.134023439
160.949571631
115.981011387
10.4619407468
149.207641567
84.3953397207
36.7566848881
46.1310048057
23.9938353314
356.887101657
195.507715723
356.525286131
226.177909867
330.483546318
292.474361567
140.399394249
303.904893914
15.3454400745
216.613844239
42.7947666731
25.3682165939
106.009562895
315.649083623
246.66295013
133.080692401
91.2288249095
207.196480897
54.084716536
196.110229367
78.9455787115
167.274665821
341.032418735
263.921391716
90.4225627001
332.366038058
15.4535465661
134.614656841
357.151567356
313.79433484
44.6717899243
29.4634142992
330.557171644
61.6080205431
99.4506811132
153.432623568
124.280487664
70.5028294051
147.571538374
340.755360554
218.206850693
91.1470093651
164.408569227
70.935003486
358.399326339
83.3621843391
340.041729434
256.704810713
77.7887719754
244.682959493
156.730784651
97.681347195
274.150212046
358.089043325
83.9887751515
296.685227828
242.407345175
230.263672937
146.771608366
119.985616903
345.035260584
205.736753335
133.497772361
73.2824579433
222.771955313
59.2784003187
257.558943859
118.252122929
183.488567848
191.344790143
20.3885203477
101.306169643
99.983080509
68.6239590261
263.527538659
230.686257924
302.904647565
197.033197816
51.0935647966
261.663186096
82.3373782606
293.930793443
192.422149041
204.36853214
293.172184922
6.31064215852
248.282782311
60.7507390406
229.435670336
278.31911014
10.3502166647
30.2402829547
209.616532354
173.539938867
70.418812202
165.151460093
61.898186196
260.466670734
146.9490137
313.364484487
127.995066646
292.112525587
192.808332321
148.10319057
19.2584809043
127.589984596
109.823921076
236.538941033
94.1968906239
116.100270308
233.966978738
52.6375757263
343.497644076
23.9729132545
310.378703343
296.811460139
87.3718697997
51.6153449138
311.091390669
207.327312296
41.7429245442
19.6314064829
201.773840791
118.611824807
297.37799898
20.4906885877
184.024272021
30.6531162038
6.46717642978
187.742327765
25.9482212329
129.008203391
260.749498773
25.8448141569
234.175777311
70.9220037404
114.293821783
350.128778017
9.29260966388
75.9926958673
236.435011684
266.512945166
68.7511627421
332.576988815
139.840964954
198.894311564
189.33465103
31.7099141896
139.369187167
228.188970608
52.4632606518
179.351256362
35.8963516738
334.579204371
42.9556458538
309.219520196
300.091352065
122.835691465
178.001349438
161.047451173
68.8908834851
198.894335009
189.33465103
31.7099141896
139.369187167
228.188970608
52.4632606518
179.351256362
35.8963516738
334.579204371
42.955621185
309.219565976
300.091352065
122.835652206
178.001349438
161.047519651
68.8908834851
54.7433049004
54.7433049004
54.7433049004
54.7433049004
