279.345292272
11.9232290096
259.403199073
282.231677201
334.62305497
355.624789577
132.661716996
191.736297247
301.916978421
338.973539087
251.245886535
312.232110921
87.7236270828
324.512088833
26.272614155
100.401667774
301.810990681
275.730967039
264.561480183
47.5952085457
82.2954395214
182.871973975
0.960758156675
172.13221951
287.095154109
347.845729076
37.3331142633
325.891281643
239.7731964
230.108563364
203.460764744
209.521294087
93.3062999364
34.7031739305
83.155857857
219.919252107
5.78292482994
153.327355623
102.366484235
341.474386694
134.044282767
326.974977519
62.4693413853
204.269117017
165.439171952
257.66168744
213.165667015
196.754512193
76.1333977232
79.0527439023
235.139443599
288.045099162
139.189436495
257.893045843
142.584886329
124.436386687
15.3337986303
224.727070183
314.414813399
104.392633566
215.629352065
50.2776373845
9.59273105809
162.005152672
200.291516289
177.776240351
27.5625853928
218.29073147
14.6239147639
275.255412955
95.55282478
28.252527498
186.288204632
295.383762142
147.812326856
135.403374458
283.646560516
19.2934238247
126.359302606
42.2511582046
203.530679255
155.304954583
298.949132302
92.2943343614
146.592645588
20.5598797566
163.812907663
2.23247061702
44.7298990619
127.272706935
354.019530777
36.7709519195
62.3934603258
203.239636798
314.312797765
69.6446391235
296.045417374
107.409254152
146.093379213
185.179801324
330.572638189
240.135332589
163.806847536
71.2201927285
47.1583173231
250.656496326
250.65716181
43.221927215
16.203626248
133.954175902
211.160438833
313.400232883
91.9558360023
135.049686244
309.484357007
244.090486857
346.272731074
212.401415495
153.606965406
132.555372451
57.2581874269
67.6385083742
80.9043925222
196.117032183
65.4293481138
221.833931901
300.312366206
15.9728200463
325.535748804
165.505046667
177.083949771
264.357070173
32.706666807
332.363608503
223.710890271
11.437932849
0.691029522244
267.325529144
355.248347696
183.314858482
146.099129832
316.593621636
265.771022259
180.450893696
354.133156403
139.580234102
324.703905214
230.251667976
202.023552862
172.803948143
247.295323455
268.251416906
259.285177766
285.920114958
147.759026372
319.140662314
296.426923996
128.723802634
100.236362116
139.620091263
275.421063534
348.013565454
5.10594232539
100.128390701
241.966280489
53.3574116381
179.408458323
101.842061257
91.6262750262
167.032359921
134.491611792
35.5888310862
321.938501633
309.241913197
190.2853799
273.460132807
29.5281281981
294.878524404
28.5438176514
315.555474934
136.740141909
6.40840584373
259.354272453
260.701813792
205.187347944
67.5228996555
56.18597279
267.709397192
231.408669486
205.564506124
282.768538846
64.1571284611
51.0795208789
31.9596804254
221.678249974
81.6070510346
92.253614234
309.594373928
290.581450611
234.834802457
251.18592849
147.918737154
192.941873488
182.714964361
185.3366342
70.4192237857
259.552540988
246.882121208
317.237960649
1.2268146407
114.398585548
115.601609767
97.3102040103
332.715715489
3.60151763603
328.818541489
65.6214550396
258.74425232
319.753467517
135.107871254
255.483653001
327.027317606
102.550927188
291.830732743
196.742806056
317.238062964
1.2268146407
114.398585548
115.601609767
97.3102040103
332.715715489
3.60151763603
328.818537618
65.6214550396
258.74425232
319.753444128
135.107871254
255.483653001
327.027317606
102.550918354
291.830732743
196.742806056
357.941869657
357.941869657
357.941869657
357.941869657
