303.01649789
121.162304399
6.8425369041
31.4233683068
211.908098818
22.7502375703
101.582838622
2.51130045139
340.962737794
23.9891377655
174.94596053
10.9558833018
112.722276368
6.70634297491
314.758707018
82.9469621075
42.4578466903
93.2651103156
243.928742907
8.61492524235
348.178058233
38.4371008599
249.110352539
267.169927483
113.587588341
42.2368740648
8.29678954352
327.195426163
105.803297373
310.232125805
301.102650735
228.288571757
23.5251239637
40.71266863
336.030196392
346.118480237
16.6245835649
200.210595874
103.89031969
161.853378902
100.413156095
210.34265909
173.218784969
83.2822164204
318.589328935
94.0300056881
108.981369493
346.227047285
8.49061468222
194.984953821
141.176561669
134.275040978
244.747923877
312.070435854
345.723123117
208.838561661
131.14977363
119.451073371
350.847629181
257.094456377
163.396624279
314.574655625
163.186048436
288.862256669
103.32237825
311.121894574
215.894815848
264.119926155
301.339216511
126.116698691
44.6289888446
118.317058258
275.742267079
304.243406012
256.375794141
106.807153641
331.205399055
346.874566848
1.54568932126
307.991586726
181.406204307
319.024388095
227.717652132
167.557758023
97.8427989661
180.65728729
82.3846758786
30.8166275571
308.649586335
145.285549907
234.928760552
145.140459217
237.894249114
170.398901191
178.33870127
328.453610013
221.571650282
159.272386049
301.094987841
54.8453660927
129.193696104
105.78463498
180.593569035
163.724744189
262.777024758
140.110868206
346.309625709
290.369885539
50.1613156411
77.4990240039
13.7861579849
359.934765018
59.3534493652
189.839172165
264.313042548
314.756086162
67.0728724035
47.4187723916
233.744270558
52.7484353112
241.058191935
45.3911637563
248.517101036
116.853877601
352.214918282
95.1046313592
12.0920011023
348.876370561
131.312842971
188.872719898
303.810553238
41.1836383437
334.450068101
320.123715548
310.866160096
147.275449277
9.75537397127
184.978747655
267.726098756
181.914234552
136.271442182
218.777586424
150.001796817
61.4301738727
92.5731213436
15.03127546
346.286823268
215.795028608
135.287316123
70.1052883831
323.858117419
267.712188259
182.54202846
87.5034840955
148.542774099
224.481282505
125.090108991
50.1927394076
266.533485515
5.24559759239
201.470922674
136.134953451
36.9052519606
34.1504681581
308.993073526
216.386595725
100.426150037
52.4255797562
127.14270896
279.196373406
12.8193976425
236.097656496
194.310026863
264.771268531
74.0396774546
166.4692353
198.669184832
64.9370602102
103.346635204
41.4416788543
123.18086861
291.27270261
244.546575563
172.652281177
59.3924921249
156.778787673
19.9554653012
304.062752195
31.9428153086
166.773592292
252.163088467
267.862608056
45.373206119
59.7017248539
256.746659278
223.499795942
166.613624338
254.745649665
263.608500798
252.573823239
299.389948679
69.4675837755
16.9642480891
224.899245149
104.833641304
234.87751108
158.222747595
85.6756166366
84.661110839
249.225254556
91.7519872043
217.464900292
217.351889114
57.4321118068
94.5852465438
127.414548679
349.974337515
188.604443915
350.08541738
94.3157924522
43.6825469373
160.465343673
273.661115625
305.720972396
107.71883023
84.6611142074
249.225254556
91.7519872043
217.464900292
217.351889114
57.4321118068
94.5852465438
127.414548679
349.97435012
188.604443915
350.085420496
94.3157870036
43.6825469373
160.465343673
273.661115625
305.720970559
107.71883023
230.939396758
230.939396758
230.939396758
230.939340539
