332.625749263
0.822451688685
347.893932367
310.579812239
97.906408705
169.175393394
353.657090265
169.428241683
67.6968350259
279.82697901
30.3323712141
216.816413648
33.3916736362
221.776437968
222.184253027
163.110693114
38.6970096623
276.889028095
238.553102525
286.247102692
85.8635076048
64.7159580718
204.197664418
9.64153039777
203.517175652
159.629165214
132.534277715
224.497614691
73.4679157191
350.350717689
332.523054137
205.536156203
289.73088016
229.257222133
217.480496673
97.3223893097
189.932071375
220.101373919
161.631282968
167.282597435
20.1609791826
110.30881209
23.5012317194
77.5398115228
99.1215714135
243.713332979
46.0072413172
109.727190274
359.316284805
157.591997303
168.436368445
297.461334984
206.047068808
314.550425721
203.275169035
339.291200271
359.244526554
89.8701272994
82.1407744322
331.924591395
76.700737067
175.281531955
314.504501033
119.110919433
53.3905870642
77.5814295139
304.057119416
31.8846430237
128.956940452
6.57706477774
66.4430323627
183.49632923
56.4290928468
213.409244606
175.700197165
108.183277588
24.3679612828
172.926679716
2.66545812213
286.631677179
240.930371208
140.924595193
258.917675101
194.409041778
254.044638908
111.554083557
199.45320692
110.103738883
181.005147919
93.7087452597
283.571286244
322.018641759
285.536044078
128.285382933
246.004290098
197.455763197
314.384458495
358.681862895
354.193639356
54.0463763634
117.106396551
284.007901182
157.818601221
30.48914145
174.413963022
312.527605079
21.680519836
195.90671119
351.705989126
315.157967134
309.441582308
224.600535717
202.11398743
280.868136259
157.670165595
264.468813533
51.18831594
309.994651773
136.620433311
293.129377455
163.19736104
292.929722696
230.47555222
63.7064199487
222.195510219
9.6835778471
122.621257944
340.38667649
351.911981187
144.689882971
342.581161608
226.8974861
240.825745
359.386302
149.445287201
192.293556821
42.6779532853
84.533259151
171.574267106
106.854575674
286.604783458
37.1199814663
278.134697242
187.988868892
48.2006384018
204.092948768
90.2664434357
282.838915766
60.3458708153
278.829973889
337.167208909
70.8790769717
110.691482836
151.276111091
169.772798059
167.323874148
243.779890044
185.374086648
304.036259966
64.3178122173
46.518787854
303.003782892
81.4916958726
68.3109728787
34.7136670617
10.8110032652
248.143567392
307.286079834
331.110346888
85.0232516205
260.944428884
281.004119297
150.915041491
216.038908674
314.976859169
159.364603189
226.832306951
6.12111563128
283.774893104
350.165818774
68.3437952302
156.040032551
148.970087699
220.120301333
85.9893747429
326.544438182
215.066007554
325.746512765
302.630145582
115.64661472
138.649096348
353.534334927
291.501574156
104.595182417
232.331625245
117.693331921
281.671083761
316.058548522
339.586514802
99.3584986439
260.591776758
81.3360227171
118.972822679
354.829070916
241.81275237
71.203902049
117.323199544
47.3982633095
247.652685138
130.016045217
352.62951994
298.605958315
292.915239211
78.7629386368
235.062226059
23.5233785002
89.3884739604
225.132317497
224.592369892
225.706735393
177.067057563
250.549861446
37.8785512445
226.153151579
347.71646361
247.652685138
130.01602194
352.62951994
298.60599298
292.915239211
78.7629386368
235.062226059
23.5233785002
89.3884739604
225.132317497
224.592369892
225.706785954
177.067057563
250.549861446
37.8785512445
226.153101423
347.716392864
142.475045102
142.475045102
142.475045102
142.475045102
