36.9248586459
274.684105282
266.627773047
23.284725977
36.8471559092
236.098261407
236.332503445
337.591301214
300.102086186
314.996870615
24.4036099676
38.894941085
344.285554313
123.42216685
262.385351379
242.279261052
2.07298333845
33.0129025893
162.430080299
86.9257489558
22.841464106
138.608645154
332.730158462
33.1020170718
85.3681575549
38.7982691718
224.01185789
344.44201596
144.730326484
327.936826429
97.4373450798
24.4809050557
180.350359674
344.351574489
70.2311249833
153.234940124
88.705616817
223.027980694
230.448146807
184.63743434
123.863024889
145.6530911
113.467410345
356.227731872
300.974379264
303.709044008
56.6765074513
131.948243914
324.066821342
165.405120655
281.46001284
169.215916351
303.209371359
118.297960634
45.0474847937
341.328142084
169.502611377
53.1724073114
291.72962068
177.801745233
245.893410692
250.596765481
190.670323978
301.108000147
327.093926616
141.611412613
235.906141866
257.007385705
279.820591658
93.6749380167
106.709674371
183.977131129
33.4604613634
325.978836178
203.300790315
183.557409394
177.180364013
223.584654583
224.549389124
262.383099678
186.860262454
74.2126897662
174.339792306
213.802982739
337.807022546
292.650430079
175.072272238
181.203276009
260.487375937
352.407213022
23.1404126357
14.0537170319
269.650359816
359.528289984
206.253097218
228.107025744
30.3583305519
4.95156458945
299.713350879
291.489110767
134.492434076
322.397727702
46.7567258548
313.207441563
327.220762075
86.93358002
289.598477518
144.456503133
321.438300617
285.542807061
337.191202371
78.6140813567
343.897072918
96.9538978087
186.681697937
147.702647433
101.981249421
157.123428521
338.214563025
108.244687169
251.577246047
12.2781409283
62.3146952703
289.966998701
250.948507161
290.88467285
252.738216055
15.0515983777
103.43579869
67.9539201518
154.546000463
248.759196584
302.540592867
201.842666746
43.5575896538
356.119392256
132.737049804
229.329078863
211.032267235
189.95184903
80.8006982777
128.256050037
31.4987189181
291.105317926
179.11835209
174.956134055
211.957512371
140.267005639
352.643066647
192.1590295
203.023207068
9.45122865276
213.094978249
117.670773558
294.020616458
91.6363092604
244.683294822
272.910543686
111.027963194
294.314571664
255.873092852
128.709187781
63.9800334794
292.370163544
61.4787815421
69.3813724091
63.4207989469
212.596371599
124.925431994
339.373001052
212.698066309
66.77935335
257.87682858
10.669513668
71.8590114239
280.068748817
198.534694377
244.965321787
354.779488582
347.674590189
167.291730806
27.3734249696
309.54058972
8.21133073174
188.063894934
337.56969432
239.410345013
152.169583573
115.734567945
332.25775693
334.63738655
83.0807444696
42.4296862448
137.284207404
327.932542975
281.109025213
184.924385053
209.790167531
3.5751081825
118.355970623
353.697231431
136.701587675
302.817065631
14.5145423036
71.5294024343
265.185920531
39.7900805405
249.967221555
48.7191280813
58.6250136892
78.5940620464
300.789564662
121.36035352
132.609067568
226.559113906
178.060103103
311.970394833
259.528541231
238.194091613
240.533541009
285.196264034
45.3214902752
115.08491596
92.0200991026
88.3457607402
48.7191280813
58.6250136892
78.5940620464
300.789564662
121.36035352
132.609067568
226.55910146
178.060103103
311.970491671
259.528541231
238.194091613
240.533541009
285.196301991
45.3214902752
115.08491596
92.0200991026
88.3457607402
232.985557206
232.985557206
232.985441581
232.985499393
