109.197540148
258.367087765
296.539133758
255.473290657
290.3660539
140.493896257
284.591357167
157.632721946
355.639453939
191.554634646
245.849199832
325.142884584
53.0835960498
224.426711944
287.045753209
51.1189382152
46.3778308125
245.563299477
130.854512837
327.164754006
30.660386339
269.240995469
318.395841582
286.525682356
293.265830946
91.3631482857
310.424292742
11.2660290016
214.268487983
272.754955699
16.1699169902
101.625927909
31.4832527496
193.303190703
124.850354593
244.820720391
83.103542069
93.5168273319
82.2867917997
154.179157487
286.073637037
195.452547593
218.362794464
62.4360133103
306.718055534
153.704110173
45.2742830365
186.921310055
240.187684563
13.4373978677
196.368303011
171.175743815
32.8832423638
257.991394865
21.5088045327
240.681635916
355.346285446
234.600193128
272.262699804
349.084355671
74.4116720554
358.208336278
280.367187046
53.3897030225
131.547615489
215.665966312
338.59818906
34.997844955
103.269351131
11.912185063
44.90516941
302.424747176
273.782633275
276.31063435
154.716260215
16.4812287255
89.2301701901
75.905789697
283.244776117
239.052205712
144.336471128
4.88681666206
79.0863987266
109.597911865
114.6012429
322.583811484
347.486237395
320.495451561
22.0703367471
62.8405934599
351.595041938
169.110486899
268.443997042
337.313518548
281.982795492
182.963903151
264.569124758
71.9702756484
41.868379796
128.143460587
263.639103039
71.2959679706
358.459141027
226.421821014
226.60460892
100.772990843
101.494075005
129.565683821
337.201051996
331.420854006
291.810798891
56.0545955553
339.751058269
288.778810787
104.245034576
212.852126037
354.493046566
187.478729641
146.736365635
334.90508308
51.6094745104
320.272989087
227.884416761
179.75255605
249.019102963
303.623937347
4.53227735226
348.037403737
53.8351178139
222.656508022
170.95413849
310.318700052
302.048678216
263.086829958
143.041445884
114.202624706
302.269270165
26.9226080217
126.20718288
172.618517098
71.2700324328
225.839895984
313.056504451
296.848366649
50.9206718325
145.476306264
234.444727038
259.591365298
352.4830976
52.6725356909
21.2506360681
165.170985855
37.2546827284
193.319435777
45.5744525393
188.463417296
127.121186939
18.9562210224
314.867207697
287.431562888
243.427353432
8.44478550051
121.097795919
300.022050087
83.9865169841
350.568321123
320.618127119
265.758027548
219.806045981
171.922467257
104.410501498
358.021725698
143.248331525
134.542936419
171.596001035
288.605520557
331.921883054
218.243100452
124.851853953
316.656277925
348.19747981
86.6333190364
52.1469343249
336.262598293
196.343976718
283.571448022
75.852366558
6.74048627975
118.993747598
136.496530571
195.477956939
209.978380507
204.055730092
61.3190475509
337.683805631
169.210213876
299.822694614
201.722386585
257.448899672
76.0135263674
210.819161549
330.031160919
16.3267475752
171.711708244
229.778783787
17.5058703773
33.9234552684
331.4919162
169.986313347
275.57623656
147.338774372
267.905689978
292.759258307
240.301827327
354.287388335
256.563152664
351.821121554
25.6189316316
328.340112244
29.4199000687
262.314180323
22.8590219011
138.748365183
261.197871335
229.082974092
60.3527890599
40.7475504629
169.986313347
275.576311896
147.338774372
267.905689978
292.759258307
240.301827327
354.287388335
256.563152664
351.821121554
25.6189316316
328.340047815
29.4199000687
262.314180323
22.8590219011
138.748365183
261.197871335
229.082974092
60.3527890599
40.7475504629
350.141284109
350.141284109
350.141271149
350.141271149
