166.792480437
43.0954194389
341.733633077
308.552817376
66.2912783336
169.752436176
212.345164509
64.6277024469
145.990935145
358.898684718
32.3103536793
272.210391019
58.0090682207
315.281978886
274.164802177
15.1059724839
205.177982688
268.793633957
192.032841204
101.253078256
111.435432559
46.8929905579
24.9348990211
142.016954177
50.1484670753
202.33983746
257.568315655
330.681647328
339.270222525
200.523987665
16.833924246
183.968819542
125.553132878
58.7058940533
349.942495238
35.1746564485
131.966929014
184.367803358
350.007792427
226.681048678
261.936550422
90.409369104
255.381535407
303.668668787
74.5293257813
72.2671450519
196.083556031
264.514197824
153.832208349
210.941334567
80.4176557385
56.8791156237
218.588594051
104.959211553
106.931038096
320.708858229
5.98449297228
3.08982231682
173.872312632
209.317946452
157.07971743
126.55510308
33.372428177
231.902668094
291.022033321
217.021683051
347.488748108
222.421075509
174.201758745
48.801161016
252.354568978
46.97637372
61.9260266774
321.534317926
356.819338529
88.4849398182
115.802005301
238.886742825
310.942509878
301.734834287
215.231831135
295.094680986
91.8810739171
95.7651300557
201.681605539
144.956794186
18.7092298762
236.240593
264.035357189
217.778902682
330.669732425
59.1234076189
23.2616786257
264.289625695
107.284058023
149.650888222
308.65824783
257.13835668
114.918244064
278.432470587
356.231684758
318.248241279
276.454892075
172.746583632
330.590954273
172.791689819
33.6190462784
21.5127499913
344.164477293
303.71357226
276.059968928
81.0303469794
208.478469941
30.5866686448
251.831991337
96.3163969622
81.4622648506
287.746326967
133.036363992
180.681833719
28.8635936872
143.611562433
273.347855491
133.326724183
169.51131531
92.5604392336
20.6198881257
272.108163089
312.069448338
51.2209491975
144.800063538
309.564165408
253.170205136
262.179092854
318.648681089
343.875598493
101.750415124
354.794098944
38.378382311
10.4986672883
62.2190380564
283.587978181
147.991470171
265.456743273
136.846626483
291.430308441
181.44603797
337.494935424
284.142093519
118.370930766
19.8096453985
245.654123939
51.5083050759
313.776361298
260.858785389
355.046582358
349.498861913
3.32457772586
244.197428108
224.298282749
196.979551298
44.7669335733
63.719865409
185.403610671
167.338787369
62.4835484768
148.079905555
183.740960614
325.349988946
232.828282594
275.831395807
162.334292428
110.528480521
233.96026623
300.147622632
251.271113708
220.192689702
255.712398018
56.8025738917
7.77558446794
202.544568744
330.719553563
131.519384611
92.6189987779
170.026172126
326.970014828
192.429197776
269.612316029
348.874611561
3.63383560504
135.613986293
73.6019742158
106.088384536
310.949927269
329.862336903
101.936103157
335.050743851
276.488812327
74.5057372035
86.1358996406
307.966852857
224.550080457
243.556776877
249.318478491
120.906538281
190.411614874
181.605888678
317.565834342
292.500189984
198.309102081
282.834172594
151.599168689
189.562063102
125.507756578
305.580367076
208.312404292
206.984547875
211.296285342
173.913387855
271.964529166
36.4805230087
127.401689286
179.998262332
143.445972165
235.070260242
292.500189984
198.309102081
282.834172594
151.599168689
189.562063102
125.50769764
305.580367076
208.3124023
206.984547875
211.29634721
173.913387855
271.964456806
36.4805230087
127.401689286
179.998262332
143.445972165
235.070260242
324.825343551
324.825343551
324.825385261
324.825385261
