253.847927939
268.620448231
271.494165863
253.046298409
165.34727388
28.3614223973
305.045433474
143.403952811
185.938247722
5.13240381857
357.301345286
41.4621702915
195.458587527
292.357323062
354.915283748
9.99301390864
248.686463675
292.860173725
8.39824895313
302.194510811
29.4740513351
83.1022799995
132.036203111
4.38403420762
292.184265083
349.637194153
267.20827303
23.8589960566
280.249030643
265.087092013
255.743137772
260.37773169
271.095376824
67.4253728991
77.8003211913
218.65518352
124.230995795
15.4546344153
135.162062986
137.004933249
359.09489078
205.587724925
299.517136085
51.0956623646
95.4014294879
224.944419764
126.053115527
150.453984807
26.7620243138
317.787419172
314.247952484
322.998792473
357.053643536
267.010575826
41.0482525885
6.90773347434
226.70740124
238.56186584
326.221255039
313.83481452
175.022127326
8.95711875641
257.061651531
264.9394122
182.091313495
208.073706071
29.3095219351
132.641402108
164.931605282
168.30688406
74.1093231194
276.847241016
344.6290712
351.448271174
33.4023793726
27.8764963288
204.578751726
340.512839241
359.539658031
54.58768529
122.332062729
96.7334645983
50.2172533767
20.2661447035
152.623943597
304.07241178
134.368299086
79.052854827
251.593951413
121.957201563
71.677217606
89.7707720564
346.964671234
50.806960694
236.586297309
319.349418721
120.932161514
203.54354775
156.155783089
173.110351697
72.9639276631
319.925229712
134.788532268
300.471609363
15.6182734738
93.6975717422
165.339581935
233.218408512
10.4526850677
244.339067841
70.8636786055
325.19711962
353.796392493
323.438780507
142.184783875
243.226165097
257.94498458
331.554009738
209.851726523
37.2733370028
315.838987565
137.847441264
71.6010662524
165.562027038
163.971889044
359.554283659
63.9305157606
246.141733265
262.403557654
104.876391604
253.315430074
234.504677993
178.884346384
163.038305713
225.431597389
193.596565333
250.562028237
345.696490577
206.677812981
50.9348398592
295.201983001
64.8218631625
188.524779698
275.939701585
16.1134020028
179.885132821
314.034733381
45.1829959012
247.017872097
49.3439646612
327.021659459
250.625525472
12.770097715
265.500462392
175.287998266
195.156977928
305.042393237
145.239788118
97.0714209329
328.729660547
304.459943348
132.206558661
22.2578205342
189.495091061
6.47718770699
202.379252896
290.252471179
342.068922314
95.3872852814
275.27150319
220.359966368
137.893115489
117.305947965
260.942667291
125.848344498
237.852876733
240.439986278
33.9719143389
225.986477588
319.624214272
358.792213367
104.941407198
35.62486179
316.752089256
78.7776953811
103.048634172
214.614450972
303.486647253
121.399870017
4.05791312389
308.508297124
168.511659386
123.140765506
301.874406902
305.723339712
42.5317525325
187.100239252
78.8653731427
207.951889226
253.084135654
63.3596664074
315.863046109
279.473728218
358.117115205
295.674206181
51.1826000135
66.3931151834
147.404821984
170.084027989
216.039451638
332.799714742
123.171771184
249.921755984
265.410762338
188.606894386
8.5681238633
314.115822956
284.149279037
32.4500983545
34.7125817891
271.616173964
103.01553447
80.714722667
45.6338257222
29.1186339764
147.404821984
170.084027989
216.039451638
332.799713845
123.171831788
249.921755984
265.410762338
188.606905222
8.5681238633
314.115826204
284.149279037
32.4500959265
34.7125817891
271.616173964
103.01553447
80.714722667
45.6338257222
29.1186339764
304.027991577
304.027991577
304.027991577
304.027991577
