212.742726131
134.462940115
30.4351924396
167.165721515
334.13374093
171.950772833
183.658247681
279.904664366
204.725189167
38.1470083682
236.872920562
15.8859329775
260.548962908
341.115991216
338.984370234
165.413725629
120.557047486
161.866120887
78.1357086877
85.8553725959
352.788043782
167.043566337
32.4671392647
142.972419544
190.429650314
113.56859444
259.648533491
340.736709831
78.1522977945
111.239388215
253.160194918
58.9513912141
298.560306969
228.696290657
36.3360676186
311.056980946
6.28143237523
342.256200007
31.1701023889
259.874109027
265.986798078
131.816824865
105.266136212
314.047341976
263.213023941
103.610648926
325.744926152
287.801452506
355.687888855
243.775648424
289.997952428
204.822035114
156.64699727
236.779580644
298.074875032
284.111344366
219.391452293
211.842612483
149.831191896
130.578991585
55.1447715184
64.5156673904
212.330822306
51.1922324948
129.065081111
133.861621298
87.2132029207
184.100413905
312.280751
265.239352646
236.777210885
319.88248285
304.625740336
214.708174367
320.185014986
277.198386776
183.613487131
208.689106998
354.327170267
180.36310261
167.782761275
181.186586256
139.646827743
307.3430392
11.7833304621
247.428777933
156.817561801
287.667669412
309.910055927
26.5226825587
266.564090874
99.6279043761
194.378863922
293.001166222
247.242898093
69.7526045851
201.594519432
283.721746302
275.818143248
348.150244085
139.12118228
142.485236735
172.931494932
145.746944435
321.893438536
89.4751082802
1.02165798605
198.071670429
258.470232266
323.863993802
162.020842291
302.575299439
215.822481807
63.2734718305
302.414251408
117.591243931
53.4076380915
190.81086103
190.86283246
202.133512852
53.8458554276
273.889573098
176.700878982
312.59018496
37.0105566022
243.213844649
204.54755975
102.134431101
132.70865127
46.5018150929
243.560124155
163.503297928
357.899954392
7.86467782232
180.765176016
131.640655399
89.7636401405
273.080486685
355.66033461
118.386965981
229.436445829
84.666838353
194.771968407
290.864697188
180.871238453
232.724671968
154.534949101
66.3633796074
36.4017646856
139.886243162
171.779443559
16.1244015071
22.0715011228
51.1672218664
64.8029997186
357.73971846
287.289817153
124.188352082
58.5098273078
176.115363204
218.838447461
186.375620051
146.22887576
244.179598009
37.3581720756
268.95951381
277.648012231
139.34563936
271.377886986
85.7735614722
110.485841444
143.222712843
266.276833929
243.517743327
48.4942312867
23.9819076885
240.891802078
287.995454136
14.6366751683
190.058453662
90.0359841444
238.804111972
125.719629358
337.002676918
63.070668366
133.590970495
68.7326283008
154.850284529
274.957814084
121.990947131
98.8463861216
280.306433066
115.894860511
41.3883273486
354.776863244
300.360634101
29.9089546761
24.0889661533
74.0973838074
107.432657682
5.71554252734
224.730692358
235.49555274
306.6799485
44.1797387632
227.467848279
342.69035397
331.7477557
281.144807882
54.3341995091
351.863354737
89.9456254747
151.857640067
27.1213242298
71.9549836974
309.366426756
45.597013693
265.744885385
223.190364378
65.7779031772
74.1651660562
178.196147338
193.663401144
144.450311631
312.913778678
281.144807882
54.3341995091
351.86334449
89.9456254747
151.857640067
27.1213242298
71.9549836974
309.366426756
45.5970010279
265.744885385
223.19031159
65.7779031772
74.1651660562
178.196147338
193.663401144
144.450311631
312.913778678
353.23409693
353.23409693
353.23409693
353.23409693
