324.627008531177
299.690230269941
311.960411375145
347.990147280781
284.396503258712
354.775040483451
297.992291645403
312.499976935377
309.770915866975
307.549941883281
298.892076411199
337.368902456658
347.458429323542
301.980449770316
322.258108342333
328.112461508094
273.793057761822
339.691914540661
297.896029848064
294.495790994857
313.122242659509
313.054969985045
331.87033451673
289.01639109423
306.842146037353
278.071991040856
338.912578245606
283.090621092097
340.197715104889
349.342125922883
288.162463707921
309.979183071856
278.444275641401
310.359615226854
354.520707238414
273.23839331346
306.036164531024
335.5937669567
335.773682784219
358.474095475673
339.093305485128
309.439071739458
288.659837720592
334.118786935622
341.134529837804
329.662836893596
349.151145698547
273.015068281059
326.874963268389
326.570497813485
325.076471743522
297.540482097811
291.678298086313
302.631499374685
341.527728167814
282.145972119028
303.862743959225
321.804632381236
314.837302297419
333.04220658255
273.167436254846
338.929993319751
333.154258577046
288.596392949415
354.951962630977
291.98932829922
351.672971901266
307.504147859381
323.80478806468
319.179394811334
284.500608408638
337.001527572235
296.273387999749
284.492130932771
302.377526177254
323.12735265682
274.926207369417
289.745722539041
344.952953583049
321.759667538807
309.746545822682
356.607285947462
281.104114837434
310.48908395829
272.986803125225
293.268532148708
331.986818533011
324.457425294091
344.014646787466
299.827459975977
325.844169964483
280.833017727389
321.742406647997
328.245943376525
306.807852133981
283.286343780733
311.854772173445
307.519786344521
312.696252366967
311.064966562885
319.007863413698
304.067943374878
355.931671244801
277.370020530877
331.55367796457
315.367719306808
349.281460264911
353.637454853346
300.127315872681
342.372493563833
322.149921632516
275.67703646467
313.352833111885
343.17607088265
304.574838980129
292.479046665188
279.21385987645
289.90844041569
347.616947903912
317.284018107616
330.925885760093
320.469419125686
326.560360742974
301.100359065883
327.280827372368
298.360060163242
334.916689037655
327.89122195161
345.752392288004
301.373584651798
282.856579259428
324.796586087389
304.37539435833
319.678533512222
348.71882674866
323.033007697127
315.585264725304
314.880129822279
343.345617353311
329.304709184714
285.874376436691
316.714574146997
317.079642246635
282.052963507059
352.482727375426
353.876084249859
291.872306600949
313.352703480967
282.342117934291
340.003024409323
315.355682765913
297.387846921614
315.650107296601
316.197341384117
279.655302093692
354.295114091581
284.598105166989
309.861008547653
304.127676653743
306.544048271266
295.221902997665
309.763148079133
316.340450605708
344.68929830749
273.628887346696
289.185589055917
351.593891502249
283.941691029982
351.161094938514
311.881560662699
298.113256602936
347.44823595734
355.987409942708
306.589566743916
328.452077913555
302.992962137192
344.755478725848
320.502079417152
273.303291633256
295.716517825347
329.262988200815
290.839041450779
286.665608680355
293.886039290232
319.048457375337
316.931655731765
317.449258414167
334.408684658972
303.445564987663
339.759945455459
316.92936956412
326.242350655692
336.756771252808
302.480546678368
315.517410160065
321.183177667635
305.662381093153
316.963076282636
355.755180169138
330.672679803655
335.221614071948
358.018784337172
346.668112484451
340.125234589595
292.018790915762
332.956559447073
321.267530787996
279.794245082481
294.51573729372
331.110558705876
319.300460725
277.337474853623
354.266871405159
334.911920487603
321.788158747624
346.052833105479
328.313790658888
318.178143003693
340.645989942942
324.136702470668
0.74522555466126
4.62782254541971
1.852978705615
3.18189853264258
0.698491223938905
0.390878139645765
1.20790881671793
3.23116236938937
10.5718206579377
275.671854248067
267.547226719502
269.421668818397
267.7543236295
269.51954867093
269.238150347105
267.091374249573
268.716862643681
308.792085466017
285.804570091094
297.720923176471
279.728426475395
311.993946168254
306.225445916139
303.117449244553
290.366350928358
273.648604425104
0
315.000725650587
270
0
